"IndividualId","Time [min]","Organism|PeripheralVenousBlood|average compound|Plasma (Peripheral Venous Blood) [µmol/l]"
0,0,0
0,0.3333333,1.155996E-10
0,0.6666667,4.223629E-08
0,1,9.313188E-07
0,1.333333,6.910012E-06
0,1.666667,2.923386E-05
0,2,8.834221E-05
0,2.333333,0.000214017
0,2.666667,0.0004441148
0,3,0.0008226683
0,3.333333,0.001397874
0,3.666667,0.002220248
0,4,0.003341085
0,4.333333,0.00481115
0,4.666667,0.006679671
0,5,0.008993561
0,5.333333,0.01179681
0,5.666667,0.01513002
0,6,0.01902998
0,6.333333,0.02352941
0,6.666667,0.02865683
0,7,0.03443652
0,7.333333,0.04088844
0,7.666667,0.04802833
0,8,0.05586774
0,8.333333,0.06441423
0,8.666667,0.07367145
0,9,0.08363946
0,9.333333,0.09431503
0,9.666667,0.1056917
0,10,0.1177602
0,10.33333,0.1305087
0,10.66667,0.1439231
0,11,0.1579872
0,11.33333,0.1726833
0,11.66667,0.1879921
0,12,0.2038931
0,12.33333,0.2203648
0,12.66667,0.2373849
0,13,0.2549306
0,13.33333,0.2729784
0,13.66667,0.2915049
0,14,0.3104863
0,14.33333,0.3298987
0,14.66667,0.3497184
0,15,0.369922
0,15.33333,0.3904863
0,15.66667,0.4113885
0,16,0.432606
0,16.33333,0.4541171
0,16.66667,0.4759003
0,17,0.4979346
0,17.33333,0.5201997
0,17.66667,0.5426759
0,18,0.5653439
0,18.33333,0.5881851
0,18.66667,0.6111816
0,19,0.6343161
0,19.33333,0.6575719
0,19.66667,0.6809332
0,20,0.7043843
0,20.33333,0.7279105
0,20.66667,0.7514976
0,21,0.7751318
0,21.33333,0.7987999
0,21.66667,0.8224896
0,22,0.8461888
0,22.33333,0.8698863
0,22.66667,0.8935713
0,23,0.9172332
0,23.33333,0.9408625
0,23.66667,0.9644495
0,24,0.9879854
0,24.33333,1.011462
0,24.66667,1.03487
0,25,1.058203
0,25.33333,1.081455
0,25.66667,1.104617
0,26,1.127683
0,26.33333,1.150648
0,26.66667,1.173506
0,27,1.196252
0,27.33333,1.21888
0,27.66667,1.241386
0,28,1.263765
0,28.33333,1.286014
0,28.66667,1.308128
0,29,1.330104
0,29.33333,1.35194
0,29.66667,1.373631
0,30,1.395175
0,30.33333,1.416569
0,30.66667,1.437812
0,31,1.4589
0,31.33333,1.479833
0,31.66667,1.500608
0,32,1.521223
0,32.33333,1.541678
0,32.66667,1.561971
0,33,1.582101
0,33.33333,1.602067
0,33.66667,1.621868
0,34,1.641504
0,34.33333,1.660975
0,34.66667,1.680279
0,35,1.699416
0,35.33333,1.718387
0,35.66667,1.737191
0,36,1.755829
0,36.33333,1.774299
0,36.66667,1.792604
0,37,1.810742
0,37.33333,1.828715
0,37.66667,1.846523
0,38,1.864165
0,38.33333,1.881644
0,38.66667,1.89896
0,39,1.916112
0,39.33333,1.933103
0,39.66667,1.949932
0,40,1.966601
0,40.33333,1.983111
0,40.66667,1.999462
0,41,2.015656
0,41.33333,2.031693
0,41.66667,2.047575
0,42,2.063303
0,42.33333,2.078877
0,42.66667,2.094299
0,43,2.109571
0,43.33333,2.124694
0,43.66667,2.139668
0,44,2.154494
0,44.33333,2.169175
0,44.66667,2.183712
0,45,2.198105
0,45.33333,2.212356
0,45.66667,2.226467
0,46,2.240438
0,46.33333,2.254271
0,46.66667,2.267968
0,47,2.281529
0,47.33333,2.294956
0,47.66667,2.30825
0,48,2.321413
0,48.33333,2.334446
0,48.66667,2.34735
0,49,2.360127
0,49.33333,2.372777
0,49.66667,2.385303
0,50,2.397705
0,50.33333,2.409986
0,50.66667,2.422145
0,51,2.434185
0,51.33333,2.446106
0,51.66667,2.457911
0,52,2.4696
0,52.33333,2.481175
0,52.66667,2.492637
0,53,2.503988
0,53.33333,2.515227
0,53.66667,2.526358
0,54,2.53738
0,54.33333,2.548296
0,54.66667,2.559107
0,55,2.569813
0,55.33333,2.580416
0,55.66667,2.590918
0,56,2.601319
0,56.33333,2.61162
0,56.66667,2.621823
0,57,2.631929
0,57.33333,2.641939
0,57.66667,2.651854
0,58,2.661676
0,58.33333,2.671404
0,58.66667,2.681042
0,59,2.690589
0,59.33333,2.700046
0,59.66667,2.709415
0,60,2.718697
0,60.33333,2.727892
0,60.66667,2.737003
0,61,2.746028
0,61.33333,2.754971
0,61.66667,2.763831
0,62,2.77261
0,62.33333,2.781308
0,62.66667,2.789927
0,63,2.798468
0,63.33333,2.806931
0,63.66667,2.815318
0,64,2.823628
0,64.33334,2.831865
0,64.66666,2.840027
0,65,2.848117
0,65.33334,2.856134
0,65.66666,2.86408
0,66,2.871956
0,66.33334,2.879762
0,66.66666,2.8875
0,67,2.895169
0,67.33334,2.902771
0,67.66666,2.910307
0,68,2.917777
0,68.33334,2.925182
0,68.66666,2.932523
0,69,2.9398
0,69.33334,2.947014
0,69.66666,2.954166
0,70,2.961257
0,70.33334,2.968287
0,70.66666,2.975258
0,71,2.98217
0,71.33334,2.989023
0,71.66666,2.995818
0,72,3.002556
0,72.33334,3.009238
0,72.66666,3.015865
0,73,3.022436
0,73.33334,3.028953
0,73.66666,3.035415
0,74,3.041824
0,74.33334,3.04818
0,74.66666,3.054484
0,75,3.060736
0,75.33334,3.066936
0,75.66666,3.073086
0,76,3.079186
0,76.33334,3.085236
0,76.66666,3.091238
0,77,3.097191
0,77.33334,3.103096
0,77.66666,3.108955
0,78,3.114767
0,78.33334,3.120533
0,78.66666,3.126253
0,79,3.131928
0,79.33334,3.137558
0,79.66666,3.143144
0,80,3.148685
0,80.33334,3.154183
0,80.66666,3.159637
0,81,3.16505
0,81.33334,3.17042
0,81.66666,3.175749
0,82,3.181036
0,82.33334,3.186283
0,82.66666,3.19149
0,83,3.196656
0,83.33334,3.201782
0,83.66666,3.20687
0,84,3.211919
0,84.33334,3.216929
0,84.66666,3.221902
0,85,3.226837
0,85.33334,3.231735
0,85.66666,3.236596
0,86,3.24142
0,86.33334,3.246208
0,86.66666,3.250961
0,87,3.255678
0,87.33334,3.26036
0,87.66666,3.265007
0,88,3.26962
0,88.33334,3.274199
0,88.66666,3.278743
0,89,3.283255
0,89.33334,3.287733
0,89.66666,3.292178
0,90,3.296591
0,90.33334,3.300972
0,90.66666,3.305322
0,91,3.30964
0,91.33334,3.313926
0,91.66666,3.318182
0,92,3.322407
0,92.33334,3.326601
0,92.66666,3.330765
0,93,3.334899
0,93.33334,3.339004
0,93.66666,3.34308
0,94,3.347126
0,94.33334,3.351144
0,94.66666,3.355134
0,95,3.359095
0,95.33334,3.363028
0,95.66666,3.366934
0,96,3.370812
0,96.33334,3.374663
0,96.66666,3.378487
0,97,3.382284
0,97.33334,3.386055
0,97.66666,3.389799
0,98,3.393517
0,98.33334,3.39721
0,98.66666,3.400877
0,99,3.404518
0,99.33334,3.408134
0,99.66666,3.411726
0,100,3.415293
0,100.3333,3.418835
0,100.6667,3.422352
0,101,3.425846
0,101.3333,3.429316
0,101.6667,3.432761
0,102,3.436184
0,102.3333,3.439583
0,102.6667,3.442959
0,103,3.446312
0,103.3333,3.449642
0,103.6667,3.45295
0,104,3.456236
0,104.3333,3.459498
0,104.6667,3.462739
0,105,3.465957
0,105.3333,3.469153
0,105.6667,3.472327
0,106,3.475478
0,106.3333,3.478605
0,106.6667,3.481706
0,107,3.484773
0,107.3333,3.4878
0,107.6667,3.490777
0,108,3.493693
0,108.3333,3.496535
0,108.6667,3.49929
0,109,3.501945
0,109.3333,3.504488
0,109.6667,3.506908
0,110,3.509193
0,110.3333,3.511333
0,110.6667,3.513318
0,111,3.51514
0,111.3333,3.516793
0,111.6667,3.518267
0,112,3.519557
0,112.3333,3.52066
0,112.6667,3.521569
0,113,3.522281
0,113.3333,3.522794
0,113.6667,3.523103
0,114,3.523208
0,114.3333,3.523106
0,114.6667,3.522797
0,115,3.52228
0,115.3333,3.521558
0,115.6667,3.520626
0,116,3.519484
0,116.3333,3.518135
0,116.6667,3.516581
0,117,3.514825
0,117.3333,3.512864
0,117.6667,3.510697
0,118,3.508329
0,118.3333,3.505763
0,118.6667,3.503
0,119,3.50004
0,119.3333,3.496883
0,119.6667,3.493533
0,120,3.489993
0,120.3333,3.486264
0,120.6667,3.482347
0,121,3.478243
0,121.3333,3.473955
0,121.6667,3.469486
0,122,3.464837
0,122.3333,3.46001
0,122.6667,3.455007
0,123,3.44983
0,123.3333,3.444481
0,123.6667,3.438962
0,124,3.433276
0,124.3333,3.427424
0,124.6667,3.421409
0,125,3.415231
0,125.3333,3.408895
0,125.6667,3.402401
0,126,3.395751
0,126.3333,3.388947
0,126.6667,3.381992
0,127,3.374887
0,127.3333,3.367634
0,127.6667,3.360236
0,128,3.352695
0,128.3333,3.345012
0,128.6667,3.337187
0,129,3.329224
0,129.3333,3.321124
0,129.6667,3.31289
0,130,3.304523
0,130.3333,3.296026
0,130.6667,3.287399
0,131,3.278644
0,131.3333,3.269762
0,131.6667,3.260755
0,132,3.251625
0,132.3333,3.242373
0,132.6667,3.233002
0,133,3.223512
0,133.3333,3.213906
0,133.6667,3.204183
0,134,3.194346
0,134.3333,3.184397
0,134.6667,3.174336
0,135,3.164165
0,135.3333,3.153886
0,135.6667,3.143499
0,136,3.133006
0,136.3333,3.122409
0,136.6667,3.111708
0,137,3.100904
0,137.3333,3.09
0,137.6667,3.078996
0,138,3.067894
0,138.3333,3.056694
0,138.6667,3.045397
0,139,3.034006
0,139.3333,3.022521
0,139.6667,3.010943
0,140,2.999273
0,140.3333,2.987513
0,140.6667,2.975663
0,141,2.963725
0,141.3333,2.951699
0,141.6667,2.939586
0,142,2.927389
0,142.3333,2.915107
0,142.6667,2.902741
0,143,2.890293
0,143.3333,2.877764
0,143.6667,2.865154
0,144,2.852464
0,144.3333,2.839695
0,144.6667,2.826849
0,145,2.813926
0,145.3333,2.800926
0,145.6667,2.787852
0,146,2.774703
0,146.3333,2.761481
0,146.6667,2.748185
0,147,2.734818
0,147.3333,2.72138
0,147.6667,2.70787
0,148,2.694292
0,148.3333,2.680645
0,148.6667,2.666929
0,149,2.653147
0,149.3333,2.639298
0,149.6667,2.625383
0,150,2.611403
0,150.3333,2.597358
0,150.6667,2.58325
0,151,2.569078
0,151.3333,2.554844
0,151.6667,2.540548
0,152,2.52619
0,152.3333,2.511773
0,152.6667,2.497295
0,153,2.482759
0,153.3333,2.468164
0,153.6667,2.453511
0,154,2.4388
0,154.3333,2.424033
0,154.6667,2.409209
0,155,2.39433
0,155.3333,2.379396
0,155.6667,2.364407
0,156,2.349365
0,156.3333,2.334269
0,156.6667,2.31912
0,157,2.303919
0,157.3333,2.288666
0,157.6667,2.273362
0,158,2.258008
0,158.3333,2.242604
0,158.6667,2.22715
0,159,2.211651
0,159.3333,2.196112
0,159.6667,2.18054
0,160,2.164946
0,160.3333,2.149344
0,160.6667,2.133747
0,161,2.118169
0,161.3333,2.102625
0,161.6667,2.08713
0,162,2.071697
0,162.3333,2.056339
0,162.6667,2.041067
0,163,2.025894
0,163.3333,2.010829
0,163.6667,1.99588
0,164,1.981056
0,164.3333,1.966363
0,164.6667,1.951808
0,165,1.937395
0,165.3333,1.923128
0,165.6667,1.909012
0,166,1.895049
0,166.3333,1.881241
0,166.6667,1.867591
0,167,1.854099
0,167.3333,1.840766
0,167.6667,1.827593
0,168,1.81458
0,168.3333,1.801726
0,168.6667,1.78903
0,169,1.776493
0,169.3333,1.764113
0,169.6667,1.751889
0,170,1.739819
0,170.3333,1.727901
0,170.6667,1.716136
0,171,1.704519
0,171.3333,1.69305
0,171.6667,1.681726
0,172,1.670546
0,172.3333,1.659508
0,172.6667,1.648609
0,173,1.637847
0,173.3333,1.62722
0,173.6667,1.616726
0,174,1.606363
0,174.3333,1.596129
0,174.6667,1.586021
0,175,1.576038
0,175.3333,1.566176
0,175.6667,1.556435
0,176,1.546811
0,176.3333,1.537303
0,176.6667,1.527909
0,177,1.518627
0,177.3333,1.509454
0,177.6667,1.500389
0,178,1.491429
0,178.3333,1.482573
0,178.6667,1.473819
0,179,1.465165
0,179.3333,1.45661
0,179.6667,1.44815
0,180,1.439785
0,181,1.415242
0,182,1.391489
0,183,1.368486
0,184,1.346192
0,185,1.324571
0,186,1.303587
0,187,1.28321
0,188,1.263409
0,189,1.244156
0,190,1.225422
0,191,1.207182
0,192,1.189408
0,193,1.172075
0,194,1.155163
0,195,1.138652
0,196,1.122524
0,197,1.106762
0,198,1.091353
0,199,1.076282
0,200,1.061538
0,201,1.047109
0,202,1.032983
0,203,1.019152
0,204,1.005605
0,205,0.992334
0,206,0.9793307
0,207,0.966587
0,208,0.9540955
0,209,0.9418493
0,210,0.9298415
0,211,0.918066
0,212,0.9065164
0,213,0.895187
0,214,0.884072
0,215,0.8731661
0,216,0.8624641
0,217,0.8519611
0,218,0.8416522
0,219,0.8315331
0,220,0.8215991
0,221,0.8118463
0,222,0.8022702
0,223,0.7928671
0,224,0.7836331
0,225,0.7745644
0,226,0.7656574
0,227,0.7569087
0,228,0.7483147
0,229,0.7398725
0,230,0.7315785
0,231,0.7234299
0,232,0.7154236
0,233,0.7075566
0,234,0.6998262
0,235,0.6922294
0,236,0.6847638
0,237,0.6774266
0,238,0.6702153
0,239,0.6631274
0,240,0.6561603
0,241,0.6493118
0,242,0.6425797
0,243,0.6359615
0,244,0.6294551
0,245,0.6230583
0,246,0.6167691
0,247,0.6105854
0,248,0.6045052
0,249,0.5985265
0,250,0.5926474
0,251,0.5868661
0,252,0.5811806
0,253,0.5755894
0,254,0.5700904
0,255,0.5646821
0,256,0.5593628
0,257,0.5541309
0,258,0.5489846
0,259,0.5439225
0,260,0.538943
0,261,0.5340446
0,262,0.5292258
0,263,0.5244852
0,264,0.5198214
0,265,0.5152329
0,266,0.5107185
0,267,0.5062767
0,268,0.5019062
0,269,0.4976058
0,270,0.4933743
0,271,0.4892103
0,272,0.4851128
0,273,0.4810804
0,274,0.4771121
0,275,0.4732066
0,276,0.4693629
0,277,0.46558
0,278,0.4618566
0,279,0.4581918
0,280,0.4545845
0,281,0.4510337
0,282,0.4475384
0,283,0.4440977
0,284,0.4407105
0,285,0.4373759
0,286,0.4340931
0,287,0.4308611
0,288,0.427679
0,289,0.4245459
0,290,0.421461
0,291,0.4184235
0,292,0.4154325
0,293,0.4124871
0,294,0.4095867
0,295,0.4067305
0,296,0.4039176
0,297,0.4011473
0,298,0.3984188
0,299,0.3957316
0,300,0.3930848
0,301,0.3904777
0,302,0.3879096
0,303,0.3853799
0,304,0.382888
0,305,0.3804331
0,306,0.3780146
0,307,0.3756319
0,308,0.3732843
0,309,0.3709714
0,310,0.3686924
0,311,0.3664469
0,312,0.3642341
0,313,0.3620536
0,314,0.3599048
0,315,0.3577872
0,316,0.3557001
0,317,0.3536432
0,318,0.3516159
0,319,0.3496177
0,320,0.347648
0,321,0.3457064
0,322,0.3437925
0,323,0.3419057
0,324,0.3400455
0,325,0.3382116
0,326,0.3364035
0,327,0.3346207
0,328,0.3328629
0,329,0.3311295
0,330,0.3294201
0,331,0.3277345
0,332,0.3260721
0,333,0.3244325
0,334,0.3228155
0,335,0.3212205
0,336,0.3196473
0,337,0.3180954
0,338,0.3165645
0,339,0.3150542
0,340,0.3135642
0,341,0.3120942
0,342,0.3106438
0,343,0.3092126
0,344,0.3078004
0,345,0.3064069
0,346,0.3050317
0,347,0.3036744
0,348,0.3023349
0,349,0.3010128
0,350,0.2997078
0,351,0.2984197
0,352,0.2971481
0,353,0.2958927
0,354,0.2946534
0,355,0.2934298
0,356,0.2922217
0,357,0.2910287
0,358,0.2898508
0,359,0.2886875
0,360,0.2875387
0,361,0.2864041
0,362,0.2852835
0,363,0.2841766
0,364,0.2830833
0,365,0.2820033
0,366,0.2809363
0,367,0.2798822
0,368,0.2788407
0,369,0.2778116
0,370,0.2767948
0,371,0.27579
0,372,0.2747971
0,373,0.2738158
0,374,0.2728459
0,375,0.2718872
0,376,0.2709396
0,377,0.270003
0,378,0.269077
0,379,0.2681615
0,380,0.2672564
0,381,0.2663615
0,382,0.2654766
0,383,0.2646015
0,384,0.2637362
0,385,0.2628803
0,386,0.2620339
0,387,0.2611967
0,388,0.2603685
0,389,0.2595493
0,390,0.2587388
0,391,0.257937
0,392,0.2571437
0,393,0.2563588
0,394,0.255582
0,395,0.2548134
0,396,0.2540527
0,397,0.2532999
0,398,0.2525547
0,399,0.2518172
0,400,0.2510871
0,401,0.2503643
0,402,0.2496488
0,403,0.2489403
0,404,0.2482389
0,405,0.2475443
0,406,0.2468565
0,407,0.2461754
0,408,0.2455008
0,409,0.2448327
0,410,0.2441709
0,411,0.2435154
0,412,0.242866
0,413,0.2422227
0,414,0.2415853
0,415,0.2409538
0,416,0.240328
0,417,0.239708
0,418,0.2390935
0,419,0.2384845
0,420,0.2378809
0,421,0.2372827
0,422,0.2366897
0,423,0.2361019
0,424,0.2355191
0,425,0.2349414
0,426,0.2343686
0,427,0.2338006
0,428,0.2332374
0,429,0.232679
0,430,0.2321251
0,431,0.2315758
0,432,0.231031
0,433,0.2304906
0,434,0.2299546
0,435,0.2294229
0,436,0.2288953
0,437,0.2283719
0,438,0.2278527
0,439,0.2273374
0,440,0.2268261
0,441,0.2263187
0,442,0.2258152
0,443,0.2253155
0,444,0.2248195
0,445,0.2243272
0,446,0.2238385
0,447,0.2233534
0,448,0.2228718
0,449,0.2223936
0,450,0.2219189
0,451,0.2214475
0,452,0.2209795
0,453,0.2205147
0,454,0.2200531
0,455,0.2195947
0,456,0.2191394
0,457,0.2186872
0,458,0.218238
0,459,0.2177919
0,460,0.2173486
0,461,0.2169083
0,462,0.2164708
0,463,0.2160362
0,464,0.2156043
0,465,0.2151752
0,466,0.2147487
0,467,0.214325
0,468,0.2139038
0,469,0.2134853
0,470,0.2130693
0,471,0.2126558
0,472,0.2122448
0,473,0.2118362
0,474,0.2114301
0,475,0.2110263
0,476,0.2106249
0,477,0.2102257
0,478,0.2098289
0,479,0.2094343
0,480,0.209042
0,481,0.2086518
0,482,0.2082638
0,483,0.2078779
0,484,0.2074941
0,485,0.2071124
0,486,0.2067327
0,487,0.2063551
0,488,0.2059794
0,489,0.2056057
0,490,0.205234
0,491,0.2048641
0,492,0.2044962
0,493,0.2041301
0,494,0.2037658
0,495,0.2034034
0,496,0.2030427
0,497,0.2026839
0,498,0.2023267
0,499,0.2019713
0,500,0.2016176
0,501,0.2012656
0,502,0.2009152
0,503,0.2005665
0,504,0.2002194
0,505,0.1998739
0,506,0.1995299
0,507,0.1991875
0,508,0.1988467
0,509,0.1985074
0,510,0.1981696
0,511,0.1978333
0,512,0.1974984
0,513,0.197165
0,514,0.196833
0,515,0.1965025
0,516,0.1961733
0,517,0.1958455
0,518,0.1955191
0,519,0.195194
0,520,0.1948703
0,521,0.1945478
0,522,0.1942267
0,523,0.1939069
0,524,0.1935883
0,525,0.193271
0,526,0.192955
0,527,0.1926401
0,528,0.1923265
0,529,0.1920141
0,530,0.1917029
0,531,0.1913928
0,532,0.191084
0,533,0.1907762
0,534,0.1904696
0,535,0.1901641
0,536,0.1898598
0,537,0.1895565
0,538,0.1892543
0,539,0.1889532
0,540,0.1886532
0,541,0.1883543
0,542,0.1880563
0,543,0.1877594
0,544,0.1874636
0,545,0.1871687
0,546,0.1868749
0,547,0.186582
0,548,0.1862901
0,549,0.1859992
0,550,0.1857093
0,551,0.1854203
0,552,0.1851322
0,553,0.1848451
0,554,0.1845589
0,555,0.1842737
0,556,0.1839893
0,557,0.1837059
0,558,0.1834233
0,559,0.1831416
0,560,0.1828608
0,561,0.1825809
0,562,0.1823018
0,563,0.1820236
0,564,0.1817462
0,565,0.1814697
0,566,0.181194
0,567,0.1809191
0,568,0.180645
0,569,0.1803717
0,570,0.1800992
0,571,0.1798276
0,572,0.1795567
0,573,0.1792866
0,574,0.1790172
0,575,0.1787487
0,576,0.1784808
0,577,0.1782138
0,578,0.1779475
0,579,0.1776819
0,580,0.1774171
0,581,0.177153
0,582,0.1768896
0,583,0.176627
0,584,0.176365
0,585,0.1761038
0,586,0.1758433
0,587,0.1755834
0,588,0.1753243
0,589,0.1750658
0,590,0.174808
0,591,0.1745509
0,592,0.1742945
0,593,0.1740387
0,594,0.1737836
0,595,0.1735291
0,596,0.1732754
0,597,0.1730222
0,598,0.1727697
0,599,0.1725178
0,600,0.1722666
0,601,0.1720159
0,602,0.1717659
0,603,0.1715166
0,604,0.1712678
0,605,0.1710197
0,606,0.1707721
0,607,0.1705252
0,608,0.1702789
0,609,0.1700331
0,610,0.169788
0,611,0.1695434
0,612,0.1692994
0,613,0.169056
0,614,0.1688132
0,615,0.168571
0,616,0.1683293
0,617,0.1680882
0,618,0.1678476
0,619,0.1676077
0,620,0.1673682
0,621,0.1671293
0,622,0.166891
0,623,0.1666532
0,624,0.166416
0,625,0.1661793
0,626,0.1659431
0,627,0.1657075
0,628,0.1654724
0,629,0.1652378
0,630,0.1650038
0,631,0.1647702
0,632,0.1645372
0,633,0.1643047
0,634,0.1640728
0,635,0.1638413
0,636,0.1636104
0,637,0.1633799
0,638,0.16315
0,639,0.1629205
0,640,0.1626916
0,641,0.1624631
0,642,0.1622352
0,643,0.1620077
0,644,0.1617807
0,645,0.1615542
0,646,0.1613282
0,647,0.1611027
0,648,0.1608776
0,649,0.160653
0,650,0.1604289
0,651,0.1602052
0,652,0.1599821
0,653,0.1597594
0,654,0.1595372
0,655,0.1593154
0,656,0.1590941
0,657,0.1588732
0,658,0.1586528
0,659,0.1584329
0,660,0.1582134
0,661,0.1579944
0,662,0.1577758
0,663,0.1575576
0,664,0.1573399
0,665,0.1571227
0,666,0.1569058
0,667,0.1566895
0,668,0.1564735
0,669,0.156258
0,670,0.1560429
0,671,0.1558283
0,672,0.155614
0,673,0.1554003
0,674,0.1551869
0,675,0.154974
0,676,0.1547615
0,677,0.1545494
0,678,0.1543377
0,679,0.1541265
0,680,0.1539156
0,681,0.1537052
0,682,0.1534952
0,683,0.1532856
0,684,0.1530764
0,685,0.1528676
0,686,0.1526593
0,687,0.1524513
0,688,0.1522437
0,689,0.1520365
0,690,0.1518298
0,691,0.1516234
0,692,0.1514175
0,693,0.1512119
0,694,0.1510067
0,695,0.150802
0,696,0.1505976
0,697,0.1503936
0,698,0.15019
0,699,0.1499868
0,700,0.149784
0,701,0.1495815
0,702,0.1493795
0,703,0.1491778
0,704,0.1489765
0,705,0.1487756
0,706,0.1485751
0,707,0.1483749
0,708,0.1481752
0,709,0.1479758
0,710,0.1477768
0,711,0.1475781
0,712,0.1473799
0,713,0.147182
0,714,0.1469844
0,715,0.1467873
0,716,0.1465905
0,717,0.1463941
0,718,0.146198
0,719,0.1460023
0,720,0.145807
0,721,0.145612
0,722,0.1454174
0,723,0.1452232
0,724,0.1450293
0,725,0.1448358
0,726,0.1446426
0,727,0.1444498
0,728,0.1442573
0,729,0.1440652
0,730,0.1438735
0,731,0.1436821
0,732,0.1434911
0,733,0.1433004
0,734,0.14311
0,735,0.14292
0,736,0.1427304
0,737,0.1425411
0,738,0.1423521
0,739,0.1421635
0,740,0.1419753
0,741,0.1417874
0,742,0.1415998
0,743,0.1414126
0,744,0.1412257
0,745,0.1410391
0,746,0.1408529
0,747,0.140667
0,748,0.1404815
0,749,0.1402963
0,750,0.1401114
0,751,0.1399268
0,752,0.1397426
0,753,0.1395587
0,754,0.1393752
0,755,0.139192
0,756,0.1390091
0,757,0.1388265
0,758,0.1386443
0,759,0.1384624
0,760,0.1382808
0,761,0.1380995
0,762,0.1379186
0,763,0.137738
0,764,0.1375577
0,765,0.1373777
0,766,0.1371981
0,767,0.1370188
0,768,0.1368398
0,769,0.1366611
0,770,0.1364828
0,771,0.1363048
0,772,0.136127
0,773,0.1359496
0,774,0.1357726
0,775,0.1355958
0,776,0.1354193
0,777,0.1352432
0,778,0.1350673
0,779,0.1348918
0,780,0.1347166
0,781,0.1345417
0,782,0.1343671
0,783,0.1341928
0,784,0.1340188
0,785,0.1338452
0,786,0.1336718
0,787,0.1334987
0,788,0.1333259
0,789,0.1331535
0,790,0.1329813
0,791,0.1328095
0,792,0.1326379
0,793,0.1324666
0,794,0.1322957
0,795,0.132125
0,796,0.1319546
0,797,0.1317845
0,798,0.1316147
0,799,0.1314453
0,800,0.1312761
0,801,0.1311072
0,802,0.1309387
0,803,0.1307704
0,804,0.1306024
0,805,0.1304347
0,806,0.1302673
0,807,0.1301002
0,808,0.1299334
0,809,0.1297669
0,810,0.1296006
0,811,0.1294347
0,812,0.129269
0,813,0.1291036
0,814,0.1289386
0,815,0.1287738
0,816,0.1286092
0,817,0.128445
0,818,0.1282811
0,819,0.1281174
0,820,0.127954
0,821,0.1277909
0,822,0.1276281
0,823,0.1274655
0,824,0.1273033
0,825,0.1271413
0,826,0.1269795
0,827,0.1268181
0,828,0.1266569
0,829,0.1264961
0,830,0.1263354
0,831,0.1261751
0,832,0.126015
0,833,0.1258552
0,834,0.1256958
0,835,0.1255365
0,836,0.1253776
0,837,0.1252189
0,838,0.1250605
0,839,0.1249024
0,840,0.1247445
0,841,0.1245869
0,842,0.1244296
0,843,0.1242726
0,844,0.1241158
0,845,0.1239593
0,846,0.123803
0,847,0.123647
0,848,0.1234913
0,849,0.1233359
0,850,0.1231807
0,851,0.1230258
0,852,0.1228711
0,853,0.1227167
0,854,0.1225626
0,855,0.1224087
0,856,0.1222551
0,857,0.1221018
0,858,0.1219487
0,859,0.1217959
0,860,0.1216433
0,861,0.121491
0,862,0.121339
0,863,0.1211872
0,864,0.1210356
0,865,0.1208844
0,866,0.1207333
0,867,0.1205826
0,868,0.1204321
0,869,0.1202818
0,870,0.1201318
0,871,0.1199821
0,872,0.1198326
0,873,0.1196834
0,874,0.1195344
0,875,0.1193857
0,876,0.1192372
0,877,0.119089
0,878,0.118941
0,879,0.1187933
0,880,0.1186458
0,881,0.1184986
0,882,0.1183516
0,883,0.1182049
0,884,0.1180584
0,885,0.1179122
0,886,0.1177662
0,887,0.1176204
0,888,0.117475
0,889,0.1173297
0,890,0.1171847
0,891,0.1170399
0,892,0.1168954
0,893,0.1167512
0,894,0.1166071
0,895,0.1164634
0,896,0.1163198
0,897,0.1161765
0,898,0.1160335
0,899,0.1158906
0,900,0.1157481
0,901,0.1156057
0,902,0.1154636
0,903,0.1153218
0,904,0.1151802
0,905,0.1150388
0,906,0.1148976
0,907,0.1147567
0,908,0.1146161
0,909,0.1144756
0,910,0.1143354
0,911,0.1141955
0,912,0.1140557
0,913,0.1139162
0,914,0.113777
0,915,0.1136379
0,916,0.1134991
0,917,0.1133606
0,918,0.1132222
0,919,0.1130841
0,920,0.1129463
0,921,0.1128086
0,922,0.1126712
0,923,0.1125341
0,924,0.1123971
0,925,0.1122604
0,926,0.1121239
0,927,0.1119876
0,928,0.1118516
0,929,0.1117158
0,930,0.1115802
0,931,0.1114448
0,932,0.1113097
0,933,0.1111748
0,934,0.1110401
0,935,0.1109057
0,936,0.1107714
0,937,0.1106374
0,938,0.1105036
0,939,0.1103701
0,940,0.1102367
0,941,0.1101036
0,942,0.1099707
0,943,0.109838
0,944,0.1097056
0,945,0.1095733
0,946,0.1094413
0,947,0.1093095
0,948,0.109178
0,949,0.1090466
0,950,0.1089154
0,951,0.1087845
0,952,0.1086538
0,953,0.1085233
0,954,0.108393
0,955,0.108263
0,956,0.1081331
0,957,0.1080035
0,958,0.1078741
0,959,0.1077449
0,960,0.1076159
0,961,0.1074871
0,962,0.1073586
0,963,0.1072302
0,964,0.1071021
0,965,0.1069741
0,966,0.1068464
0,967,0.1067189
0,968,0.1065916
0,969,0.1064645
0,970,0.1063376
0,971,0.106211
0,972,0.1060845
0,973,0.1059582
0,974,0.1058322
0,975,0.1057064
0,976,0.1055807
0,977,0.1054553
0,978,0.1053301
0,979,0.1052051
0,980,0.1050803
0,981,0.1049557
0,982,0.1048313
0,983,0.1047071
0,984,0.1045831
0,985,0.1044593
0,986,0.1043357
0,987,0.1042124
0,988,0.1040892
0,989,0.1039662
0,990,0.1038434
0,991,0.1037209
0,992,0.1035985
0,993,0.1034763
0,994,0.1033543
0,995,0.1032326
0,996,0.103111
0,997,0.1029896
0,998,0.1028684
0,999,0.1027474
0,1000,0.1026267
0,1001,0.1025061
0,1002,0.1023857
0,1003,0.1022655
0,1004,0.1021455
0,1005,0.1020257
0,1006,0.1019061
0,1007,0.1017867
0,1008,0.1016674
0,1009,0.1015484
0,1010,0.1014296
0,1011,0.1013109
0,1012,0.1011925
0,1013,0.1010742
0,1014,0.1009562
0,1015,0.1008383
0,1016,0.1007206
0,1017,0.1006032
0,1018,0.1004859
0,1019,0.1003688
0,1020,0.1002518
0,1021,0.1001351
0,1022,0.1000186
0,1023,0.09990223
0,1024,0.09978607
0,1025,0.0996701
0,1026,0.09955432
0,1027,0.09943873
0,1028,0.09932332
0,1029,0.09920811
0,1030,0.09909307
0,1031,0.09897823
0,1032,0.09886356
0,1033,0.09874909
0,1034,0.09863479
0,1035,0.09852069
0,1036,0.09840677
0,1037,0.09829304
0,1038,0.09817948
0,1039,0.09806611
0,1040,0.09795292
0,1041,0.09783992
0,1042,0.0977271
0,1043,0.09761445
0,1044,0.09750199
0,1045,0.09738971
0,1046,0.09727762
0,1047,0.0971657
0,1048,0.09705396
0,1049,0.0969424
0,1050,0.09683103
0,1051,0.09671983
0,1052,0.09660881
0,1053,0.09649797
0,1054,0.0963873
0,1055,0.09627682
0,1056,0.09616651
0,1057,0.09605639
0,1058,0.09594643
0,1059,0.09583665
0,1060,0.09572706
0,1061,0.09561763
0,1062,0.09550838
0,1063,0.09539931
0,1064,0.09529041
0,1065,0.09518168
0,1066,0.09507313
0,1067,0.09496476
0,1068,0.09485656
0,1069,0.09474853
0,1070,0.09464067
0,1071,0.09453299
0,1072,0.09442548
0,1073,0.09431814
0,1074,0.09421097
0,1075,0.09410398
0,1076,0.09399716
0,1077,0.0938905
0,1078,0.09378402
0,1079,0.09367771
0,1080,0.09357156
0,1081,0.09346558
0,1082,0.09335978
0,1083,0.09325414
0,1084,0.09314867
0,1085,0.09304337
0,1086,0.09293824
0,1087,0.09283327
0,1088,0.09272847
0,1089,0.09262384
0,1090,0.09251937
0,1091,0.09241507
0,1092,0.09231094
0,1093,0.09220697
0,1094,0.09210317
0,1095,0.09199953
0,1096,0.09189606
0,1097,0.09179275
0,1098,0.09168961
0,1099,0.09158663
0,1100,0.09148381
0,1101,0.09138115
0,1102,0.09127866
0,1103,0.09117633
0,1104,0.09107417
0,1105,0.09097216
0,1106,0.09087031
0,1107,0.09076864
0,1108,0.09066711
0,1109,0.09056575
0,1110,0.09046455
0,1111,0.09036351
0,1112,0.09026263
0,1113,0.0901619
0,1114,0.09006134
0,1115,0.08996094
0,1116,0.0898607
0,1117,0.08976061
0,1118,0.08966068
0,1119,0.08956091
0,1120,0.0894613
0,1121,0.08936184
0,1122,0.08926254
0,1123,0.08916339
0,1124,0.0890644
0,1125,0.08896557
0,1126,0.0888669
0,1127,0.08876838
0,1128,0.08867002
0,1129,0.0885718
0,1130,0.08847374
0,1131,0.08837584
0,1132,0.08827809
0,1133,0.0881805
0,1134,0.08808305
0,1135,0.08798576
0,1136,0.08788862
0,1137,0.08779164
0,1138,0.0876948
0,1139,0.08759812
0,1140,0.08750159
0,1141,0.08740521
0,1142,0.08730898
0,1143,0.08721291
0,1144,0.08711698
0,1145,0.0870212
0,1146,0.08692557
0,1147,0.08683009
0,1148,0.08673476
0,1149,0.08663959
0,1150,0.08654456
0,1151,0.08644968
0,1152,0.08635495
0,1153,0.08626036
0,1154,0.08616592
0,1155,0.08607163
0,1156,0.08597749
0,1157,0.08588349
0,1158,0.08578964
0,1159,0.08569594
0,1160,0.08560238
0,1161,0.08550896
0,1162,0.0854157
0,1163,0.08532257
0,1164,0.0852296
0,1165,0.08513676
0,1166,0.08504408
0,1167,0.08495153
0,1168,0.08485913
0,1169,0.08476687
0,1170,0.08467476
0,1171,0.08458278
0,1172,0.08449095
0,1173,0.08439927
0,1174,0.08430772
0,1175,0.08421632
0,1176,0.08412506
0,1177,0.08403394
0,1178,0.08394296
0,1179,0.08385212
0,1180,0.08376142
0,1181,0.08367087
0,1182,0.08358045
0,1183,0.08349017
0,1184,0.08340003
0,1185,0.08331003
0,1186,0.08322017
0,1187,0.08313045
0,1188,0.08304086
0,1189,0.08295142
0,1190,0.08286211
0,1191,0.08277294
0,1192,0.08268391
0,1193,0.08259501
0,1194,0.08250625
0,1195,0.08241762
0,1196,0.08232914
0,1197,0.08224079
0,1198,0.08215257
0,1199,0.08206449
0,1200,0.08197655
0,1201,0.08188874
0,1202,0.08180106
0,1203,0.08171353
0,1204,0.08162612
0,1205,0.08153886
0,1206,0.08145171
0,1207,0.08136471
0,1208,0.08127785
0,1209,0.08119111
0,1210,0.08110451
0,1211,0.08101804
0,1212,0.0809317
0,1213,0.0808455
0,1214,0.08075942
0,1215,0.08067348
0,1216,0.08058767
0,1217,0.08050199
0,1218,0.08041644
0,1219,0.08033102
0,1220,0.08024573
0,1221,0.08016057
0,1222,0.08007555
0,1223,0.07999065
0,1224,0.07990588
0,1225,0.07982124
0,1226,0.07973673
0,1227,0.07965235
0,1228,0.0795681
0,1229,0.07948397
0,1230,0.07939997
0,1231,0.0793161
0,1232,0.07923236
0,1233,0.07914875
0,1234,0.07906526
0,1235,0.0789819
0,1236,0.07889866
0,1237,0.07881556
0,1238,0.07873257
0,1239,0.07864971
0,1240,0.07856698
0,1241,0.07848438
0,1242,0.0784019
0,1243,0.07831954
0,1244,0.07823732
0,1245,0.07815521
0,1246,0.07807323
0,1247,0.07799137
0,1248,0.07790963
0,1249,0.07782803
0,1250,0.07774654
0,1251,0.07766517
0,1252,0.07758394
0,1253,0.07750282
0,1254,0.07742182
0,1255,0.07734095
0,1256,0.0772602
0,1257,0.07717957
0,1258,0.07709906
0,1259,0.07701867
0,1260,0.07693841
0,1261,0.07685826
0,1262,0.07677823
0,1263,0.07669833
0,1264,0.07661854
0,1265,0.07653888
0,1266,0.07645934
0,1267,0.07637992
0,1268,0.07630061
0,1269,0.07622142
0,1270,0.07614236
0,1271,0.07606341
0,1272,0.07598457
0,1273,0.07590587
0,1274,0.07582727
0,1275,0.07574879
0,1276,0.07567044
0,1277,0.0755922
0,1278,0.07551407
0,1279,0.07543606
0,1280,0.07535817
0,1281,0.0752804
0,1282,0.07520274
0,1283,0.0751252
0,1284,0.07504778
0,1285,0.07497047
0,1286,0.07489327
0,1287,0.07481619
0,1288,0.07473923
0,1289,0.07466238
0,1290,0.07458565
0,1291,0.07450902
0,1292,0.07443252
0,1293,0.07435613
0,1294,0.07427985
0,1295,0.07420368
0,1296,0.07412764
0,1297,0.0740517
0,1298,0.07397588
0,1299,0.07390016
0,1300,0.07382456
0,1301,0.07374907
0,1302,0.0736737
0,1303,0.07359844
0,1304,0.07352329
0,1305,0.07344825
0,1306,0.07337332
0,1307,0.07329851
0,1308,0.0732238
0,1309,0.0731492
0,1310,0.07307472
0,1311,0.07300034
0,1312,0.07292608
0,1313,0.07285193
0,1314,0.07277788
0,1315,0.07270394
0,1316,0.07263011
0,1317,0.0725564
0,1318,0.07248279
0,1319,0.07240929
0,1320,0.07233589
0,1321,0.07226261
0,1322,0.07218944
0,1323,0.07211636
0,1324,0.0720434
0,1325,0.07197055
0,1326,0.0718978
0,1327,0.07182517
0,1328,0.07175263
0,1329,0.07168021
0,1330,0.07160789
0,1331,0.07153568
0,1332,0.07146357
0,1333,0.07139158
0,1334,0.07131968
0,1335,0.07124789
0,1336,0.07117621
0,1337,0.07110463
0,1338,0.07103316
0,1339,0.07096179
0,1340,0.07089052
0,1341,0.07081936
0,1342,0.07074831
0,1343,0.07067736
0,1344,0.07060651
0,1345,0.07053577
0,1346,0.07046513
0,1347,0.0703946
0,1348,0.07032416
0,1349,0.07025383
0,1350,0.0701836
0,1351,0.07011348
0,1352,0.07004346
0,1353,0.06997354
0,1354,0.06990372
0,1355,0.069834
0,1356,0.06976439
0,1357,0.06969488
0,1358,0.06962547
0,1359,0.06955615
0,1360,0.06948695
0,1361,0.06941783
0,1362,0.06934883
0,1363,0.06927992
0,1364,0.06921112
0,1365,0.06914241
0,1366,0.0690738
0,1367,0.0690053
0,1368,0.06893688
0,1369,0.06886857
0,1370,0.06880036
0,1371,0.06873225
0,1372,0.06866423
0,1373,0.06859632
0,1374,0.0685285
0,1375,0.06846078
0,1376,0.06839316
0,1377,0.06832563
0,1378,0.06825821
0,1379,0.06819088
0,1380,0.06812365
0,1381,0.06805652
0,1382,0.06798948
0,1383,0.06792253
0,1384,0.06785569
0,1385,0.06778894
0,1386,0.06772229
0,1387,0.06765573
0,1388,0.06758928
0,1389,0.06752291
0,1390,0.06745665
0,1391,0.06739047
0,1392,0.06732439
0,1393,0.06725841
0,1394,0.06719252
0,1395,0.06712673
0,1396,0.06706104
0,1397,0.06699543
0,1398,0.06692992
0,1399,0.06686451
0,1400,0.06679918
0,1401,0.06673396
0,1402,0.06666882
0,1403,0.06660378
0,1404,0.06653883
0,1405,0.06647398
0,1406,0.06640921
0,1407,0.06634454
0,1408,0.06627996
0,1409,0.06621548
0,1410,0.06615109
0,1411,0.06608678
0,1412,0.06602257
0,1413,0.06595846
0,1414,0.06589443
0,1415,0.0658305
0,1416,0.06576665
0,1417,0.06570291
0,1418,0.06563924
0,1419,0.06557567
0,1420,0.0655122
0,1421,0.06544881
0,1422,0.06538551
0,1423,0.0653223
0,1424,0.06525918
0,1425,0.06519615
0,1426,0.06513321
0,1427,0.06507035
0,1428,0.06500759
0,1429,0.06494492
0,1430,0.06488234
0,1431,0.06481984
0,1432,0.06475743
0,1433,0.06469511
0,1434,0.06463288
0,1435,0.06457074
0,1436,0.06450868
0,1437,0.06444672
0,1438,0.06438484
0,1439,0.06432305
0,1440,0.06426134
0,1441,0.06420065
0,1442,0.06422653
0,1443,0.06489943
0,1444,0.0673566
0,1445,0.07294782
0,1446,0.08292305
0,1447,0.09826879
0,1448,0.119639
0,1449,0.1473497
0,1450,0.1814093
0,1451,0.2215754
0,1452,0.2674213
0,1453,0.318399
0,1454,0.3738946
0,1455,0.4332698
0,1456,0.4958934
0,1457,0.5611616
0,1458,0.6285102
0,1459,0.6974221
0,1460,0.7674303
0,1461,0.8381173
0,1462,0.9091146
0,1463,0.9800993
0,1464,1.050791
0,1465,1.12095
0,1466,1.190371
0,1467,1.25888
0,1468,1.326333
0,1469,1.392614
0,1470,1.457625
0,1471,1.521291
0,1472,1.583555
0,1473,1.644374
0,1474,1.70372
0,1475,1.761573
0,1476,1.817926
0,1477,1.872781
0,1478,1.926144
0,1479,1.978032
0,1480,2.028462
0,1481,2.077459
0,1482,2.125048
0,1483,2.17126
0,1484,2.216126
0,1485,2.25968
0,1486,2.301955
0,1487,2.342987
0,1488,2.382813
0,1489,2.421468
0,1490,2.458988
0,1491,2.49541
0,1492,2.530768
0,1493,2.565098
0,1494,2.598435
0,1495,2.630811
0,1496,2.66226
0,1497,2.692813
0,1498,2.722503
0,1499,2.751359
0,1500,2.779409
0,1501,2.806684
0,1502,2.833209
0,1503,2.859011
0,1504,2.884116
0,1505,2.908548
0,1506,2.932331
0,1507,2.955486
0,1508,2.978037
0,1509,3.000004
0,1510,3.021406
0,1511,3.042264
0,1512,3.062596
0,1513,3.082418
0,1514,3.101749
0,1515,3.120605
0,1516,3.139001
0,1517,3.156952
0,1518,3.174472
0,1519,3.191576
0,1520,3.208278
0,1521,3.224589
0,1522,3.24052
0,1523,3.256084
0,1524,3.271292
0,1525,3.286155
0,1526,3.300682
0,1527,3.314885
0,1528,3.328773
0,1529,3.342354
0,1530,3.355638
0,1531,3.368632
0,1532,3.381345
0,1533,3.393784
0,1534,3.405958
0,1535,3.417873
0,1536,3.429536
0,1537,3.440954
0,1538,3.452134
0,1539,3.463081
0,1540,3.473801
0,1541,3.4843
0,1542,3.494585
0,1543,3.504659
0,1544,3.514528
0,1545,3.524196
0,1546,3.533664
0,1547,3.542906
0,1548,3.551773
0,1549,3.559972
0,1550,3.567167
0,1551,3.573061
0,1552,3.577425
0,1553,3.580097
0,1554,3.580972
0,1555,3.579991
0,1556,3.577143
0,1557,3.572429
0,1558,3.565882
0,1559,3.557539
0,1560,3.547439
0,1561,3.535636
0,1562,3.522178
0,1563,3.507119
0,1564,3.490514
0,1565,3.472418
0,1566,3.452886
0,1567,3.43197
0,1568,3.409727
0,1569,3.386205
0,1570,3.361452
0,1571,3.335521
0,1572,3.30845
0,1573,3.280285
0,1574,3.251069
0,1575,3.220836
0,1576,3.189626
0,1577,3.157473
0,1578,3.124412
0,1579,3.090473
0,1580,3.05569
0,1581,3.02009
0,1582,2.983704
0,1583,2.946558
0,1584,2.908678
0,1585,2.870089
0,1586,2.830816
0,1587,2.79088
0,1588,2.750304
0,1589,2.709108
0,1590,2.667314
0,1591,2.624939
0,1592,2.582002
0,1593,2.53852
0,1594,2.494511
0,1595,2.449992
0,1596,2.404977
0,1597,2.359481
0,1598,2.313521
0,1599,2.267114
0,1600,2.22036
0,1601,2.173532
0,1602,2.127011
0,1603,2.081159
0,1604,2.036272
0,1605,1.992561
0,1606,1.950166
0,1607,1.909167
0,1608,1.869598
0,1609,1.831463
0,1610,1.794739
0,1611,1.759391
0,1612,1.725369
0,1613,1.692621
0,1614,1.661089
0,1615,1.630715
0,1616,1.60144
0,1617,1.573207
0,1618,1.545961
0,1619,1.519649
0,1620,1.49422
0,1621,1.469628
0,1622,1.445828
0,1623,1.422776
0,1624,1.400434
0,1625,1.378765
0,1626,1.357734
0,1627,1.337309
0,1628,1.31746
0,1629,1.298159
0,1630,1.279378
0,1631,1.26109
0,1632,1.243268
0,1633,1.225888
0,1634,1.208929
0,1635,1.19237
0,1636,1.176195
0,1637,1.160386
0,1638,1.14493
0,1639,1.129812
0,1640,1.115021
0,1641,1.100544
0,1642,1.086372
0,1643,1.072493
0,1644,1.0589
0,1645,1.045582
0,1646,1.032532
0,1647,1.019742
0,1648,1.007204
0,1649,0.9949112
0,1650,0.982857
0,1651,0.971035
0,1652,0.9594392
0,1653,0.9480635
0,1654,0.9369024
0,1655,0.9259504
0,1656,0.9152023
0,1657,0.9046533
0,1658,0.8942986
0,1659,0.8841335
0,1660,0.8741537
0,1661,0.8643551
0,1662,0.8547333
0,1663,0.8452846
0,1664,0.836005
0,1665,0.8268908
0,1666,0.8179383
0,1667,0.8091442
0,1668,0.8005049
0,1669,0.7920173
0,1670,0.7836782
0,1671,0.7754844
0,1672,0.767433
0,1673,0.7595209
0,1674,0.7517455
0,1675,0.7441038
0,1676,0.7365934
0,1677,0.7292113
0,1678,0.7219552
0,1679,0.7148225
0,1680,0.7078109
0,1681,0.7009178
0,1682,0.6941411
0,1683,0.6874784
0,1684,0.6809276
0,1685,0.6744865
0,1686,0.668153
0,1687,0.661925
0,1688,0.6558006
0,1689,0.6497778
0,1690,0.6438546
0,1691,0.6380292
0,1692,0.6322998
0,1693,0.6266646
0,1694,0.6211218
0,1695,0.6156697
0,1696,0.6103067
0,1697,0.605031
0,1698,0.5998411
0,1699,0.5947354
0,1700,0.5897124
0,1701,0.5847706
0,1702,0.5799084
0,1703,0.5751244
0,1704,0.5704173
0,1705,0.5657855
0,1706,0.5612279
0,1707,0.5567429
0,1708,0.5523294
0,1709,0.547986
0,1710,0.5437115
0,1711,0.5395046
0,1712,0.5353642
0,1713,0.531289
0,1714,0.5272779
0,1715,0.5233297
0,1716,0.5194434
0,1717,0.5156178
0,1718,0.5118519
0,1719,0.5081446
0,1720,0.5044948
0,1721,0.5009017
0,1722,0.4973641
0,1723,0.493881
0,1724,0.4904516
0,1725,0.4870749
0,1726,0.48375
0,1727,0.4804759
0,1728,0.4772518
0,1729,0.4740767
0,1730,0.4709499
0,1731,0.4678705
0,1732,0.4648377
0,1733,0.4618506
0,1734,0.4589086
0,1735,0.4560106
0,1736,0.4531561
0,1737,0.4503443
0,1738,0.4475744
0,1739,0.4448457
0,1740,0.4421575
0,1741,0.439509
0,1742,0.4368997
0,1743,0.4343288
0,1744,0.4317956
0,1745,0.4292996
0,1746,0.42684
0,1747,0.4244163
0,1748,0.4220278
0,1749,0.4196739
0,1750,0.4173541
0,1751,0.4150677
0,1752,0.4128142
0,1753,0.4105929
0,1754,0.4084035
0,1755,0.4062452
0,1756,0.4041176
0,1757,0.4020202
0,1758,0.3999524
0,1759,0.3979138
0,1760,0.3959037
0,1761,0.3939218
0,1762,0.3919676
0,1763,0.3900406
0,1764,0.3881403
0,1765,0.3862662
0,1766,0.384418
0,1767,0.3825952
0,1768,0.3807974
0,1769,0.3790241
0,1770,0.3772749
0,1771,0.3755494
0,1772,0.3738472
0,1773,0.3721679
0,1774,0.3705112
0,1775,0.3688766
0,1776,0.3672638
0,1777,0.3656723
0,1778,0.364102
0,1779,0.3625523
0,1780,0.3610229
0,1781,0.3595136
0,1782,0.3580238
0,1783,0.3565534
0,1784,0.3551021
0,1785,0.3536694
0,1786,0.352255
0,1787,0.3508587
0,1788,0.3494802
0,1789,0.3481192
0,1790,0.3467753
0,1791,0.3454483
0,1792,0.3441378
0,1793,0.3428438
0,1794,0.3415657
0,1795,0.3403034
0,1796,0.3390567
0,1797,0.3378252
0,1798,0.3366087
0,1799,0.3354069
0,1800,0.3342197
0,1801,0.3330467
0,1802,0.3318878
0,1803,0.3307426
0,1804,0.329611
0,1805,0.3284927
0,1806,0.3273876
0,1807,0.3262954
0,1808,0.3252158
0,1809,0.3241488
0,1810,0.323094
0,1811,0.3220513
0,1812,0.3210205
0,1813,0.3200013
0,1814,0.3189936
0,1815,0.3179972
0,1816,0.317012
0,1817,0.3160376
0,1818,0.315074
0,1819,0.314121
0,1820,0.3131784
0,1821,0.312246
0,1822,0.3113236
0,1823,0.3104112
0,1824,0.3095085
0,1825,0.3086154
0,1826,0.3077317
0,1827,0.3068573
0,1828,0.3059919
0,1829,0.3051356
0,1830,0.3042881
0,1831,0.3034493
0,1832,0.302619
0,1833,0.3017971
0,1834,0.3009835
0,1835,0.300178
0,1836,0.2993805
0,1837,0.2985909
0,1838,0.2978091
0,1839,0.2970348
0,1840,0.2962681
0,1841,0.2955087
0,1842,0.2947567
0,1843,0.2940117
0,1844,0.2932738
0,1845,0.2925429
0,1846,0.2918187
0,1847,0.2911012
0,1848,0.2903904
0,1849,0.2896861
0,1850,0.2889881
0,1851,0.2882964
0,1852,0.2876109
0,1853,0.2869315
0,1854,0.2862581
0,1855,0.2855906
0,1856,0.2849289
0,1857,0.284273
0,1858,0.2836226
0,1859,0.2829778
0,1860,0.2823385
0,1861,0.2817045
0,1862,0.2810759
0,1863,0.2804524
0,1864,0.2798341
0,1865,0.2792208
0,1866,0.2786125
0,1867,0.278009
0,1868,0.2774104
0,1869,0.2768165
0,1870,0.2762274
0,1871,0.2756428
0,1872,0.2750627
0,1873,0.2744871
0,1874,0.2739159
0,1875,0.273349
0,1876,0.2727863
0,1877,0.2722279
0,1878,0.2716736
0,1879,0.2711234
0,1880,0.2705772
0,1881,0.2700349
0,1882,0.2694965
0,1883,0.268962
0,1884,0.2684312
0,1885,0.2679042
0,1886,0.2673808
0,1887,0.266861
0,1888,0.2663448
0,1889,0.2658321
0,1890,0.2653228
0,1891,0.264817
0,1892,0.2643145
0,1893,0.2638153
0,1894,0.2633193
0,1895,0.2628266
0,1896,0.2623371
0,1897,0.2618506
0,1898,0.2613672
0,1899,0.2608869
0,1900,0.2604095
0,1901,0.2599351
0,1902,0.2594636
0,1903,0.2589949
0,1904,0.2585291
0,1905,0.258066
0,1906,0.2576057
0,1907,0.2571481
0,1908,0.2566932
0,1909,0.2562408
0,1910,0.2557911
0,1911,0.2553439
0,1912,0.2548992
0,1913,0.2544571
0,1914,0.2540173
0,1915,0.25358
0,1916,0.2531451
0,1917,0.2527125
0,1918,0.2522823
0,1919,0.2518543
0,1920,0.2514286
0,1921,0.2510051
0,1922,0.2505838
0,1923,0.2501647
0,1924,0.2497477
0,1925,0.2493329
0,1926,0.2489201
0,1927,0.2485093
0,1928,0.2481006
0,1929,0.2476939
0,1930,0.2472892
0,1931,0.2468865
0,1932,0.2464856
0,1933,0.2460867
0,1934,0.2456896
0,1935,0.2452944
0,1936,0.244901
0,1937,0.2445094
0,1938,0.2441196
0,1939,0.2437316
0,1940,0.2433453
0,1941,0.2429607
0,1942,0.2425778
0,1943,0.2421966
0,1944,0.2418171
0,1945,0.2414392
0,1946,0.2410629
0,1947,0.2406882
0,1948,0.240315
0,1949,0.2399435
0,1950,0.2395734
0,1951,0.2392049
0,1952,0.2388379
0,1953,0.2384724
0,1954,0.2381083
0,1955,0.2377457
0,1956,0.2373845
0,1957,0.2370248
0,1958,0.2366664
0,1959,0.2363095
0,1960,0.2359539
0,1961,0.2355996
0,1962,0.2352467
0,1963,0.2348951
0,1964,0.2345449
0,1965,0.2341959
0,1966,0.2338482
0,1967,0.2335017
0,1968,0.2331565
0,1969,0.2328126
0,1970,0.2324699
0,1971,0.2321284
0,1972,0.2317881
0,1973,0.231449
0,1974,0.231111
0,1975,0.2307743
0,1976,0.2304386
0,1977,0.2301042
0,1978,0.2297708
0,1979,0.2294386
0,1980,0.2291074
0,1981,0.2287773
0,1982,0.2284483
0,1983,0.2281204
0,1984,0.2277936
0,1985,0.2274677
0,1986,0.2271429
0,1987,0.2268192
0,1988,0.2264965
0,1989,0.2261747
0,1990,0.225854
0,1991,0.2255342
0,1992,0.2252155
0,1993,0.2248977
0,1994,0.2245808
0,1995,0.2242649
0,1996,0.22395
0,1997,0.223636
0,1998,0.2233229
0,1999,0.2230107
0,2000,0.2226994
0,2001,0.222389
0,2002,0.2220796
0,2003,0.221771
0,2004,0.2214633
0,2005,0.2211564
0,2006,0.2208504
0,2007,0.2205453
0,2008,0.220241
0,2009,0.2199376
0,2010,0.219635
0,2011,0.2193332
0,2012,0.2190322
0,2013,0.2187321
0,2014,0.2184328
0,2015,0.2181342
0,2016,0.2178365
0,2017,0.2175395
0,2018,0.2172433
0,2019,0.2169479
0,2020,0.2166533
0,2021,0.2163594
0,2022,0.2160663
0,2023,0.215774
0,2024,0.2154824
0,2025,0.2151915
0,2026,0.2149014
0,2027,0.214612
0,2028,0.2143233
0,2029,0.2140353
0,2030,0.2137481
0,2031,0.2134615
0,2032,0.2131757
0,2033,0.2128905
0,2034,0.2126061
0,2035,0.2123223
0,2036,0.2120392
0,2037,0.2117569
0,2038,0.2114751
0,2039,0.2111941
0,2040,0.2109137
0,2041,0.210634
0,2042,0.2103549
0,2043,0.2100765
0,2044,0.2097988
0,2045,0.2095216
0,2046,0.2092451
0,2047,0.2089693
0,2048,0.2086941
0,2049,0.2084195
0,2050,0.2081455
0,2051,0.2078721
0,2052,0.2075994
0,2053,0.2073273
0,2054,0.2070557
0,2055,0.2067848
0,2056,0.2065145
0,2057,0.2062448
0,2058,0.2059757
0,2059,0.2057072
0,2060,0.2054393
0,2061,0.2051719
0,2062,0.2049051
0,2063,0.2046389
0,2064,0.2043733
0,2065,0.2041082
0,2066,0.2038437
0,2067,0.2035798
0,2068,0.2033164
0,2069,0.2030536
0,2070,0.2027913
0,2071,0.2025296
0,2072,0.2022685
0,2073,0.2020079
0,2074,0.2017478
0,2075,0.2014883
0,2076,0.2012293
0,2077,0.2009708
0,2078,0.2007129
0,2079,0.2004555
0,2080,0.2001986
0,2081,0.1999423
0,2082,0.1996865
0,2083,0.1994312
0,2084,0.1991764
0,2085,0.1989221
0,2086,0.1986683
0,2087,0.1984151
0,2088,0.1981623
0,2089,0.1979101
0,2090,0.1976583
0,2091,0.1974071
0,2092,0.1971564
0,2093,0.1969061
0,2094,0.1966564
0,2095,0.1964071
0,2096,0.1961583
0,2097,0.1959101
0,2098,0.1956623
0,2099,0.1954149
0,2100,0.1951681
0,2101,0.1949218
0,2102,0.1946759
0,2103,0.1944305
0,2104,0.1941856
0,2105,0.1939411
0,2106,0.1936971
0,2107,0.1934536
0,2108,0.1932105
0,2109,0.192968
0,2110,0.1927258
0,2111,0.1924842
0,2112,0.192243
0,2113,0.1920022
0,2114,0.1917619
0,2115,0.1915221
0,2116,0.1912827
0,2117,0.1910437
0,2118,0.1908053
0,2119,0.1905672
0,2120,0.1903296
0,2121,0.1900924
0,2122,0.1898557
0,2123,0.1896195
0,2124,0.1893836
0,2125,0.1891482
0,2126,0.1889133
0,2127,0.1886787
0,2128,0.1884446
0,2129,0.1882109
0,2130,0.1879777
0,2131,0.1877449
0,2132,0.1875125
0,2133,0.1872806
0,2134,0.187049
0,2135,0.1868179
0,2136,0.1865873
0,2137,0.186357
0,2138,0.1861272
0,2139,0.1858977
0,2140,0.1856687
0,2141,0.1854401
0,2142,0.1852119
0,2143,0.1849841
0,2144,0.1847568
0,2145,0.1845298
0,2146,0.1843033
0,2147,0.1840771
0,2148,0.1838514
0,2149,0.1836261
0,2150,0.1834011
0,2151,0.1831766
0,2152,0.1829524
0,2153,0.1827287
0,2154,0.1825053
0,2155,0.1822824
0,2156,0.1820598
0,2157,0.1818376
0,2158,0.1816159
0,2159,0.1813945
0,2160,0.1811736
0,2161,0.180953
0,2162,0.1807328
0,2163,0.180513
0,2164,0.1802935
0,2165,0.1800745
0,2166,0.1798559
0,2167,0.1796376
0,2168,0.1794197
0,2169,0.1792022
0,2170,0.178985
0,2171,0.1787683
0,2172,0.1785519
0,2173,0.1783359
0,2174,0.1781203
0,2175,0.177905
0,2176,0.1776901
0,2177,0.1774756
0,2178,0.1772615
0,2179,0.1770477
0,2180,0.1768343
0,2181,0.1766212
0,2182,0.1764085
0,2183,0.1761962
0,2184,0.1759842
0,2185,0.1757727
0,2186,0.1755615
0,2187,0.1753506
0,2188,0.1751401
0,2189,0.17493
0,2190,0.1747202
0,2191,0.1745108
0,2192,0.1743018
0,2193,0.1740931
0,2194,0.1738847
0,2195,0.1736768
0,2196,0.1734691
0,2197,0.1732619
0,2198,0.1730549
0,2199,0.1728483
0,2200,0.1726421
0,2201,0.1724362
0,2202,0.1722307
0,2203,0.1720255
0,2204,0.1718207
0,2205,0.1716162
0,2206,0.1714121
0,2207,0.1712082
0,2208,0.1710048
0,2209,0.1708017
0,2210,0.1705989
0,2211,0.1703964
0,2212,0.1701944
0,2213,0.1699926
0,2214,0.1697912
0,2215,0.1695901
0,2216,0.1693894
0,2217,0.169189
0,2218,0.1689889
0,2219,0.1687892
0,2220,0.1685898
0,2221,0.1683907
0,2222,0.168192
0,2223,0.1679936
0,2224,0.1677956
0,2225,0.1675978
0,2226,0.1674004
0,2227,0.1672033
0,2228,0.1670066
0,2229,0.1668102
0,2230,0.1666141
0,2231,0.1664183
0,2232,0.1662229
0,2233,0.1660277
0,2234,0.1658329
0,2235,0.1656385
0,2236,0.1654443
0,2237,0.1652505
0,2238,0.165057
0,2239,0.1648638
0,2240,0.1646709
0,2241,0.1644784
0,2242,0.1642862
0,2243,0.1640943
0,2244,0.1639027
0,2245,0.1637114
0,2246,0.1635204
0,2247,0.1633298
0,2248,0.1631394
0,2249,0.1629494
0,2250,0.1627597
0,2251,0.1625703
0,2252,0.1623812
0,2253,0.1621925
0,2254,0.162004
0,2255,0.1618159
0,2256,0.161628
0,2257,0.1614405
0,2258,0.1612532
0,2259,0.1610663
0,2260,0.1608797
0,2261,0.1606934
0,2262,0.1605074
0,2263,0.1603217
0,2264,0.1601363
0,2265,0.1599512
0,2266,0.1597664
0,2267,0.159582
0,2268,0.1593978
0,2269,0.1592139
0,2270,0.1590303
0,2271,0.158847
0,2272,0.158664
0,2273,0.1584814
0,2274,0.158299
0,2275,0.1581169
0,2276,0.1579351
0,2277,0.1577536
0,2278,0.1575724
0,2279,0.1573915
0,2280,0.1572109
0,2281,0.1570306
0,2282,0.1568506
0,2283,0.1566708
0,2284,0.1564914
0,2285,0.1563122
0,2286,0.1561334
0,2287,0.1559548
0,2288,0.1557765
0,2289,0.1555985
0,2290,0.1554208
0,2291,0.1552434
0,2292,0.1550663
0,2293,0.1548894
0,2294,0.1547129
0,2295,0.1545366
0,2296,0.1543606
0,2297,0.1541849
0,2298,0.1540095
0,2299,0.1538343
0,2300,0.1536595
0,2301,0.1534849
0,2302,0.1533106
0,2303,0.1531366
0,2304,0.1529628
0,2305,0.1527894
0,2306,0.1526162
0,2307,0.1524433
0,2308,0.1522706
0,2309,0.1520983
0,2310,0.1519262
0,2311,0.1517544
0,2312,0.1515828
0,2313,0.1514116
0,2314,0.1512406
0,2315,0.15107
0,2316,0.1508996
0,2317,0.1507294
0,2318,0.1505596
0,2319,0.15039
0,2320,0.1502206
0,2321,0.1500516
0,2322,0.1498828
0,2323,0.1497143
0,2324,0.1495461
0,2325,0.1493781
0,2326,0.1492104
0,2327,0.149043
0,2328,0.1488758
0,2329,0.1487089
0,2330,0.1485423
0,2331,0.1483759
0,2332,0.1482098
0,2333,0.1480439
0,2334,0.1478783
0,2335,0.147713
0,2336,0.147548
0,2337,0.1473832
0,2338,0.1472186
0,2339,0.1470544
0,2340,0.1468904
0,2341,0.1467266
0,2342,0.1465631
0,2343,0.1463999
0,2344,0.1462369
0,2345,0.1460742
0,2346,0.1459117
0,2347,0.1457495
0,2348,0.1455875
0,2349,0.1454258
0,2350,0.1452644
0,2351,0.1451032
0,2352,0.1449422
0,2353,0.1447815
0,2354,0.1446211
0,2355,0.1444609
0,2356,0.1443009
0,2357,0.1441412
0,2358,0.1439818
0,2359,0.1438226
0,2360,0.1436636
0,2361,0.143505
0,2362,0.1433466
0,2363,0.1431884
0,2364,0.1430305
0,2365,0.1428728
0,2366,0.1427154
0,2367,0.1425582
0,2368,0.1424013
0,2369,0.1422446
0,2370,0.1420882
0,2371,0.141932
0,2372,0.1417761
0,2373,0.1416204
0,2374,0.1414649
0,2375,0.1413097
0,2376,0.1411548
0,2377,0.141
0,2378,0.1408455
0,2379,0.1406913
0,2380,0.1405373
0,2381,0.1403835
0,2382,0.14023
0,2383,0.1400767
0,2384,0.1399237
0,2385,0.1397709
0,2386,0.1396183
0,2387,0.139466
0,2388,0.1393139
0,2389,0.139162
0,2390,0.1390104
0,2391,0.138859
0,2392,0.1387078
0,2393,0.1385569
0,2394,0.1384062
0,2395,0.1382557
0,2396,0.1381055
0,2397,0.1379555
0,2398,0.1378058
0,2399,0.1376562
0,2400,0.1375069
0,2401,0.1373578
0,2402,0.137209
0,2403,0.1370604
0,2404,0.136912
0,2405,0.1367638
0,2406,0.1366159
0,2407,0.1364682
0,2408,0.1363207
0,2409,0.1361735
0,2410,0.1360265
0,2411,0.1358797
0,2412,0.1357332
0,2413,0.1355869
0,2414,0.1354408
0,2415,0.1352949
0,2416,0.1351493
0,2417,0.1350038
0,2418,0.1348587
0,2419,0.1347137
0,2420,0.1345689
0,2421,0.1344244
0,2422,0.1342801
0,2423,0.134136
0,2424,0.1339922
0,2425,0.1338485
0,2426,0.1337051
0,2427,0.1335619
0,2428,0.1334189
0,2429,0.1332762
0,2430,0.1331336
0,2431,0.1329913
0,2432,0.1328492
0,2433,0.1327073
0,2434,0.1325657
0,2435,0.1324242
0,2436,0.132283
0,2437,0.132142
0,2438,0.1320012
0,2439,0.1318606
0,2440,0.1317202
0,2441,0.1315801
0,2442,0.1314401
0,2443,0.1313004
0,2444,0.1311609
0,2445,0.1310216
0,2446,0.1308825
0,2447,0.1307436
0,2448,0.1306049
0,2449,0.1304665
0,2450,0.1303282
0,2451,0.1301902
0,2452,0.1300524
0,2453,0.1299148
0,2454,0.1297774
0,2455,0.1296402
0,2456,0.1295032
0,2457,0.1293664
0,2458,0.1292298
0,2459,0.1290935
0,2460,0.1289573
0,2461,0.1288214
0,2462,0.1286856
0,2463,0.1285501
0,2464,0.1284148
0,2465,0.1282796
0,2466,0.1281447
0,2467,0.12801
0,2468,0.1278755
0,2469,0.1277412
0,2470,0.1276071
0,2471,0.1274732
0,2472,0.1273395
0,2473,0.127206
0,2474,0.1270727
0,2475,0.1269397
0,2476,0.1268068
0,2477,0.1266741
0,2478,0.1265416
0,2479,0.1264093
0,2480,0.1262772
0,2481,0.1261453
0,2482,0.1260137
0,2483,0.1258822
0,2484,0.1257509
0,2485,0.1256198
0,2486,0.1254889
0,2487,0.1253582
0,2488,0.1252277
0,2489,0.1250974
0,2490,0.1249673
0,2491,0.1248374
0,2492,0.1247077
0,2493,0.1245782
0,2494,0.1244489
0,2495,0.1243198
0,2496,0.1241908
0,2497,0.1240621
0,2498,0.1239336
0,2499,0.1238052
0,2500,0.1236771
0,2501,0.1235491
0,2502,0.1234213
0,2503,0.1232938
0,2504,0.1231664
0,2505,0.1230392
0,2506,0.1229122
0,2507,0.1227853
0,2508,0.1226587
0,2509,0.1225323
0,2510,0.122406
0,2511,0.12228
0,2512,0.1221541
0,2513,0.1220284
0,2514,0.1219029
0,2515,0.1217776
0,2516,0.1216525
0,2517,0.1215276
0,2518,0.1214028
0,2519,0.1212783
0,2520,0.1211539
0,2521,0.1210297
0,2522,0.1209057
0,2523,0.1207819
0,2524,0.1206582
0,2525,0.1205348
0,2526,0.1204115
0,2527,0.1202885
0,2528,0.1201656
0,2529,0.1200428
0,2530,0.1199203
0,2531,0.119798
0,2532,0.1196758
0,2533,0.1195538
0,2534,0.119432
0,2535,0.1193104
0,2536,0.1191889
0,2537,0.1190677
0,2538,0.1189466
0,2539,0.1188257
0,2540,0.1187049
0,2541,0.1185844
0,2542,0.118464
0,2543,0.1183438
0,2544,0.1182238
0,2545,0.118104
0,2546,0.1179843
0,2547,0.1178648
0,2548,0.1177455
0,2549,0.1176264
0,2550,0.1175074
0,2551,0.1173887
0,2552,0.1172701
0,2553,0.1171516
0,2554,0.1170334
0,2555,0.1169153
0,2556,0.1167974
0,2557,0.1166797
0,2558,0.1165621
0,2559,0.1164447
0,2560,0.1163275
0,2561,0.1162105
0,2562,0.1160936
0,2563,0.1159769
0,2564,0.1158604
0,2565,0.115744
0,2566,0.1156279
0,2567,0.1155119
0,2568,0.115396
0,2569,0.1152803
0,2570,0.1151648
0,2571,0.1150495
0,2572,0.1149343
0,2573,0.1148193
0,2574,0.1147045
0,2575,0.1145899
0,2576,0.1144754
0,2577,0.114361
0,2578,0.1142469
0,2579,0.1141329
0,2580,0.1140191
0,2581,0.1139054
0,2582,0.1137919
0,2583,0.1136786
0,2584,0.1135654
0,2585,0.1134524
0,2586,0.1133396
0,2587,0.1132269
0,2588,0.1131144
0,2589,0.113002
0,2590,0.1128899
0,2591,0.1127778
0,2592,0.112666
0,2593,0.1125543
0,2594,0.1124427
0,2595,0.1123314
0,2596,0.1122202
0,2597,0.1121091
0,2598,0.1119982
0,2599,0.1118875
0,2600,0.1117769
0,2601,0.1116665
0,2602,0.1115563
0,2603,0.1114462
0,2604,0.1113363
0,2605,0.1112265
0,2606,0.1111169
0,2607,0.1110074
0,2608,0.1108982
0,2609,0.110789
0,2610,0.11068
0,2611,0.1105712
0,2612,0.1104626
0,2613,0.1103541
0,2614,0.1102457
0,2615,0.1101375
0,2616,0.1100295
0,2617,0.1099216
0,2618,0.1098139
0,2619,0.1097063
0,2620,0.1095989
0,2621,0.1094916
0,2622,0.1093845
0,2623,0.1092775
0,2624,0.1091707
0,2625,0.1090641
0,2626,0.1089576
0,2627,0.1088512
0,2628,0.108745
0,2629,0.108639
0,2630,0.1085331
0,2631,0.1084274
0,2632,0.1083218
0,2633,0.1082163
0,2634,0.1081111
0,2635,0.1080059
0,2636,0.1079009
0,2637,0.1077961
0,2638,0.1076914
0,2639,0.1075869
0,2640,0.1074825
0,2641,0.1073782
0,2642,0.1072742
0,2643,0.1071702
0,2644,0.1070664
0,2645,0.1069628
0,2646,0.1068593
0,2647,0.1067559
0,2648,0.1066527
0,2649,0.1065497
0,2650,0.1064467
0,2651,0.106344
0,2652,0.1062414
0,2653,0.1061389
0,2654,0.1060365
0,2655,0.1059344
0,2656,0.1058323
0,2657,0.1057304
0,2658,0.1056287
0,2659,0.1055271
0,2660,0.1054256
0,2661,0.1053243
0,2662,0.1052231
0,2663,0.1051221
0,2664,0.1050212
0,2665,0.1049204
0,2666,0.1048198
0,2667,0.1047194
0,2668,0.104619
0,2669,0.1045189
0,2670,0.1044188
0,2671,0.1043189
0,2672,0.1042192
0,2673,0.1041196
0,2674,0.1040201
0,2675,0.1039208
0,2676,0.1038216
0,2677,0.1037225
0,2678,0.1036236
0,2679,0.1035248
0,2680,0.1034262
0,2681,0.1033277
0,2682,0.1032293
0,2683,0.1031311
0,2684,0.103033
0,2685,0.102935
0,2686,0.1028372
0,2687,0.1027396
0,2688,0.102642
0,2689,0.1025446
0,2690,0.1024474
0,2691,0.1023502
0,2692,0.1022532
0,2693,0.1021564
0,2694,0.1020597
0,2695,0.1019631
0,2696,0.1018666
0,2697,0.1017703
0,2698,0.1016741
0,2699,0.1015781
0,2700,0.1014821
0,2701,0.1013864
0,2702,0.1012907
0,2703,0.1011952
0,2704,0.1010998
0,2705,0.1010046
0,2706,0.1009094
0,2707,0.1008144
0,2708,0.1007196
0,2709,0.1006249
0,2710,0.1005303
0,2711,0.1004358
0,2712,0.1003415
0,2713,0.1002473
0,2714,0.1001532
0,2715,0.1000593
0,2716,0.09996548
0,2717,0.0998718
0,2718,0.09977825
0,2719,0.09968483
0,2720,0.09959154
0,2721,0.09949838
0,2722,0.09940535
0,2723,0.09931245
0,2724,0.09921967
0,2725,0.09912703
0,2726,0.09903451
0,2727,0.09894212
0,2728,0.09884986
0,2729,0.09875772
0,2730,0.09866571
0,2731,0.09857383
0,2732,0.09848208
0,2733,0.09839045
0,2734,0.09829895
0,2735,0.09820758
0,2736,0.09811633
0,2737,0.0980252
0,2738,0.09793421
0,2739,0.09784333
0,2740,0.09775259
0,2741,0.09766196
0,2742,0.09757146
0,2743,0.09748109
0,2744,0.09739084
0,2745,0.09730071
0,2746,0.09721071
0,2747,0.09712083
0,2748,0.09703107
0,2749,0.09694144
0,2750,0.09685193
0,2751,0.09676255
0,2752,0.09667328
0,2753,0.09658414
0,2754,0.09649511
0,2755,0.09640621
0,2756,0.09631742
0,2757,0.09622876
0,2758,0.09614021
0,2759,0.09605179
0,2760,0.09596349
0,2761,0.09587531
0,2762,0.09578724
0,2763,0.0956993
0,2764,0.09561148
0,2765,0.09552377
0,2766,0.09543619
0,2767,0.09534873
0,2768,0.09526138
0,2769,0.09517416
0,2770,0.09508704
0,2771,0.09500005
0,2772,0.09491318
0,2773,0.09482642
0,2774,0.09473979
0,2775,0.09465326
0,2776,0.09456686
0,2777,0.09448057
0,2778,0.09439441
0,2779,0.09430835
0,2780,0.09422241
0,2781,0.0941366
0,2782,0.09405089
0,2783,0.0939653
0,2784,0.09387983
0,2785,0.09379447
0,2786,0.09370922
0,2787,0.09362409
0,2788,0.09353908
0,2789,0.09345418
0,2790,0.09336939
0,2791,0.09328473
0,2792,0.09320017
0,2793,0.09311572
0,2794,0.0930314
0,2795,0.09294719
0,2796,0.09286308
0,2797,0.09277909
0,2798,0.09269521
0,2799,0.09261145
0,2800,0.0925278
0,2801,0.09244426
0,2802,0.09236083
0,2803,0.09227751
0,2804,0.09219431
0,2805,0.09211121
0,2806,0.09202824
0,2807,0.09194537
0,2808,0.09186261
0,2809,0.09177996
0,2810,0.09169742
0,2811,0.09161499
0,2812,0.09153268
0,2813,0.09145047
0,2814,0.09136837
0,2815,0.09128638
0,2816,0.09120449
0,2817,0.09112272
0,2818,0.09104105
0,2819,0.09095949
0,2820,0.09087804
0,2821,0.0907967
0,2822,0.09071547
0,2823,0.09063434
0,2824,0.09055332
0,2825,0.09047242
0,2826,0.09039161
0,2827,0.09031091
0,2828,0.09023032
0,2829,0.09014984
0,2830,0.09006947
0,2831,0.08998919
0,2832,0.08990903
0,2833,0.08982898
0,2834,0.08974902
0,2835,0.08966918
0,2836,0.08958943
0,2837,0.0895098
0,2838,0.08943027
0,2839,0.08935084
0,2840,0.08927152
0,2841,0.08919231
0,2842,0.08911319
0,2843,0.08903418
0,2844,0.08895528
0,2845,0.08887648
0,2846,0.08879779
0,2847,0.08871919
0,2848,0.0886407
0,2849,0.08856232
0,2850,0.08848403
0,2851,0.08840585
0,2852,0.08832777
0,2853,0.0882498
0,2854,0.08817192
0,2855,0.08809415
0,2856,0.08801648
0,2857,0.08793891
0,2858,0.08786144
0,2859,0.08778408
0,2860,0.08770681
0,2861,0.08762965
0,2862,0.08755259
0,2863,0.08747563
0,2864,0.08739877
0,2865,0.087322
0,2866,0.08724535
0,2867,0.08716878
0,2868,0.08709233
0,2869,0.08701596
0,2870,0.0869397
0,2871,0.08686353
0,2872,0.08678747
0,2873,0.0867115
0,2874,0.08663564
0,2875,0.08655987
0,2876,0.08648419
0,2877,0.08640862
0,2878,0.08633315
0,2879,0.08625777
0,2880,0.08618249
0,2881,0.08610824
0,2882,0.08612057
0,2883,0.08677991
0,2884,0.08922357
0,2885,0.09480129
0,2886,0.1047629
0,2887,0.1200952
0,2888,0.141452
0,2889,0.1691492
0,2890,0.2031954
0,2891,0.2433479
0,2892,0.2891804
0,2893,0.3401447
0,2894,0.3956267
0,2895,0.4549886
0,2896,0.5175988
0,2897,0.5828536
0,2898,0.6501887
0,2899,0.7190873
0,2900,0.7890821
0,2901,0.8597558
0,2902,0.9307397
0,2903,1.001711
0,2904,1.07239
0,2905,1.142535
0,2906,1.211942
0,2907,1.280438
0,2908,1.347879
0,2909,1.414145
0,2910,1.479143
0,2911,1.542797
0,2912,1.605048
0,2913,1.665854
0,2914,1.725185
0,2915,1.783025
0,2916,1.839366
0,2917,1.894207
0,2918,1.947558
0,2919,1.999432
0,2920,2.04985
0,2921,2.098833
0,2922,2.146409
0,2923,2.192608
0,2924,2.237461
0,2925,2.281001
0,2926,2.323263
0,2927,2.364282
0,2928,2.404095
0,2929,2.442737
0,2930,2.480243
0,2931,2.516652
0,2932,2.551996
0,2933,2.586313
0,2934,2.619636
0,2935,2.651999
0,2936,2.683434
0,2937,2.713975
0,2938,2.743652
0,2939,2.772495
0,2940,2.800533
0,2941,2.827795
0,2942,2.854307
0,2943,2.880097
0,2944,2.90519
0,2945,2.929609
0,2946,2.953379
0,2947,2.976522
0,2948,2.99906
0,2949,3.021014
0,2950,3.042404
0,2951,3.06325
0,2952,3.083569
0,2953,3.103379
0,2954,3.122698
0,2955,3.141542
0,2956,3.159925
0,2957,3.177863
0,2958,3.19537
0,2959,3.21246
0,2960,3.229147
0,2961,3.245444
0,2962,3.261362
0,2963,3.276913
0,2964,3.29211
0,2965,3.306961
0,2966,3.321476
0,2967,3.335666
0,2968,3.349541
0,2969,3.363108
0,2970,3.376379
0,2971,3.38936
0,2972,3.402061
0,2973,3.414488
0,2974,3.42665
0,2975,3.438554
0,2976,3.450205
0,2977,3.461611
0,2978,3.472778
0,2979,3.483711
0,2980,3.494418
0,2981,3.504904
0,2982,3.515175
0,2983,3.525236
0,2984,3.535092
0,2985,3.544747
0,2986,3.554203
0,2987,3.563432
0,2988,3.572287
0,2989,3.580473
0,2990,3.587656
0,2991,3.593538
0,2992,3.59789
0,2993,3.600549
0,2994,3.601412
0,2995,3.600418
0,2996,3.597558
0,2997,3.592831
0,2998,3.586271
0,2999,3.577916
0,3000,3.567803
0,3001,3.555989
0,3002,3.542518
0,3003,3.527447
0,3004,3.510829
0,3005,3.492721
0,3006,3.473177
0,3007,3.452248
0,3008,3.429992
0,3009,3.406458
0,3010,3.381693
0,3011,3.355749
0,3012,3.328666
0,3013,3.300489
0,3014,3.27126
0,3015,3.241016
0,3016,3.209793
0,3017,3.177628
0,3018,3.144554
0,3019,3.110603
0,3020,3.075808
0,3021,3.040196
0,3022,3.003798
0,3023,2.966639
0,3024,2.928747
0,3025,2.890146
0,3026,2.85086
0,3027,2.810913
0,3028,2.770324
0,3029,2.729117
0,3030,2.68731
0,3031,2.644923
0,3032,2.601974
0,3033,2.55848
0,3034,2.514459
0,3035,2.469927
0,3036,2.4249
0,3037,2.379393
0,3038,2.33342
0,3039,2.287002
0,3040,2.240235
0,3041,2.193396
0,3042,2.146862
0,3043,2.100999
0,3044,2.056099
0,3045,2.012376
0,3046,1.969969
0,3047,1.928958
0,3048,1.889378
0,3049,1.85123
0,3050,1.814495
0,3051,1.779134
0,3052,1.745101
0,3053,1.712341
0,3054,1.680797
0,3055,1.65041
0,3056,1.621123
0,3057,1.592878
0,3058,1.565621
0,3059,1.539297
0,3060,1.513857
0,3061,1.489253
0,3062,1.46544
0,3063,1.442377
0,3064,1.420023
0,3065,1.398342
0,3066,1.377299
0,3067,1.356862
0,3068,1.337002
0,3069,1.317689
0,3070,1.298896
0,3071,1.280596
0,3072,1.262762
0,3073,1.245371
0,3074,1.2284
0,3075,1.211829
0,3076,1.195642
0,3077,1.179822
0,3078,1.164353
0,3079,1.149224
0,3080,1.134421
0,3081,1.119933
0,3082,1.105749
0,3083,1.091859
0,3084,1.078254
0,3085,1.064924
0,3086,1.051863
0,3087,1.039061
0,3088,1.026511
0,3089,1.014207
0,3090,1.002141
0,3091,0.9903073
0,3092,0.9786999
0,3093,0.9673126
0,3094,0.9561399
0,3095,0.9451764
0,3096,0.9344167
0,3097,0.9238561
0,3098,0.9134898
0,3099,0.9033132
0,3100,0.8933219
0,3101,0.8835117
0,3102,0.8738784
0,3103,0.8644182
0,3104,0.855127
0,3105,0.8460013
0,3106,0.8370374
0,3107,0.8282318
0,3108,0.819581
0,3109,0.8110819
0,3110,0.8027313
0,3111,0.7945261
0,3112,0.7864632
0,3113,0.7785397
0,3114,0.7707528
0,3115,0.7630998
0,3116,0.7555779
0,3117,0.7481844
0,3118,0.740917
0,3119,0.7337729
0,3120,0.7267498
0,3121,0.7198454
0,3122,0.7130573
0,3123,0.7063833
0,3124,0.6998211
0,3125,0.6933687
0,3126,0.6870238
0,3127,0.6807845
0,3128,0.6746488
0,3129,0.6686146
0,3130,0.6626801
0,3131,0.6568435
0,3132,0.6511028
0,3133,0.6454563
0,3134,0.6399023
0,3135,0.6344389
0,3136,0.6290646
0,3137,0.6237777
0,3138,0.6185766
0,3139,0.6134596
0,3140,0.6084254
0,3141,0.6034724
0,3142,0.598599
0,3143,0.5938038
0,3144,0.5890855
0,3145,0.5844426
0,3146,0.5798737
0,3147,0.5753776
0,3148,0.5709529
0,3149,0.5665984
0,3150,0.5623127
0,3151,0.5580947
0,3152,0.5539431
0,3153,0.5498568
0,3154,0.5458346
0,3155,0.5418753
0,3156,0.5379779
0,3157,0.5341412
0,3158,0.5303643
0,3159,0.5266459
0,3160,0.5229851
0,3161,0.5193809
0,3162,0.5158322
0,3163,0.5123381
0,3164,0.5088977
0,3165,0.50551
0,3166,0.502174
0,3167,0.4988889
0,3168,0.4956537
0,3169,0.4924677
0,3170,0.4893299
0,3171,0.4862396
0,3172,0.4831958
0,3173,0.4801977
0,3174,0.4772447
0,3175,0.4743358
0,3176,0.4714704
0,3177,0.4686476
0,3178,0.4658668
0,3179,0.4631271
0,3180,0.460428
0,3181,0.4577687
0,3182,0.4551485
0,3183,0.4525667
0,3184,0.4500226
0,3185,0.4475157
0,3186,0.4450453
0,3187,0.4426107
0,3188,0.4402114
0,3189,0.4378466
0,3190,0.435516
0,3191,0.4332187
0,3192,0.4309544
0,3193,0.4287224
0,3194,0.4265221
0,3195,0.424353
0,3196,0.4222147
0,3197,0.4201064
0,3198,0.4180279
0,3199,0.4159784
0,3200,0.4139577
0,3201,0.411965
0,3202,0.41
0,3203,0.4080622
0,3204,0.4061512
0,3205,0.4042665
0,3206,0.4024076
0,3207,0.4005741
0,3208,0.3987655
0,3209,0.3969815
0,3210,0.3952216
0,3211,0.3934855
0,3212,0.3917726
0,3213,0.3900827
0,3214,0.3884153
0,3215,0.38677
0,3216,0.3851466
0,3217,0.3835445
0,3218,0.3819635
0,3219,0.3804032
0,3220,0.3788632
0,3221,0.3773432
0,3222,0.3758429
0,3223,0.374362
0,3224,0.3729
0,3225,0.3714567
0,3226,0.3700318
0,3227,0.368625
0,3228,0.3672359
0,3229,0.3658643
0,3230,0.3645099
0,3231,0.3631724
0,3232,0.3618514
0,3233,0.3605468
0,3234,0.3592582
0,3235,0.3579854
0,3236,0.3567282
0,3237,0.3554862
0,3238,0.3542592
0,3239,0.353047
0,3240,0.3518493
0,3241,0.3506658
0,3242,0.3494964
0,3243,0.3483408
0,3244,0.3471988
0,3245,0.3460701
0,3246,0.3449546
0,3247,0.3438519
0,3248,0.342762
0,3249,0.3416845
0,3250,0.3406194
0,3251,0.3395663
0,3252,0.338525
0,3253,0.3374955
0,3254,0.3364775
0,3255,0.3354707
0,3256,0.3344751
0,3257,0.3334904
0,3258,0.3325165
0,3259,0.3315531
0,3260,0.3306001
0,3261,0.3296574
0,3262,0.3287248
0,3263,0.3278021
0,3264,0.3268891
0,3265,0.3259857
0,3266,0.3250917
0,3267,0.324207
0,3268,0.3233314
0,3269,0.3224648
0,3270,0.321607
0,3271,0.320758
0,3272,0.3199174
0,3273,0.3190853
0,3274,0.3182614
0,3275,0.3174458
0,3276,0.3166381
0,3277,0.3158382
0,3278,0.3150462
0,3279,0.3142618
0,3280,0.3134849
0,3281,0.3127154
0,3282,0.3119531
0,3283,0.311198
0,3284,0.31045
0,3285,0.3097088
0,3286,0.3089745
0,3287,0.3082469
0,3288,0.307526
0,3289,0.3068115
0,3290,0.3061034
0,3291,0.3054016
0,3292,0.304706
0,3293,0.3040165
0,3294,0.303333
0,3295,0.3026555
0,3296,0.3019837
0,3297,0.3013177
0,3298,0.3006573
0,3299,0.3000024
0,3300,0.299353
0,3301,0.298709
0,3302,0.2980703
0,3303,0.2974368
0,3304,0.2968085
0,3305,0.2961852
0,3306,0.2955669
0,3307,0.2949534
0,3308,0.2943448
0,3309,0.293741
0,3310,0.2931418
0,3311,0.2925472
0,3312,0.2919572
0,3313,0.2913716
0,3314,0.2907904
0,3315,0.2902136
0,3316,0.2896411
0,3317,0.2890727
0,3318,0.2885084
0,3319,0.2879483
0,3320,0.2873922
0,3321,0.28684
0,3322,0.2862917
0,3323,0.2857473
0,3324,0.2852066
0,3325,0.2846697
0,3326,0.2841365
0,3327,0.2836068
0,3328,0.2830808
0,3329,0.2825582
0,3330,0.2820391
0,3331,0.2815234
0,3332,0.2810111
0,3333,0.2805021
0,3334,0.2799963
0,3335,0.2794937
0,3336,0.2789944
0,3337,0.2784981
0,3338,0.278005
0,3339,0.2775148
0,3340,0.2770277
0,3341,0.2765435
0,3342,0.2760622
0,3343,0.2755838
0,3344,0.2751082
0,3345,0.2746354
0,3346,0.2741653
0,3347,0.273698
0,3348,0.2732333
0,3349,0.2727712
0,3350,0.2723118
0,3351,0.2718549
0,3352,0.2714005
0,3353,0.2709487
0,3354,0.2704993
0,3355,0.2700523
0,3356,0.2696077
0,3357,0.2691654
0,3358,0.2687255
0,3359,0.2682879
0,3360,0.2678525
0,3361,0.2674194
0,3362,0.2669885
0,3363,0.2665597
0,3364,0.2661331
0,3365,0.2657086
0,3366,0.2652862
0,3367,0.2648659
0,3368,0.2644476
0,3369,0.2640313
0,3370,0.263617
0,3371,0.2632047
0,3372,0.2627943
0,3373,0.2623857
0,3374,0.2619791
0,3375,0.2615743
0,3376,0.2611714
0,3377,0.2607703
0,3378,0.2603709
0,3379,0.2599734
0,3380,0.2595776
0,3381,0.2591835
0,3382,0.2587911
0,3383,0.2584004
0,3384,0.2580113
0,3385,0.2576239
0,3386,0.2572381
0,3387,0.2568539
0,3388,0.2564713
0,3389,0.2560903
0,3390,0.2557108
0,3391,0.2553329
0,3392,0.2549564
0,3393,0.2545814
0,3394,0.2542079
0,3395,0.2538359
0,3396,0.2534653
0,3397,0.2530961
0,3398,0.2527284
0,3399,0.252362
0,3400,0.251997
0,3401,0.2516333
0,3402,0.2512711
0,3403,0.2509101
0,3404,0.2505504
0,3405,0.2501921
0,3406,0.249835
0,3407,0.2494792
0,3408,0.2491247
0,3409,0.2487714
0,3410,0.2484193
0,3411,0.2480685
0,3412,0.2477189
0,3413,0.2473705
0,3414,0.2470232
0,3415,0.2466771
0,3416,0.2463322
0,3417,0.2459884
0,3418,0.2456458
0,3419,0.2453042
0,3420,0.2449638
0,3421,0.2446245
0,3422,0.2442863
0,3423,0.2439491
0,3424,0.243613
0,3425,0.2432779
0,3426,0.2429439
0,3427,0.2426109
0,3428,0.2422789
0,3429,0.241948
0,3430,0.241618
0,3431,0.2412891
0,3432,0.2409611
0,3433,0.2406341
0,3434,0.2403081
0,3435,0.239983
0,3436,0.2396589
0,3437,0.2393357
0,3438,0.2390134
0,3439,0.2386921
0,3440,0.2383717
0,3441,0.2380522
0,3442,0.2377336
0,3443,0.2374158
0,3444,0.237099
0,3445,0.236783
0,3446,0.2364679
0,3447,0.2361537
0,3448,0.2358403
0,3449,0.2355278
0,3450,0.2352161
0,3451,0.2349052
0,3452,0.2345952
0,3453,0.234286
0,3454,0.2339775
0,3455,0.2336699
0,3456,0.2333631
0,3457,0.2330571
0,3458,0.2327519
0,3459,0.2324474
0,3460,0.2321438
0,3461,0.2318409
0,3462,0.2315388
0,3463,0.2312374
0,3464,0.2309368
0,3465,0.2306369
0,3466,0.2303378
0,3467,0.2300393
0,3468,0.2297417
0,3469,0.2294447
0,3470,0.2291485
0,3471,0.228853
0,3472,0.2285582
0,3473,0.2282641
0,3474,0.2279707
0,3475,0.227678
0,3476,0.227386
0,3477,0.2270946
0,3478,0.226804
0,3479,0.226514
0,3480,0.2262247
0,3481,0.2259361
0,3482,0.2256481
0,3483,0.2253608
0,3484,0.2250742
0,3485,0.2247882
0,3486,0.2245028
0,3487,0.2242181
0,3488,0.223934
0,3489,0.2236506
0,3490,0.2233678
0,3491,0.2230856
0,3492,0.222804
0,3493,0.222523
0,3494,0.2222427
0,3495,0.2219629
0,3496,0.2216838
0,3497,0.2214053
0,3498,0.2211273
0,3499,0.22085
0,3500,0.2205732
0,3501,0.2202971
0,3502,0.2200215
0,3503,0.2197465
0,3504,0.2194721
0,3505,0.2191983
0,3506,0.218925
0,3507,0.2186523
0,3508,0.2183802
0,3509,0.2181086
0,3510,0.2178376
0,3511,0.2175671
0,3512,0.2172972
0,3513,0.2170279
0,3514,0.2167591
0,3515,0.2164908
0,3516,0.2162231
0,3517,0.2159559
0,3518,0.2156893
0,3519,0.2154232
0,3520,0.2151576
0,3521,0.2148925
0,3522,0.214628
0,3523,0.214364
0,3524,0.2141006
0,3525,0.2138376
0,3526,0.2135752
0,3527,0.2133133
0,3528,0.2130519
0,3529,0.212791
0,3530,0.2125306
0,3531,0.2122707
0,3532,0.2120114
0,3533,0.2117525
0,3534,0.2114941
0,3535,0.2112363
0,3536,0.2109789
0,3537,0.210722
0,3538,0.2104656
0,3539,0.2102097
0,3540,0.2099543
0,3541,0.2096994
0,3542,0.2094449
0,3543,0.209191
0,3544,0.2089375
0,3545,0.2086845
0,3546,0.2084319
0,3547,0.2081799
0,3548,0.2079283
0,3549,0.2076772
0,3550,0.2074265
0,3551,0.2071764
0,3552,0.2069267
0,3553,0.2066774
0,3554,0.2064286
0,3555,0.2061803
0,3556,0.2059324
0,3557,0.205685
0,3558,0.205438
0,3559,0.2051915
0,3560,0.2049454
0,3561,0.2046998
0,3562,0.2044547
0,3563,0.2042099
0,3564,0.2039656
0,3565,0.2037218
0,3566,0.2034784
0,3567,0.2032355
0,3568,0.2029929
0,3569,0.2027509
0,3570,0.2025092
0,3571,0.202268
0,3572,0.2020272
0,3573,0.2017868
0,3574,0.2015469
0,3575,0.2013074
0,3576,0.2010683
0,3577,0.2008297
0,3578,0.2005915
0,3579,0.2003537
0,3580,0.2001163
0,3581,0.1998793
0,3582,0.1996428
0,3583,0.1994066
0,3584,0.1991709
0,3585,0.1989356
0,3586,0.1987007
0,3587,0.1984662
0,3588,0.1982322
0,3589,0.1979985
0,3590,0.1977652
0,3591,0.1975324
0,3592,0.1972999
0,3593,0.1970679
0,3594,0.1968362
0,3595,0.196605
0,3596,0.1963742
0,3597,0.1961437
0,3598,0.1959137
0,3599,0.195684
0,3600,0.1954548
0,3601,0.1952259
0,3602,0.1949975
0,3603,0.1947694
0,3604,0.1945417
0,3605,0.1943144
0,3606,0.1940875
0,3607,0.193861
0,3608,0.1936349
0,3609,0.1934091
0,3610,0.1931837
0,3611,0.1929588
0,3612,0.1927342
0,3613,0.19251
0,3614,0.1922861
0,3615,0.1920627
0,3616,0.1918396
0,3617,0.1916169
0,3618,0.1913946
0,3619,0.1911726
0,3620,0.1909511
0,3621,0.1907299
0,3622,0.1905091
0,3623,0.1902886
0,3624,0.1900685
0,3625,0.1898488
0,3626,0.1896294
0,3627,0.1894105
0,3628,0.1891918
0,3629,0.1889736
0,3630,0.1887557
0,3631,0.1885382
0,3632,0.188321
0,3633,0.1881042
0,3634,0.1878878
0,3635,0.1876717
0,3636,0.187456
0,3637,0.1872406
0,3638,0.1870257
0,3639,0.186811
0,3640,0.1865967
0,3641,0.1863828
0,3642,0.1861692
0,3643,0.185956
0,3644,0.1857432
0,3645,0.1855306
0,3646,0.1853185
0,3647,0.1851067
0,3648,0.1848952
0,3649,0.1846841
0,3650,0.1844733
0,3651,0.1842629
0,3652,0.1840528
0,3653,0.1838431
0,3654,0.1836337
0,3655,0.1834246
0,3656,0.1832159
0,3657,0.1830076
0,3658,0.1827995
0,3659,0.1825919
0,3660,0.1823845
0,3661,0.1821775
0,3662,0.1819709
0,3663,0.1817645
0,3664,0.1815586
0,3665,0.1813529
0,3666,0.1811476
0,3667,0.1809426
0,3668,0.180738
0,3669,0.1805337
0,3670,0.1803297
0,3671,0.180126
0,3672,0.1799227
0,3673,0.1797197
0,3674,0.1795171
0,3675,0.1793147
0,3676,0.1791127
0,3677,0.178911
0,3678,0.1787097
0,3679,0.1785087
0,3680,0.178308
0,3681,0.1781076
0,3682,0.1779075
0,3683,0.1777078
0,3684,0.1775084
0,3685,0.1773093
0,3686,0.1771105
0,3687,0.1769121
0,3688,0.1767139
0,3689,0.1765161
0,3690,0.1763186
0,3691,0.1761214
0,3692,0.1759246
0,3693,0.175728
0,3694,0.1755318
0,3695,0.1753359
0,3696,0.1751403
0,3697,0.174945
0,3698,0.17475
0,3699,0.1745553
0,3700,0.174361
0,3701,0.1741669
0,3702,0.1739732
0,3703,0.1737798
0,3704,0.1735866
0,3705,0.1733938
0,3706,0.1732013
0,3707,0.1730091
0,3708,0.1728172
0,3709,0.1726256
0,3710,0.1724343
0,3711,0.1722434
0,3712,0.1720527
0,3713,0.1718623
0,3714,0.1716722
0,3715,0.1714824
0,3716,0.171293
0,3717,0.1711038
0,3718,0.1709149
0,3719,0.1707264
0,3720,0.1705381
0,3721,0.1703501
0,3722,0.1701624
0,3723,0.1699751
0,3724,0.169788
0,3725,0.1696012
0,3726,0.1694147
0,3727,0.1692285
0,3728,0.1690426
0,3729,0.168857
0,3730,0.1686717
0,3731,0.1684866
0,3732,0.1683019
0,3733,0.1681174
0,3734,0.1679333
0,3735,0.1677494
0,3736,0.1675658
0,3737,0.1673825
0,3738,0.1671995
0,3739,0.1670168
0,3740,0.1668343
0,3741,0.1666522
0,3742,0.1664703
0,3743,0.1662887
0,3744,0.1661074
0,3745,0.1659264
0,3746,0.1657457
0,3747,0.1655653
0,3748,0.1653851
0,3749,0.1652052
0,3750,0.1650256
0,3751,0.1648463
0,3752,0.1646673
0,3753,0.1644885
0,3754,0.16431
0,3755,0.1641318
0,3756,0.1639539
0,3757,0.1637762
0,3758,0.1635989
0,3759,0.1634218
0,3760,0.163245
0,3761,0.1630684
0,3762,0.1628922
0,3763,0.1627162
0,3764,0.1625405
0,3765,0.162365
0,3766,0.1621899
0,3767,0.162015
0,3768,0.1618403
0,3769,0.161666
0,3770,0.1614919
0,3771,0.1613181
0,3772,0.1611445
0,3773,0.1609712
0,3774,0.1607982
0,3775,0.1606255
0,3776,0.160453
0,3777,0.1602807
0,3778,0.1601088
0,3779,0.1599371
0,3780,0.1597657
0,3781,0.1595946
0,3782,0.1594236
0,3783,0.159253
0,3784,0.1590827
0,3785,0.1589126
0,3786,0.1587427
0,3787,0.1585732
0,3788,0.1584038
0,3789,0.1582348
0,3790,0.158066
0,3791,0.1578975
0,3792,0.1577292
0,3793,0.1575612
0,3794,0.1573934
0,3795,0.1572259
0,3796,0.1570587
0,3797,0.1568917
0,3798,0.156725
0,3799,0.1565585
0,3800,0.1563923
0,3801,0.1562263
0,3802,0.1560606
0,3803,0.1558952
0,3804,0.15573
0,3805,0.155565
0,3806,0.1554003
0,3807,0.1552359
0,3808,0.1550717
0,3809,0.1549077
0,3810,0.1547441
0,3811,0.1545806
0,3812,0.1544174
0,3813,0.1542545
0,3814,0.1540918
0,3815,0.1539293
0,3816,0.1537671
0,3817,0.1536052
0,3818,0.1534435
0,3819,0.153282
0,3820,0.1531208
0,3821,0.1529598
0,3822,0.1527991
0,3823,0.1526386
0,3824,0.1524784
0,3825,0.1523184
0,3826,0.1521586
0,3827,0.1519991
0,3828,0.1518399
0,3829,0.1516808
0,3830,0.1515221
0,3831,0.1513635
0,3832,0.1512052
0,3833,0.1510472
0,3834,0.1508893
0,3835,0.1507317
0,3836,0.1505744
0,3837,0.1504173
0,3838,0.1502604
0,3839,0.1501038
0,3840,0.1499474
0,3841,0.1497912
0,3842,0.1496353
0,3843,0.1494796
0,3844,0.1493242
0,3845,0.149169
0,3846,0.149014
0,3847,0.1488592
0,3848,0.1487047
0,3849,0.1485504
0,3850,0.1483964
0,3851,0.1482425
0,3852,0.1480889
0,3853,0.1479356
0,3854,0.1477824
0,3855,0.1476295
0,3856,0.1474769
0,3857,0.1473244
0,3858,0.1471722
0,3859,0.1470202
0,3860,0.1468685
0,3861,0.1467169
0,3862,0.1465656
0,3863,0.1464146
0,3864,0.1462637
0,3865,0.1461131
0,3866,0.1459627
0,3867,0.1458125
0,3868,0.1456626
0,3869,0.1455128
0,3870,0.1453633
0,3871,0.1452141
0,3872,0.145065
0,3873,0.1449162
0,3874,0.1447676
0,3875,0.1446192
0,3876,0.144471
0,3877,0.1443231
0,3878,0.1441753
0,3879,0.1440278
0,3880,0.1438805
0,3881,0.1437335
0,3882,0.1435866
0,3883,0.14344
0,3884,0.1432936
0,3885,0.1431474
0,3886,0.1430014
0,3887,0.1428556
0,3888,0.1427101
0,3889,0.1425647
0,3890,0.1424196
0,3891,0.1422747
0,3892,0.14213
0,3893,0.1419856
0,3894,0.1418413
0,3895,0.1416973
0,3896,0.1415534
0,3897,0.1414098
0,3898,0.1412664
0,3899,0.1411232
0,3900,0.1409802
0,3901,0.1408374
0,3902,0.1406949
0,3903,0.1405525
0,3904,0.1404104
0,3905,0.1402685
0,3906,0.1401267
0,3907,0.1399852
0,3908,0.1398439
0,3909,0.1397028
0,3910,0.1395619
0,3911,0.1394212
0,3912,0.1392808
0,3913,0.1391405
0,3914,0.1390004
0,3915,0.1388606
0,3916,0.1387209
0,3917,0.1385815
0,3918,0.1384422
0,3919,0.1383032
0,3920,0.1381644
0,3921,0.1380257
0,3922,0.1378873
0,3923,0.1377491
0,3924,0.1376111
0,3925,0.1374732
0,3926,0.1373356
0,3927,0.1371982
0,3928,0.137061
0,3929,0.136924
0,3930,0.1367872
0,3931,0.1366506
0,3932,0.1365141
0,3933,0.1363779
0,3934,0.1362419
0,3935,0.1361061
0,3936,0.1359705
0,3937,0.1358351
0,3938,0.1356998
0,3939,0.1355648
0,3940,0.13543
0,3941,0.1352953
0,3942,0.1351609
0,3943,0.1350266
0,3944,0.1348926
0,3945,0.1347587
0,3946,0.1346251
0,3947,0.1344916
0,3948,0.1343583
0,3949,0.1342252
0,3950,0.1340923
0,3951,0.1339597
0,3952,0.1338271
0,3953,0.1336948
0,3954,0.1335627
0,3955,0.1334308
0,3956,0.133299
0,3957,0.1331675
0,3958,0.1330361
0,3959,0.132905
0,3960,0.132774
0,3961,0.1326432
0,3962,0.1325126
0,3963,0.1323822
0,3964,0.132252
0,3965,0.1321219
0,3966,0.1319921
0,3967,0.1318624
0,3968,0.131733
0,3969,0.1316037
0,3970,0.1314746
0,3971,0.1313456
0,3972,0.1312169
0,3973,0.1310884
0,3974,0.13096
0,3975,0.1308318
0,3976,0.1307039
0,3977,0.130576
0,3978,0.1304484
0,3979,0.130321
0,3980,0.1301937
0,3981,0.1300667
0,3982,0.1299398
0,3983,0.1298131
0,3984,0.1296865
0,3985,0.1295602
0,3986,0.129434
0,3987,0.129308
0,3988,0.1291822
0,3989,0.1290566
0,3990,0.1289312
0,3991,0.1288059
0,3992,0.1286808
0,3993,0.1285559
0,3994,0.1284312
0,3995,0.1283067
0,3996,0.1281823
0,3997,0.1280581
0,3998,0.1279341
0,3999,0.1278102
0,4000,0.1276866
0,4001,0.1275631
0,4002,0.1274398
0,4003,0.1273166
0,4004,0.1271936
0,4005,0.1270708
0,4006,0.1269482
0,4007,0.1268258
0,4008,0.1267035
0,4009,0.1265814
0,4010,0.1264595
0,4011,0.1263377
0,4012,0.1262162
0,4013,0.1260948
0,4014,0.1259735
0,4015,0.1258525
0,4016,0.1257316
0,4017,0.1256108
0,4018,0.1254903
0,4019,0.1253699
0,4020,0.1252497
0,4021,0.1251297
0,4022,0.1250098
0,4023,0.1248901
0,4024,0.1247706
0,4025,0.1246512
0,4026,0.124532
0,4027,0.124413
0,4028,0.1242941
0,4029,0.1241754
0,4030,0.1240569
0,4031,0.1239386
0,4032,0.1238204
0,4033,0.1237024
0,4034,0.1235845
0,4035,0.1234668
0,4036,0.1233493
0,4037,0.1232319
0,4038,0.1231147
0,4039,0.1229977
0,4040,0.1228808
0,4041,0.1227641
0,4042,0.1226476
0,4043,0.1225312
0,4044,0.122415
0,4045,0.1222989
0,4046,0.1221831
0,4047,0.1220673
0,4048,0.1219518
0,4049,0.1218364
0,4050,0.1217211
0,4051,0.1216061
0,4052,0.1214911
0,4053,0.1213764
0,4054,0.1212618
0,4055,0.1211474
0,4056,0.1210331
0,4057,0.120919
0,4058,0.120805
0,4059,0.1206912
0,4060,0.1205776
0,4061,0.1204641
0,4062,0.1203507
0,4063,0.1202376
0,4064,0.1201246
0,4065,0.1200117
0,4066,0.119899
0,4067,0.1197865
0,4068,0.1196741
0,4069,0.1195618
0,4070,0.1194498
0,4071,0.1193378
0,4072,0.1192261
0,4073,0.1191145
0,4074,0.119003
0,4075,0.1188917
0,4076,0.1187805
0,4077,0.1186695
0,4078,0.1185587
0,4079,0.118448
0,4080,0.1183375
0,4081,0.1182271
0,4082,0.1181169
0,4083,0.1180068
0,4084,0.1178969
0,4085,0.1177871
0,4086,0.1176775
0,4087,0.117568
0,4088,0.1174587
0,4089,0.1173495
0,4090,0.1172405
0,4091,0.1171316
0,4092,0.1170229
0,4093,0.1169143
0,4094,0.1168059
0,4095,0.1166976
0,4096,0.1165895
0,4097,0.1164815
0,4098,0.1163737
0,4099,0.116266
0,4100,0.1161584
0,4101,0.1160511
0,4102,0.1159438
0,4103,0.1158367
0,4104,0.1157298
0,4105,0.115623
0,4106,0.1155163
0,4107,0.1154098
0,4108,0.1153034
0,4109,0.1151972
0,4110,0.1150912
0,4111,0.1149852
0,4112,0.1148795
0,4113,0.1147738
0,4114,0.1146683
0,4115,0.114563
0,4116,0.1144578
0,4117,0.1143527
0,4118,0.1142478
0,4119,0.114143
0,4120,0.1140384
0,4121,0.1139339
0,4122,0.1138295
0,4123,0.1137253
0,4124,0.1136212
0,4125,0.1135173
0,4126,0.1134135
0,4127,0.1133098
0,4128,0.1132063
0,4129,0.113103
0,4130,0.1129997
0,4131,0.1128966
0,4132,0.1127937
0,4133,0.1126909
0,4134,0.1125882
0,4135,0.1124857
0,4136,0.1123833
0,4137,0.112281
0,4138,0.1121789
0,4139,0.1120769
0,4140,0.1119751
0,4141,0.1118734
0,4142,0.1117718
0,4143,0.1116704
0,4144,0.1115691
0,4145,0.1114679
0,4146,0.1113669
0,4147,0.111266
0,4148,0.1111652
0,4149,0.1110646
0,4150,0.1109641
0,4151,0.1108638
0,4152,0.1107636
0,4153,0.1106635
0,4154,0.1105636
0,4155,0.1104637
0,4156,0.1103641
0,4157,0.1102645
0,4158,0.1101651
0,4159,0.1100658
0,4160,0.1099667
0,4161,0.1098677
0,4162,0.1097688
0,4163,0.1096701
0,4164,0.1095714
0,4165,0.109473
0,4166,0.1093746
0,4167,0.1092764
0,4168,0.1091783
0,4169,0.1090803
0,4170,0.1089825
0,4171,0.1088848
0,4172,0.1087872
0,4173,0.1086898
0,4174,0.1085925
0,4175,0.1084953
0,4176,0.1083983
0,4177,0.1083013
0,4178,0.1082045
0,4179,0.1081079
0,4180,0.1080113
0,4181,0.1079149
0,4182,0.1078186
0,4183,0.1077225
0,4184,0.1076265
0,4185,0.1075305
0,4186,0.1074348
0,4187,0.1073391
0,4188,0.1072436
0,4189,0.1071482
0,4190,0.1070529
0,4191,0.1069578
0,4192,0.1068628
0,4193,0.1067679
0,4194,0.1066731
0,4195,0.1065785
0,4196,0.1064839
0,4197,0.1063896
0,4198,0.1062953
0,4199,0.1062011
0,4200,0.1061071
0,4201,0.1060132
0,4202,0.1059194
0,4203,0.1058258
0,4204,0.1057323
0,4205,0.1056388
0,4206,0.1055456
0,4207,0.1054524
0,4208,0.1053594
0,4209,0.1052664
0,4210,0.1051736
0,4211,0.105081
0,4212,0.1049884
0,4213,0.104896
0,4214,0.1048037
0,4215,0.1047115
0,4216,0.1046194
0,4217,0.1045275
0,4218,0.1044356
0,4219,0.1043439
0,4220,0.1042523
0,4221,0.1041609
0,4222,0.1040695
0,4223,0.1039783
0,4224,0.1038871
0,4225,0.1037962
0,4226,0.1037053
0,4227,0.1036145
0,4228,0.1035239
0,4229,0.1034333
0,4230,0.1033429
0,4231,0.1032526
0,4232,0.1031625
0,4233,0.1030724
0,4234,0.1029825
0,4235,0.1028927
0,4236,0.102803
0,4237,0.1027134
0,4238,0.1026239
0,4239,0.1025345
0,4240,0.1024453
0,4241,0.1023562
0,4242,0.1022672
0,4243,0.1021783
0,4244,0.1020895
0,4245,0.1020008
0,4246,0.1019122
0,4247,0.1018238
0,4248,0.1017355
0,4249,0.1016473
0,4250,0.1015592
0,4251,0.1014712
0,4252,0.1013833
0,4253,0.1012955
0,4254,0.1012079
0,4255,0.1011204
0,4256,0.1010329
0,4257,0.1009456
0,4258,0.1008584
0,4259,0.1007713
0,4260,0.1006844
0,4261,0.1005975
0,4262,0.1005107
0,4263,0.1004241
0,4264,0.1003376
0,4265,0.1002512
0,4266,0.1001648
0,4267,0.1000786
0,4268,0.09999256
0,4269,0.09990658
0,4270,0.09982071
0,4271,0.09973495
0,4272,0.0996493
0,4273,0.09956376
0,4274,0.09947832
0,4275,0.099393
0,4276,0.09930778
0,4277,0.09922267
0,4278,0.09913768
0,4279,0.09905279
0,4280,0.09896801
0,4281,0.09888333
0,4282,0.09879877
0,4283,0.09871431
0,4284,0.09862995
0,4285,0.09854571
0,4286,0.09846157
0,4287,0.09837754
0,4288,0.09829362
0,4289,0.0982098
0,4290,0.09812608
0,4291,0.09804247
0,4292,0.09795897
0,4293,0.09787558
0,4294,0.09779229
0,4295,0.0977091
0,4296,0.09762602
0,4297,0.09754305
0,4298,0.09746018
0,4299,0.09737741
0,4300,0.09729475
0,4301,0.09721219
0,4302,0.09712973
0,4303,0.09704738
0,4304,0.09696513
0,4305,0.09688298
0,4306,0.09680095
0,4307,0.096719
0,4308,0.09663717
0,4309,0.09655543
0,4310,0.09647381
0,4311,0.09639227
0,4312,0.09631085
0,4313,0.09622952
0,4314,0.0961483
0,4315,0.09606718
0,4316,0.09598616
0,4317,0.09590524
0,4318,0.09582442
0,4319,0.09574371
0,4320,0.09566309
0,4321,0.09558351
0,4322,0.0955905
0,4323,0.09624453
0,4324,0.09868287
0,4325,0.1042553
0,4326,0.1142116
0,4327,0.1295386
0,4328,0.1508901
0,4329,0.178582
0,4330,0.2126228
0,4331,0.2527701
0,4332,0.2985972
0,4333,0.3495562
0,4334,0.4050329
0,4335,0.4643895
0,4336,0.5269945
0,4337,0.5922439
0,4338,0.6595739
0,4339,0.7284671
0,4340,0.7984567
0,4341,0.869125
0,4342,0.9401037
0,4343,1.01107
0,4344,1.081743
0,4345,1.151883
0,4346,1.221285
0,4347,1.289776
0,4348,1.357211
0,4349,1.423473
0,4350,1.488465
0,4351,1.552113
0,4352,1.614359
0,4353,1.67516
0,4354,1.734486
0,4355,1.792321
0,4356,1.848657
0,4357,1.903493
0,4358,1.956838
0,4359,2.008708
0,4360,2.059119
0,4361,2.108098
0,4362,2.155669
0,4363,2.201862
0,4364,2.24671
0,4365,2.290245
0,4366,2.332502
0,4367,2.373516
0,4368,2.413323
0,4369,2.45196
0,4370,2.489461
0,4371,2.525864
0,4372,2.561204
0,4373,2.595515
0,4374,2.628833
0,4375,2.661191
0,4376,2.692621
0,4377,2.723157
0,4378,2.752828
0,4379,2.781666
0,4380,2.809699
0,4381,2.836956
0,4382,2.863463
0,4383,2.889248
0,4384,2.914335
0,4385,2.938749
0,4386,2.962514
0,4387,2.985652
0,4388,3.008185
0,4389,3.030134
0,4390,3.051519
0,4391,3.072359
0,4392,3.092673
0,4393,3.112479
0,4394,3.131793
0,4395,3.150631
0,4396,3.169009
0,4397,3.186942
0,4398,3.204444
0,4399,3.221529
0,4400,3.238211
0,4401,3.254503
0,4402,3.270416
0,4403,3.285962
0,4404,3.301153
0,4405,3.315999
0,4406,3.330509
0,4407,3.344695
0,4408,3.358564
0,4409,3.372127
0,4410,3.385392
0,4411,3.398368
0,4412,3.411064
0,4413,3.423486
0,4414,3.435643
0,4415,3.447541
0,4416,3.459188
0,4417,3.470588
0,4418,3.48175
0,4419,3.49268
0,4420,3.503382
0,4421,3.513864
0,4422,3.524131
0,4423,3.534187
0,4424,3.544039
0,4425,3.553688
0,4426,3.563138
0,4427,3.572362
0,4428,3.58121
0,4429,3.589391
0,4430,3.596568
0,4431,3.602444
0,4432,3.606791
0,4433,3.609445
0,4434,3.610302
0,4435,3.609304
0,4436,3.606438
0,4437,3.601707
0,4438,3.595143
0,4439,3.586783
0,4440,3.576665
0,4441,3.564845
0,4442,3.551369
0,4443,3.536294
0,4444,3.519671
0,4445,3.501558
0,4446,3.482009
0,4447,3.461075
0,4448,3.438814
0,4449,3.415275
0,4450,3.390505
0,4451,3.364556
0,4452,3.337469
0,4453,3.309287
0,4454,3.280053
0,4455,3.249804
0,4456,3.218576
0,4457,3.186406
0,4458,3.153327
0,4459,3.119372
0,4460,3.084571
0,4461,3.048955
0,4462,3.012551
0,4463,2.975388
0,4464,2.937491
0,4465,2.898885
0,4466,2.859594
0,4467,2.819642
0,4468,2.779049
0,4469,2.737836
0,4470,2.696025
0,4471,2.653633
0,4472,2.610678
0,4473,2.56718
0,4474,2.523154
0,4475,2.478618
0,4476,2.433586
0,4477,2.388073
0,4478,2.342096
0,4479,2.295673
0,4480,2.248901
0,4481,2.202057
0,4482,2.155519
0,4483,2.10965
0,4484,2.064745
0,4485,2.021018
0,4486,1.978606
0,4487,1.93759
0,4488,1.898005
0,4489,1.859853
0,4490,1.823112
0,4491,1.787747
0,4492,1.753708
0,4493,1.720944
0,4494,1.689395
0,4495,1.659004
0,4496,1.629712
0,4497,1.601462
0,4498,1.574199
0,4499,1.547871
0,4500,1.522426
0,4501,1.497817
0,4502,1.474
0,4503,1.450932
0,4504,1.428573
0,4505,1.406887
0,4506,1.38584
0,4507,1.365398
0,4508,1.345533
0,4509,1.326215
0,4510,1.307417
0,4511,1.289112
0,4512,1.271274
0,4513,1.253878
0,4514,1.236902
0,4515,1.220327
0,4516,1.204135
0,4517,1.18831
0,4518,1.172837
0,4519,1.157703
0,4520,1.142895
0,4521,1.128402
0,4522,1.114213
0,4523,1.100318
0,4524,1.086708
0,4525,1.073374
0,4526,1.060308
0,4527,1.047501
0,4528,1.034947
0,4529,1.022638
0,4530,1.010567
0,4531,0.9987291
0,4532,0.987117
0,4533,0.975725
0,4534,0.9645475
0,4535,0.9535792
0,4536,0.9428149
0,4537,0.9322497
0,4538,0.9218786
0,4539,0.9116973
0,4540,0.9017013
0,4541,0.8918864
0,4542,0.8822485
0,4543,0.8727835
0,4544,0.8634877
0,4545,0.8543573
0,4546,0.8453887
0,4547,0.8365784
0,4548,0.827923
0,4549,0.8194193
0,4550,0.8110639
0,4551,0.8028541
0,4552,0.7947865
0,4553,0.7868584
0,4554,0.7790669
0,4555,0.7714092
0,4556,0.7638826
0,4557,0.7564844
0,4558,0.7492123
0,4559,0.7420636
0,4560,0.7350359
0,4561,0.7281269
0,4562,0.7213342
0,4563,0.7146555
0,4564,0.7080886
0,4565,0.7016316
0,4566,0.6952821
0,4567,0.6890382
0,4568,0.6828979
0,4569,0.6768591
0,4570,0.67092
0,4571,0.6650788
0,4572,0.6593335
0,4573,0.6536824
0,4574,0.6481237
0,4575,0.6426557
0,4576,0.6372768
0,4577,0.6319853
0,4578,0.6267796
0,4579,0.6216581
0,4580,0.6166193
0,4581,0.6116616
0,4582,0.6067836
0,4583,0.6019839
0,4584,0.597261
0,4585,0.5926135
0,4586,0.5880401
0,4587,0.5835394
0,4588,0.5791101
0,4589,0.574751
0,4590,0.5704608
0,4591,0.5662382
0,4592,0.5620821
0,4593,0.5579912
0,4594,0.5539644
0,4595,0.5500007
0,4596,0.5460987
0,4597,0.5422575
0,4598,0.5384759
0,4599,0.534753
0,4600,0.5310877
0,4601,0.5274789
0,4602,0.5239258
0,4603,0.5204272
0,4604,0.5169822
0,4605,0.5135899
0,4606,0.5102494
0,4607,0.5069599
0,4608,0.5037202
0,4609,0.5005296
0,4610,0.4973873
0,4611,0.4942925
0,4612,0.4912442
0,4613,0.4882416
0,4614,0.4852841
0,4615,0.4823707
0,4616,0.4795008
0,4617,0.4766735
0,4618,0.4738882
0,4619,0.4711441
0,4620,0.4684405
0,4621,0.4657767
0,4622,0.463152
0,4623,0.4605657
0,4624,0.4580172
0,4625,0.4555058
0,4626,0.4530309
0,4627,0.4505919
0,4628,0.4481881
0,4629,0.4458189
0,4630,0.4434837
0,4631,0.4411821
0,4632,0.4389133
0,4633,0.4366768
0,4634,0.4344721
0,4635,0.4322986
0,4636,0.4301558
0,4637,0.4280431
0,4638,0.4259601
0,4639,0.4239062
0,4640,0.421881
0,4641,0.4198839
0,4642,0.4179145
0,4643,0.4159723
0,4644,0.4140569
0,4645,0.4121677
0,4646,0.4103044
0,4647,0.4084665
0,4648,0.4066535
0,4649,0.4048651
0,4650,0.4031008
0,4651,0.4013602
0,4652,0.399643
0,4653,0.3979486
0,4654,0.3962768
0,4655,0.3946272
0,4656,0.3929994
0,4657,0.3913929
0,4658,0.3898075
0,4659,0.3882428
0,4660,0.3866985
0,4661,0.3851741
0,4662,0.3836694
0,4663,0.3821841
0,4664,0.3807177
0,4665,0.3792701
0,4666,0.3778408
0,4667,0.3764296
0,4668,0.3750362
0,4669,0.3736602
0,4670,0.3723014
0,4671,0.3709596
0,4672,0.3696342
0,4673,0.3683253
0,4674,0.3670324
0,4675,0.3657553
0,4676,0.3644937
0,4677,0.3632473
0,4678,0.362016
0,4679,0.3607995
0,4680,0.3595974
0,4681,0.3584096
0,4682,0.3572359
0,4683,0.356076
0,4684,0.3549296
0,4685,0.3537966
0,4686,0.3526768
0,4687,0.3515698
0,4688,0.3504755
0,4689,0.3493938
0,4690,0.3483243
0,4691,0.3472669
0,4692,0.3462214
0,4693,0.3451875
0,4694,0.3441652
0,4695,0.3431542
0,4696,0.3421542
0,4697,0.3411653
0,4698,0.340187
0,4699,0.3392194
0,4700,0.3382622
0,4701,0.3373152
0,4702,0.3363783
0,4703,0.3354512
0,4704,0.334534
0,4705,0.3336263
0,4706,0.3327281
0,4707,0.3318391
0,4708,0.3309593
0,4709,0.3300884
0,4710,0.3292264
0,4711,0.328373
0,4712,0.3275282
0,4713,0.3266919
0,4714,0.3258638
0,4715,0.3250438
0,4716,0.3242319
0,4717,0.3234279
0,4718,0.3226316
0,4719,0.3218429
0,4720,0.3210618
0,4721,0.320288
0,4722,0.3195215
0,4723,0.3187622
0,4724,0.3180099
0,4725,0.3172646
0,4726,0.3165261
0,4727,0.3157943
0,4728,0.3150691
0,4729,0.3143504
0,4730,0.3136381
0,4731,0.3129321
0,4732,0.3122323
0,4733,0.3115386
0,4734,0.3108509
0,4735,0.3101691
0,4736,0.3094932
0,4737,0.308823
0,4738,0.3081584
0,4739,0.3074993
0,4740,0.3068458
0,4741,0.3061976
0,4742,0.3055547
0,4743,0.304917
0,4744,0.3042845
0,4745,0.303657
0,4746,0.3030345
0,4747,0.3024169
0,4748,0.3018042
0,4749,0.3011961
0,4750,0.3005928
0,4751,0.2999941
0,4752,0.2993999
0,4753,0.2988102
0,4754,0.2982248
0,4755,0.2976438
0,4756,0.2970671
0,4757,0.2964946
0,4758,0.2959262
0,4759,0.295362
0,4760,0.2948017
0,4761,0.2942454
0,4762,0.293693
0,4763,0.2931444
0,4764,0.2925996
0,4765,0.2920586
0,4766,0.2915212
0,4767,0.2909875
0,4768,0.2904573
0,4769,0.2899306
0,4770,0.2894074
0,4771,0.2888876
0,4772,0.2883711
0,4773,0.287858
0,4774,0.2873482
0,4775,0.2868415
0,4776,0.286338
0,4777,0.2858377
0,4778,0.2853404
0,4779,0.2848462
0,4780,0.284355
0,4781,0.2838667
0,4782,0.2833813
0,4783,0.2828988
0,4784,0.2824191
0,4785,0.2819422
0,4786,0.2814681
0,4787,0.2809967
0,4788,0.2805279
0,4789,0.2800618
0,4790,0.2795983
0,4791,0.2791373
0,4792,0.2786789
0,4793,0.278223
0,4794,0.2777695
0,4795,0.2773184
0,4796,0.2768698
0,4797,0.2764235
0,4798,0.2759795
0,4799,0.2755378
0,4800,0.2750984
0,4801,0.2746613
0,4802,0.2742263
0,4803,0.2737935
0,4804,0.2733629
0,4805,0.2729344
0,4806,0.272508
0,4807,0.2720836
0,4808,0.2716613
0,4809,0.2712409
0,4810,0.2708226
0,4811,0.2704063
0,4812,0.2699918
0,4813,0.2695793
0,4814,0.2691687
0,4815,0.2687599
0,4816,0.268353
0,4817,0.2679478
0,4818,0.2675445
0,4819,0.2671429
0,4820,0.2667431
0,4821,0.266345
0,4822,0.2659486
0,4823,0.2655539
0,4824,0.2651609
0,4825,0.2647695
0,4826,0.2643797
0,4827,0.2639916
0,4828,0.263605
0,4829,0.26322
0,4830,0.2628365
0,4831,0.2624545
0,4832,0.2620741
0,4833,0.2616952
0,4834,0.2613177
0,4835,0.2609417
0,4836,0.2605672
0,4837,0.260194
0,4838,0.2598223
0,4839,0.259452
0,4840,0.259083
0,4841,0.2587155
0,4842,0.2583492
0,4843,0.2579843
0,4844,0.2576207
0,4845,0.2572584
0,4846,0.2568974
0,4847,0.2565377
0,4848,0.2561792
0,4849,0.255822
0,4850,0.255466
0,4851,0.2551112
0,4852,0.2547576
0,4853,0.2544053
0,4854,0.2540541
0,4855,0.2537041
0,4856,0.2533553
0,4857,0.2530076
0,4858,0.252661
0,4859,0.2523156
0,4860,0.2519712
0,4861,0.251628
0,4862,0.2512859
0,4863,0.2509448
0,4864,0.2506048
0,4865,0.2502658
0,4866,0.2499279
0,4867,0.249591
0,4868,0.2492552
0,4869,0.2489203
0,4870,0.2485865
0,4871,0.2482537
0,4872,0.2479218
0,4873,0.2475909
0,4874,0.247261
0,4875,0.2469321
0,4876,0.2466041
0,4877,0.246277
0,4878,0.2459509
0,4879,0.2456257
0,4880,0.2453014
0,4881,0.2449781
0,4882,0.2446556
0,4883,0.244334
0,4884,0.2440133
0,4885,0.2436935
0,4886,0.2433745
0,4887,0.2430565
0,4888,0.2427392
0,4889,0.2424228
0,4890,0.2421073
0,4891,0.2417926
0,4892,0.2414787
0,4893,0.2411657
0,4894,0.2408534
0,4895,0.240542
0,4896,0.2402314
0,4897,0.2399215
0,4898,0.2396125
0,4899,0.2393042
0,4900,0.2389967
0,4901,0.23869
0,4902,0.2383841
0,4903,0.2380789
0,4904,0.2377744
0,4905,0.2374707
0,4906,0.2371678
0,4907,0.2368656
0,4908,0.2365641
0,4909,0.2362634
0,4910,0.2359633
0,4911,0.235664
0,4912,0.2353654
0,4913,0.2350675
0,4914,0.2347703
0,4915,0.2344739
0,4916,0.234178
0,4917,0.2338829
0,4918,0.2335885
0,4919,0.2332947
0,4920,0.2330017
0,4921,0.2327092
0,4922,0.2324175
0,4923,0.2321264
0,4924,0.231836
0,4925,0.2315462
0,4926,0.2312571
0,4927,0.2309686
0,4928,0.2306808
0,4929,0.2303936
0,4930,0.230107
0,4931,0.2298211
0,4932,0.2295357
0,4933,0.229251
0,4934,0.2289669
0,4935,0.2286834
0,4936,0.2284005
0,4937,0.2281183
0,4938,0.2278366
0,4939,0.2275555
0,4940,0.227275
0,4941,0.2269951
0,4942,0.2267158
0,4943,0.2264371
0,4944,0.226159
0,4945,0.2258814
0,4946,0.2256044
0,4947,0.225328
0,4948,0.2250522
0,4949,0.2247769
0,4950,0.2245021
0,4951,0.224228
0,4952,0.2239544
0,4953,0.2236813
0,4954,0.2234088
0,4955,0.2231368
0,4956,0.2228654
0,4957,0.2225945
0,4958,0.2223242
0,4959,0.2220544
0,4960,0.2217851
0,4961,0.2215164
0,4962,0.2212482
0,4963,0.2209805
0,4964,0.2207134
0,4965,0.2204468
0,4966,0.2201807
0,4967,0.2199151
0,4968,0.21965
0,4969,0.2193854
0,4970,0.2191214
0,4971,0.2188578
0,4972,0.2185948
0,4973,0.2183322
0,4974,0.2180702
0,4975,0.2178086
0,4976,0.2175476
0,4977,0.217287
0,4978,0.2170269
0,4979,0.2167674
0,4980,0.2165083
0,4981,0.2162497
0,4982,0.2159916
0,4983,0.2157339
0,4984,0.2154768
0,4985,0.2152201
0,4986,0.2149639
0,4987,0.2147082
0,4988,0.214453
0,4989,0.2141982
0,4990,0.2139439
0,4991,0.2136901
0,4992,0.2134368
0,4993,0.2131839
0,4994,0.2129315
0,4995,0.2126795
0,4996,0.212428
0,4997,0.2121769
0,4998,0.2119264
0,4999,0.2116762
0,5000,0.2114265
0,5001,0.2111773
0,5002,0.2109285
0,5003,0.2106802
0,5004,0.2104323
0,5005,0.2101849
0,5006,0.2099379
0,5007,0.2096914
0,5008,0.2094453
0,5009,0.2091996
0,5010,0.2089543
0,5011,0.2087096
0,5012,0.2084652
0,5013,0.2082213
0,5014,0.2079778
0,5015,0.2077347
0,5016,0.2074921
0,5017,0.2072499
0,5018,0.2070081
0,5019,0.2067667
0,5020,0.2065258
0,5021,0.2062853
0,5022,0.2060452
0,5023,0.2058055
0,5024,0.2055662
0,5025,0.2053273
0,5026,0.2050889
0,5027,0.2048509
0,5028,0.2046133
0,5029,0.2043761
0,5030,0.2041393
0,5031,0.2039029
0,5032,0.2036669
0,5033,0.2034314
0,5034,0.2031962
0,5035,0.2029614
0,5036,0.2027271
0,5037,0.2024931
0,5038,0.2022595
0,5039,0.2020264
0,5040,0.2017936
0,5041,0.2015612
0,5042,0.2013292
0,5043,0.2010977
0,5044,0.2008665
0,5045,0.2006357
0,5046,0.2004052
0,5047,0.2001752
0,5048,0.1999456
0,5049,0.1997163
0,5050,0.1994875
0,5051,0.199259
0,5052,0.1990309
0,5053,0.1988032
0,5054,0.1985759
0,5055,0.1983489
0,5056,0.1981224
0,5057,0.1978962
0,5058,0.1976704
0,5059,0.1974449
0,5060,0.1972199
0,5061,0.1969952
0,5062,0.1967709
0,5063,0.1965469
0,5064,0.1963234
0,5065,0.1961002
0,5066,0.1958774
0,5067,0.1956549
0,5068,0.1954328
0,5069,0.1952111
0,5070,0.1949898
0,5071,0.1947688
0,5072,0.1945482
0,5073,0.1943279
0,5074,0.194108
0,5075,0.1938885
0,5076,0.1936693
0,5077,0.1934506
0,5078,0.1932321
0,5079,0.193014
0,5080,0.1927963
0,5081,0.1925789
0,5082,0.1923619
0,5083,0.1921453
0,5084,0.191929
0,5085,0.191713
0,5086,0.1914974
0,5087,0.1912822
0,5088,0.1910673
0,5089,0.1908527
0,5090,0.1906385
0,5091,0.1904247
0,5092,0.1902112
0,5093,0.189998
0,5094,0.1897852
0,5095,0.1895728
0,5096,0.1893607
0,5097,0.1891489
0,5098,0.1889375
0,5099,0.1887264
0,5100,0.1885156
0,5101,0.1883052
0,5102,0.1880952
0,5103,0.1878855
0,5104,0.1876761
0,5105,0.187467
0,5106,0.1872583
0,5107,0.1870499
0,5108,0.1868419
0,5109,0.1866342
0,5110,0.1864268
0,5111,0.1862198
0,5112,0.1860131
0,5113,0.1858067
0,5114,0.1856007
0,5115,0.185395
0,5116,0.1851896
0,5117,0.1849845
0,5118,0.1847798
0,5119,0.1845754
0,5120,0.1843713
0,5121,0.1841676
0,5122,0.1839642
0,5123,0.1837611
0,5124,0.1835583
0,5125,0.1833559
0,5126,0.1831537
0,5127,0.1829519
0,5128,0.1827504
0,5129,0.1825493
0,5130,0.1823484
0,5131,0.1821479
0,5132,0.1819477
0,5133,0.1817478
0,5134,0.1815482
0,5135,0.1813489
0,5136,0.18115
0,5137,0.1809513
0,5138,0.180753
0,5139,0.180555
0,5140,0.1803573
0,5141,0.18016
0,5142,0.1799629
0,5143,0.1797661
0,5144,0.1795697
0,5145,0.1793736
0,5146,0.1791777
0,5147,0.1789822
0,5148,0.178787
0,5149,0.1785921
0,5150,0.1783975
0,5151,0.1782032
0,5152,0.1780092
0,5153,0.1778155
0,5154,0.1776222
0,5155,0.1774291
0,5156,0.1772363
0,5157,0.1770438
0,5158,0.1768517
0,5159,0.1766598
0,5160,0.1764682
0,5161,0.176277
0,5162,0.176086
0,5163,0.1758953
0,5164,0.1757049
0,5165,0.1755149
0,5166,0.1753251
0,5167,0.1751356
0,5168,0.1749464
0,5169,0.1747575
0,5170,0.1745689
0,5171,0.1743806
0,5172,0.1741926
0,5173,0.1740049
0,5174,0.1738174
0,5175,0.1736303
0,5176,0.1734434
0,5177,0.1732569
0,5178,0.1730706
0,5179,0.1728846
0,5180,0.1726989
0,5181,0.1725135
0,5182,0.1723284
0,5183,0.1721436
0,5184,0.171959
0,5185,0.1717748
0,5186,0.1715908
0,5187,0.1714071
0,5188,0.1712237
0,5189,0.1710406
0,5190,0.1708578
0,5191,0.1706752
0,5192,0.1704929
0,5193,0.1703109
0,5194,0.1701292
0,5195,0.1699478
0,5196,0.1697666
0,5197,0.1695858
0,5198,0.1694052
0,5199,0.1692248
0,5200,0.1690448
0,5201,0.168865
0,5202,0.1686856
0,5203,0.1685063
0,5204,0.1683274
0,5205,0.1681487
0,5206,0.1679703
0,5207,0.1677922
0,5208,0.1676144
0,5209,0.1674368
0,5210,0.1672595
0,5211,0.1670825
0,5212,0.1669057
0,5213,0.1667293
0,5214,0.1665531
0,5215,0.1663771
0,5216,0.1662014
0,5217,0.166026
0,5218,0.1658509
0,5219,0.165676
0,5220,0.1655014
0,5221,0.1653271
0,5222,0.165153
0,5223,0.1649792
0,5224,0.1648056
0,5225,0.1646324
0,5226,0.1644593
0,5227,0.1642866
0,5228,0.1641141
0,5229,0.1639419
0,5230,0.1637699
0,5231,0.1635982
0,5232,0.1634267
0,5233,0.1632555
0,5234,0.1630846
0,5235,0.1629139
0,5236,0.1627435
0,5237,0.1625734
0,5238,0.1624035
0,5239,0.1622339
0,5240,0.1620645
0,5241,0.1618954
0,5242,0.1617265
0,5243,0.1615579
0,5244,0.1613895
0,5245,0.1612214
0,5246,0.1610536
0,5247,0.160886
0,5248,0.1607187
0,5249,0.1605516
0,5250,0.1603847
0,5251,0.1602181
0,5252,0.1600518
0,5253,0.1598857
0,5254,0.1597199
0,5255,0.1595543
0,5256,0.159389
0,5257,0.1592239
0,5258,0.1590591
0,5259,0.1588945
0,5260,0.1587302
0,5261,0.1585661
0,5262,0.1584023
0,5263,0.1582387
0,5264,0.1580753
0,5265,0.1579122
0,5266,0.1577493
0,5267,0.1575867
0,5268,0.1574243
0,5269,0.1572622
0,5270,0.1571003
0,5271,0.1569387
0,5272,0.1567772
0,5273,0.1566161
0,5274,0.1564551
0,5275,0.1562945
0,5276,0.156134
0,5277,0.1559738
0,5278,0.1558138
0,5279,0.1556541
0,5280,0.1554946
0,5281,0.1553354
0,5282,0.1551763
0,5283,0.1550176
0,5284,0.154859
0,5285,0.1547007
0,5286,0.1545426
0,5287,0.1543848
0,5288,0.1542272
0,5289,0.1540698
0,5290,0.1539127
0,5291,0.1537558
0,5292,0.1535992
0,5293,0.1534427
0,5294,0.1532865
0,5295,0.1531306
0,5296,0.1529748
0,5297,0.1528193
0,5298,0.1526641
0,5299,0.152509
0,5300,0.1523542
0,5301,0.1521996
0,5302,0.1520453
0,5303,0.1518912
0,5304,0.1517373
0,5305,0.1515836
0,5306,0.1514302
0,5307,0.1512769
0,5308,0.151124
0,5309,0.1509712
0,5310,0.1508187
0,5311,0.1506664
0,5312,0.1505143
0,5313,0.1503624
0,5314,0.1502108
0,5315,0.1500593
0,5316,0.1499081
0,5317,0.1497572
0,5318,0.1496064
0,5319,0.1494559
0,5320,0.1493056
0,5321,0.1491555
0,5322,0.1490056
0,5323,0.148856
0,5324,0.1487065
0,5325,0.1485573
0,5326,0.1484084
0,5327,0.1482596
0,5328,0.148111
0,5329,0.1479627
0,5330,0.1478146
0,5331,0.1476667
0,5332,0.147519
0,5333,0.1473715
0,5334,0.1472243
0,5335,0.1470772
0,5336,0.1469304
0,5337,0.1467838
0,5338,0.1466374
0,5339,0.1464912
0,5340,0.1463453
0,5341,0.1461995
0,5342,0.146054
0,5343,0.1459087
0,5344,0.1457635
0,5345,0.1456186
0,5346,0.145474
0,5347,0.1453295
0,5348,0.1451852
0,5349,0.1450412
0,5350,0.1448973
0,5351,0.1447537
0,5352,0.1446102
0,5353,0.144467
0,5354,0.144324
0,5355,0.1441812
0,5356,0.1440386
0,5357,0.1438962
0,5358,0.143754
0,5359,0.143612
0,5360,0.1434703
0,5361,0.1433287
0,5362,0.1431873
0,5363,0.1430462
0,5364,0.1429052
0,5365,0.1427644
0,5366,0.1426239
0,5367,0.1424835
0,5368,0.1423434
0,5369,0.1422035
0,5370,0.1420637
0,5371,0.1419242
0,5372,0.1417848
0,5373,0.1416457
0,5374,0.1415068
0,5375,0.141368
0,5376,0.1412295
0,5377,0.1410911
0,5378,0.140953
0,5379,0.1408151
0,5380,0.1406773
0,5381,0.1405398
0,5382,0.1404024
0,5383,0.1402653
0,5384,0.1401283
0,5385,0.1399916
0,5386,0.139855
0,5387,0.1397187
0,5388,0.1395825
0,5389,0.1394465
0,5390,0.1393107
0,5391,0.1391752
0,5392,0.1390398
0,5393,0.1389046
0,5394,0.1387696
0,5395,0.1386348
0,5396,0.1385001
0,5397,0.1383657
0,5398,0.1382315
0,5399,0.1380975
0,5400,0.1379636
0,5401,0.1378299
0,5402,0.1376965
0,5403,0.1375632
0,5404,0.1374301
0,5405,0.1372972
0,5406,0.1371645
0,5407,0.137032
0,5408,0.1368997
0,5409,0.1367675
0,5410,0.1366355
0,5411,0.1365038
0,5412,0.1363722
0,5413,0.1362408
0,5414,0.1361096
0,5415,0.1359786
0,5416,0.1358477
0,5417,0.1357171
0,5418,0.1355866
0,5419,0.1354563
0,5420,0.1353262
0,5421,0.1351963
0,5422,0.1350666
0,5423,0.134937
0,5424,0.1348077
0,5425,0.1346785
0,5426,0.1345495
0,5427,0.1344207
0,5428,0.1342921
0,5429,0.1341636
0,5430,0.1340353
0,5431,0.1339072
0,5432,0.1337793
0,5433,0.1336516
0,5434,0.133524
0,5435,0.1333967
0,5436,0.1332695
0,5437,0.1331425
0,5438,0.1330156
0,5439,0.132889
0,5440,0.1327625
0,5441,0.1326362
0,5442,0.1325101
0,5443,0.1323841
0,5444,0.1322584
0,5445,0.1321328
0,5446,0.1320074
0,5447,0.1318821
0,5448,0.1317571
0,5449,0.1316321
0,5450,0.1315074
0,5451,0.1313829
0,5452,0.1312585
0,5453,0.1311343
0,5454,0.1310103
0,5455,0.1308865
0,5456,0.1307628
0,5457,0.1306393
0,5458,0.1305159
0,5459,0.1303928
0,5460,0.1302698
0,5461,0.130147
0,5462,0.1300243
0,5463,0.1299019
0,5464,0.1297796
0,5465,0.1296574
0,5466,0.1295355
0,5467,0.1294137
0,5468,0.129292
0,5469,0.1291706
0,5470,0.1290493
0,5471,0.1289282
0,5472,0.1288072
0,5473,0.1286864
0,5474,0.1285658
0,5475,0.1284454
0,5476,0.1283251
0,5477,0.128205
0,5478,0.128085
0,5479,0.1279652
0,5480,0.1278456
0,5481,0.1277262
0,5482,0.1276069
0,5483,0.1274878
0,5484,0.1273688
0,5485,0.12725
0,5486,0.1271314
0,5487,0.1270129
0,5488,0.1268946
0,5489,0.1267765
0,5490,0.1266585
0,5491,0.1265407
0,5492,0.126423
0,5493,0.1263055
0,5494,0.1261882
0,5495,0.126071
0,5496,0.125954
0,5497,0.1258372
0,5498,0.1257205
0,5499,0.125604
0,5500,0.1254876
0,5501,0.1253714
0,5502,0.1252553
0,5503,0.1251395
0,5504,0.1250237
0,5505,0.1249082
0,5506,0.1247927
0,5507,0.1246775
0,5508,0.1245624
0,5509,0.1244475
0,5510,0.1243327
0,5511,0.124218
0,5512,0.1241036
0,5513,0.1239893
0,5514,0.1238751
0,5515,0.1237611
0,5516,0.1236472
0,5517,0.1235335
0,5518,0.12342
0,5519,0.1233066
0,5520,0.1231934
0,5521,0.1230803
0,5522,0.1229674
0,5523,0.1228546
0,5524,0.122742
0,5525,0.1226295
0,5526,0.1225172
0,5527,0.1224051
0,5528,0.1222931
0,5529,0.1221812
0,5530,0.1220695
0,5531,0.121958
0,5532,0.1218466
0,5533,0.1217353
0,5534,0.1216242
0,5535,0.1215133
0,5536,0.1214025
0,5537,0.1212918
0,5538,0.1211813
0,5539,0.121071
0,5540,0.1209608
0,5541,0.1208507
0,5542,0.1207408
0,5543,0.1206311
0,5544,0.1205215
0,5545,0.120412
0,5546,0.1203027
0,5547,0.1201935
0,5548,0.1200845
0,5549,0.1199756
0,5550,0.1198669
0,5551,0.1197583
0,5552,0.1196499
0,5553,0.1195416
0,5554,0.1194335
0,5555,0.1193255
0,5556,0.1192176
0,5557,0.1191099
0,5558,0.1190024
0,5559,0.118895
0,5560,0.1187877
0,5561,0.1186806
0,5562,0.1185736
0,5563,0.1184667
0,5564,0.11836
0,5565,0.1182535
0,5566,0.1181471
0,5567,0.1180408
0,5568,0.1179347
0,5569,0.1178287
0,5570,0.1177228
0,5571,0.1176171
0,5572,0.1175115
0,5573,0.1174061
0,5574,0.1173008
0,5575,0.1171957
0,5576,0.1170907
0,5577,0.1169858
0,5578,0.1168811
0,5579,0.1167765
0,5580,0.116672
0,5581,0.1165677
0,5582,0.1164635
0,5583,0.1163595
0,5584,0.1162556
0,5585,0.1161519
0,5586,0.1160482
0,5587,0.1159448
0,5588,0.1158414
0,5589,0.1157382
0,5590,0.1156351
0,5591,0.1155322
0,5592,0.1154294
0,5593,0.1153267
0,5594,0.1152242
0,5595,0.1151218
0,5596,0.1150195
0,5597,0.1149174
0,5598,0.1148154
0,5599,0.1147135
0,5600,0.1146118
0,5601,0.1145102
0,5602,0.1144088
0,5603,0.1143075
0,5604,0.1142063
0,5605,0.1141052
0,5606,0.1140043
0,5607,0.1139035
0,5608,0.1138029
0,5609,0.1137023
0,5610,0.1136019
0,5611,0.1135017
0,5612,0.1134015
0,5613,0.1133015
0,5614,0.1132017
0,5615,0.1131019
0,5616,0.1130023
0,5617,0.1129029
0,5618,0.1128035
0,5619,0.1127043
0,5620,0.1126052
0,5621,0.1125063
0,5622,0.1124074
0,5623,0.1123087
0,5624,0.1122102
0,5625,0.1121117
0,5626,0.1120134
0,5627,0.1119152
0,5628,0.1118172
0,5629,0.1117193
0,5630,0.1116214
0,5631,0.1115238
0,5632,0.1114262
0,5633,0.1113288
0,5634,0.1112315
0,5635,0.1111343
0,5636,0.1110373
0,5637,0.1109404
0,5638,0.1108436
0,5639,0.1107469
0,5640,0.1106504
0,5641,0.110554
0,5642,0.1104577
0,5643,0.1103615
0,5644,0.1102654
0,5645,0.1101695
0,5646,0.1100737
0,5647,0.1099781
0,5648,0.1098825
0,5649,0.1097871
0,5650,0.1096918
0,5651,0.1095966
0,5652,0.1095015
0,5653,0.1094066
0,5654,0.1093118
0,5655,0.1092171
0,5656,0.1091225
0,5657,0.1090281
0,5658,0.1089338
0,5659,0.1088396
0,5660,0.1087455
0,5661,0.1086515
0,5662,0.1085577
0,5663,0.108464
0,5664,0.1083704
0,5665,0.1082769
0,5666,0.1081835
0,5667,0.1080903
0,5668,0.1079972
0,5669,0.1079042
0,5670,0.1078113
0,5671,0.1077185
0,5672,0.1076259
0,5673,0.1075333
0,5674,0.1074409
0,5675,0.1073486
0,5676,0.1072565
0,5677,0.1071644
0,5678,0.1070725
0,5679,0.1069806
0,5680,0.1068889
0,5681,0.1067974
0,5682,0.1067059
0,5683,0.1066145
0,5684,0.1065233
0,5685,0.1064322
0,5686,0.1063412
0,5687,0.1062503
0,5688,0.1061595
0,5689,0.1060688
0,5690,0.1059783
0,5691,0.1058878
0,5692,0.1057975
0,5693,0.1057073
0,5694,0.1056172
0,5695,0.1055273
0,5696,0.1054374
0,5697,0.1053476
0,5698,0.105258
0,5699,0.1051685
0,5700,0.1050791
0,5701,0.1049898
0,5702,0.1049006
0,5703,0.1048115
0,5704,0.1047226
0,5705,0.1046337
0,5706,0.104545
0,5707,0.1044564
0,5708,0.1043678
0,5709,0.1042794
0,5710,0.1041911
0,5711,0.104103
0,5712,0.1040149
0,5713,0.1039269
0,5714,0.1038391
0,5715,0.1037514
0,5716,0.1036637
0,5717,0.1035762
0,5718,0.1034888
0,5719,0.1034015
0,5720,0.1033143
0,5721,0.1032272
0,5722,0.1031403
0,5723,0.1030534
0,5724,0.1029666
0,5725,0.10288
0,5726,0.1027935
0,5727,0.102707
0,5728,0.1026207
0,5729,0.1025345
0,5730,0.1024484
0,5731,0.1023624
0,5732,0.1022765
0,5733,0.1021907
0,5734,0.102105
0,5735,0.1020194
0,5736,0.101934
0,5737,0.1018486
0,5738,0.1017634
0,5739,0.1016782
0,5740,0.1015932
0,5741,0.1015082
0,5742,0.1014234
0,5743,0.1013387
0,5744,0.1012541
0,5745,0.1011695
0,5746,0.1010851
0,5747,0.1010008
0,5748,0.1009166
0,5749,0.1008325
0,5750,0.1007485
0,5751,0.1006646
0,5752,0.1005808
0,5753,0.1004971
0,5754,0.1004136
0,5755,0.1003301
0,5756,0.1002467
0,5757,0.1001634
0,5758,0.1000802
0,5759,0.09999717
0,5760,0.0999142
0,5761,0.09983227
0,5762,0.09983691
0,5763,0.1004886
0,5764,0.1029246
0,5765,0.1084946
0,5766,0.1184488
0,5767,0.1337733
0,5768,0.1551223
0,5769,0.1828119
0,5770,0.2168504
0,5771,0.2569954
0,5772,0.3028202
0,5773,0.3537768
0,5774,0.4092513
0,5775,0.4686055
0,5776,0.5312081
0,5777,0.5964552
0,5778,0.6637828
0,5779,0.7326738
0,5780,0.8026609
0,5781,0.873327
0,5782,0.9443033
0,5783,1.015267
0,5784,1.085938
0,5785,1.156076
0,5786,1.225476
0,5787,1.293964
0,5788,1.361397
0,5789,1.427656
0,5790,1.492646
0,5791,1.556292
0,5792,1.618535
0,5793,1.679333
0,5794,1.738657
0,5795,1.796489
0,5796,1.85282
0,5797,1.907653
0,5798,1.960995
0,5799,2.012862
0,5800,2.063272
0,5801,2.112248
0,5802,2.159817
0,5803,2.206009
0,5804,2.250854
0,5805,2.294388
0,5806,2.336643
0,5807,2.377655
0,5808,2.41746
0,5809,2.456094
0,5810,2.493594
0,5811,2.529996
0,5812,2.565334
0,5813,2.599644
0,5814,2.63296
0,5815,2.665316
0,5816,2.696744
0,5817,2.727278
0,5818,2.756947
0,5819,2.785782
0,5820,2.813812
0,5821,2.841065
0,5822,2.86757
0,5823,2.893351
0,5824,2.918436
0,5825,2.942848
0,5826,2.96661
0,5827,2.989746
0,5828,3.012276
0,5829,3.034223
0,5830,3.055605
0,5831,3.076443
0,5832,3.096755
0,5833,3.116558
0,5834,3.135869
0,5835,3.154704
0,5836,3.17308
0,5837,3.191011
0,5838,3.208513
0,5839,3.225597
0,5840,3.242279
0,5841,3.258569
0,5842,3.274481
0,5843,3.290025
0,5844,3.305213
0,5845,3.320056
0,5846,3.334563
0,5847,3.348746
0,5848,3.362613
0,5849,3.376174
0,5850,3.389438
0,5851,3.402413
0,5852,3.415107
0,5853,3.427526
0,5854,3.439679
0,5855,3.451574
0,5856,3.463216
0,5857,3.474614
0,5858,3.485773
0,5859,3.496699
0,5860,3.5074
0,5861,3.517881
0,5862,3.528146
0,5863,3.538201
0,5864,3.548051
0,5865,3.557699
0,5866,3.567147
0,5867,3.576369
0,5868,3.585216
0,5869,3.593395
0,5870,3.60057
0,5871,3.606445
0,5872,3.61079
0,5873,3.613441
0,5874,3.614297
0,5875,3.613296
0,5876,3.610428
0,5877,3.605694
0,5878,3.599127
0,5879,3.590765
0,5880,3.580645
0,5881,3.568823
0,5882,3.555345
0,5883,3.540267
0,5884,3.523642
0,5885,3.505526
0,5886,3.485975
0,5887,3.465039
0,5888,3.442776
0,5889,3.419235
0,5890,3.394462
0,5891,3.368511
0,5892,3.341421
0,5893,3.313237
0,5894,3.284001
0,5895,3.253749
0,5896,3.22252
0,5897,3.190347
0,5898,3.157267
0,5899,3.123309
0,5900,3.088506
0,5901,3.052887
0,5902,3.016481
0,5903,2.979316
0,5904,2.941417
0,5905,2.902809
0,5906,2.863516
0,5907,2.823561
0,5908,2.782966
0,5909,2.741751
0,5910,2.699937
0,5911,2.657543
0,5912,2.614587
0,5913,2.571086
0,5914,2.527058
0,5915,2.48252
0,5916,2.437485
0,5917,2.391971
0,5918,2.345991
0,5919,2.299566
0,5920,2.252792
0,5921,2.205946
0,5922,2.159405
0,5923,2.113534
0,5924,2.068628
0,5925,2.024898
0,5926,1.982484
0,5927,1.941466
0,5928,1.901879
0,5929,1.863724
0,5930,1.826982
0,5931,1.791614
0,5932,1.757574
0,5933,1.724807
0,5934,1.693256
0,5935,1.662863
0,5936,1.633569
0,5937,1.605317
0,5938,1.578052
0,5939,1.551721
0,5940,1.526274
0,5941,1.501663
0,5942,1.477844
0,5943,1.454773
0,5944,1.432413
0,5945,1.410725
0,5946,1.389675
0,5947,1.369231
0,5948,1.349364
0,5949,1.330044
0,5950,1.311244
0,5951,1.292937
0,5952,1.275097
0,5953,1.257698
0,5954,1.24072
0,5955,1.224143
0,5956,1.207949
0,5957,1.192122
0,5958,1.176646
0,5959,1.16151
0,5960,1.1467
0,5961,1.132205
0,5962,1.118014
0,5963,1.104118
0,5964,1.090505
0,5965,1.077169
0,5966,1.064101
0,5967,1.051292
0,5968,1.038736
0,5969,1.026424
0,5970,1.014352
0,5971,1.002511
0,5972,0.9908971
0,5973,0.979503
0,5974,0.9683235
0,5975,0.9573532
0,5976,0.9465867
0,5977,0.9360194
0,5978,0.9256463
0,5979,0.9154629
0,5980,0.9054648
0,5981,0.8956478
0,5982,0.8860078
0,5983,0.8765408
0,5984,0.8672429
0,5985,0.8581104
0,5986,0.8491398
0,5987,0.8403274
0,5988,0.8316699
0,5989,0.8231641
0,5990,0.8148068
0,5991,0.8065948
0,5992,0.7985252
0,5993,0.790595
0,5994,0.7828014
0,5995,0.7751417
0,5996,0.767613
0,5997,0.7602128
0,5998,0.7529386
0,5999,0.7457879
0,6000,0.7387581
0,6001,0.731847
0,6002,0.7250522
0,6003,0.7183715
0,6004,0.7118027
0,6005,0.7053435
0,6006,0.698992
0,6007,0.692746
0,6008,0.6866037
0,6009,0.6805629
0,6010,0.6746218
0,6011,0.6687784
0,6012,0.6630311
0,6013,0.657378
0,6014,0.6518173
0,6015,0.6463473
0,6016,0.6409664
0,6017,0.6356728
0,6018,0.630465
0,6019,0.6253415
0,6020,0.6203007
0,6021,0.6153409
0,6022,0.6104609
0,6023,0.6056592
0,6024,0.6009342
0,6025,0.5962847
0,6026,0.5917093
0,6027,0.5872065
0,6028,0.5827753
0,6029,0.5784141
0,6030,0.5741219
0,6031,0.5698973
0,6032,0.5657392
0,6033,0.5616463
0,6034,0.5576175
0,6035,0.5536517
0,6036,0.5497477
0,6037,0.5459045
0,6038,0.5421209
0,6039,0.538396
0,6040,0.5347286
0,6041,0.5311179
0,6042,0.5275627
0,6043,0.5240621
0,6044,0.5206151
0,6045,0.5172209
0,6046,0.5138783
0,6047,0.5105867
0,6048,0.5073451
0,6049,0.5041525
0,6050,0.5010083
0,6051,0.4979114
0,6052,0.4948611
0,6053,0.4918565
0,6054,0.488897
0,6055,0.4859816
0,6056,0.4831097
0,6057,0.4802805
0,6058,0.4774932
0,6059,0.4747471
0,6060,0.4720415
0,6061,0.4693756
0,6062,0.466749
0,6063,0.4641607
0,6064,0.4616102
0,6065,0.4590968
0,6066,0.4566199
0,6067,0.4541789
0,6068,0.4517731
0,6069,0.449402
0,6070,0.4470649
0,6071,0.4447612
0,6072,0.4424904
0,6073,0.440252
0,6074,0.4380453
0,6075,0.4358698
0,6076,0.433725
0,6077,0.4316104
0,6078,0.4295254
0,6079,0.4274696
0,6080,0.4254424
0,6081,0.4234433
0,6082,0.421472
0,6083,0.4195278
0,6084,0.4176104
0,6085,0.4157193
0,6086,0.413854
0,6087,0.4120141
0,6088,0.4101992
0,6089,0.4084088
0,6090,0.4066426
0,6091,0.4049
0,6092,0.4031808
0,6093,0.4014845
0,6094,0.3998108
0,6095,0.3981592
0,6096,0.3965294
0,6097,0.394921
0,6098,0.3933336
0,6099,0.391767
0,6100,0.3902207
0,6101,0.3886944
0,6102,0.3871878
0,6103,0.3857005
0,6104,0.3842322
0,6105,0.3827826
0,6106,0.3813514
0,6107,0.3799383
0,6108,0.3785429
0,6109,0.377165
0,6110,0.3758043
0,6111,0.3744605
0,6112,0.3731332
0,6113,0.3718223
0,6114,0.3705275
0,6115,0.3692484
0,6116,0.3679849
0,6117,0.3667367
0,6118,0.3655034
0,6119,0.3642849
0,6120,0.3630809
0,6121,0.3618913
0,6122,0.3607156
0,6123,0.3595538
0,6124,0.3584055
0,6125,0.3572706
0,6126,0.3561488
0,6127,0.3550399
0,6128,0.3539437
0,6129,0.3528601
0,6130,0.3517887
0,6131,0.3507293
0,6132,0.3496819
0,6133,0.3486462
0,6134,0.3476219
0,6135,0.346609
0,6136,0.3456071
0,6137,0.3446163
0,6138,0.3436361
0,6139,0.3426666
0,6140,0.3417074
0,6141,0.3407586
0,6142,0.3398197
0,6143,0.3388908
0,6144,0.3379717
0,6145,0.3370621
0,6146,0.3361619
0,6147,0.3352711
0,6148,0.3343893
0,6149,0.3335166
0,6150,0.3326527
0,6151,0.3317975
0,6152,0.3309508
0,6153,0.3301125
0,6154,0.3292825
0,6155,0.3284607
0,6156,0.3276469
0,6157,0.3268409
0,6158,0.3260428
0,6159,0.3252522
0,6160,0.3244692
0,6161,0.3236935
0,6162,0.3229252
0,6163,0.322164
0,6164,0.3214099
0,6165,0.3206626
0,6166,0.3199222
0,6167,0.3191885
0,6168,0.3184615
0,6169,0.3177409
0,6170,0.3170267
0,6171,0.3163189
0,6172,0.3156172
0,6173,0.3149216
0,6174,0.3142321
0,6175,0.3135484
0,6176,0.3128706
0,6177,0.3121985
0,6178,0.3115321
0,6179,0.3108712
0,6180,0.3102158
0,6181,0.3095657
0,6182,0.308921
0,6183,0.3082815
0,6184,0.307647
0,6185,0.3070177
0,6186,0.3063934
0,6187,0.3057739
0,6188,0.3051593
0,6189,0.3045494
0,6190,0.3039442
0,6191,0.3033437
0,6192,0.3027476
0,6193,0.302156
0,6194,0.3015689
0,6195,0.300986
0,6196,0.3004075
0,6197,0.2998331
0,6198,0.2992629
0,6199,0.2986968
0,6200,0.2981347
0,6201,0.2975765
0,6202,0.2970223
0,6203,0.2964719
0,6204,0.2959253
0,6205,0.2953824
0,6206,0.2948432
0,6207,0.2943076
0,6208,0.2937755
0,6209,0.293247
0,6210,0.292722
0,6211,0.2922004
0,6212,0.2916821
0,6213,0.2911671
0,6214,0.2906554
0,6215,0.290147
0,6216,0.2896417
0,6217,0.2891395
0,6218,0.2886404
0,6219,0.2881444
0,6220,0.2876513
0,6221,0.2871612
0,6222,0.286674
0,6223,0.2861897
0,6224,0.2857082
0,6225,0.2852295
0,6226,0.2847536
0,6227,0.2842803
0,6228,0.2838098
0,6229,0.2833418
0,6230,0.2828765
0,6231,0.2824137
0,6232,0.2819535
0,6233,0.2814957
0,6234,0.2810405
0,6235,0.2805876
0,6236,0.2801372
0,6237,0.279689
0,6238,0.2792433
0,6239,0.2787998
0,6240,0.2783586
0,6241,0.2779197
0,6242,0.2774829
0,6243,0.2770483
0,6244,0.2766159
0,6245,0.2761855
0,6246,0.2757573
0,6247,0.2753312
0,6248,0.2749071
0,6249,0.274485
0,6250,0.2740648
0,6251,0.2736467
0,6252,0.2732305
0,6253,0.2728162
0,6254,0.2724037
0,6255,0.2719932
0,6256,0.2715844
0,6257,0.2711775
0,6258,0.2707724
0,6259,0.2703691
0,6260,0.2699675
0,6261,0.2695676
0,6262,0.2691694
0,6263,0.268773
0,6264,0.2683781
0,6265,0.267985
0,6266,0.2675934
0,6267,0.2672035
0,6268,0.2668151
0,6269,0.2664283
0,6270,0.2660431
0,6271,0.2656594
0,6272,0.2652772
0,6273,0.2648965
0,6274,0.2645172
0,6275,0.2641395
0,6276,0.2637632
0,6277,0.2633882
0,6278,0.2630148
0,6279,0.2626427
0,6280,0.262272
0,6281,0.2619026
0,6282,0.2615346
0,6283,0.2611679
0,6284,0.2608026
0,6285,0.2604386
0,6286,0.2600758
0,6287,0.2597143
0,6288,0.2593541
0,6289,0.2589951
0,6290,0.2586373
0,6291,0.2582808
0,6292,0.2579255
0,6293,0.2575714
0,6294,0.2572185
0,6295,0.2568668
0,6296,0.2565162
0,6297,0.2561667
0,6298,0.2558184
0,6299,0.2554712
0,6300,0.2551252
0,6301,0.2547802
0,6302,0.2544363
0,6303,0.2540935
0,6304,0.2537517
0,6305,0.2534111
0,6306,0.2530714
0,6307,0.2527328
0,6308,0.2523952
0,6309,0.2520586
0,6310,0.2517231
0,6311,0.2513885
0,6312,0.2510549
0,6313,0.2507223
0,6314,0.2503907
0,6315,0.25006
0,6316,0.2497303
0,6317,0.2494015
0,6318,0.2490737
0,6319,0.2487468
0,6320,0.2484207
0,6321,0.2480956
0,6322,0.2477714
0,6323,0.2474481
0,6324,0.2471257
0,6325,0.2468042
0,6326,0.2464835
0,6327,0.2461637
0,6328,0.2458448
0,6329,0.2455267
0,6330,0.2452094
0,6331,0.244893
0,6332,0.2445774
0,6333,0.2442627
0,6334,0.2439487
0,6335,0.2436356
0,6336,0.2433232
0,6337,0.2430117
0,6338,0.2427009
0,6339,0.242391
0,6340,0.2420818
0,6341,0.2417734
0,6342,0.2414657
0,6343,0.2411588
0,6344,0.2408527
0,6345,0.2405473
0,6346,0.2402427
0,6347,0.2399388
0,6348,0.2396356
0,6349,0.2393331
0,6350,0.2390314
0,6351,0.2387304
0,6352,0.2384301
0,6353,0.2381305
0,6354,0.2378317
0,6355,0.2375335
0,6356,0.237236
0,6357,0.2369392
0,6358,0.236643
0,6359,0.2363476
0,6360,0.2360528
0,6361,0.2357588
0,6362,0.2354653
0,6363,0.2351726
0,6364,0.2348804
0,6365,0.234589
0,6366,0.2342982
0,6367,0.234008
0,6368,0.2337185
0,6369,0.2334296
0,6370,0.2331414
0,6371,0.2328538
0,6372,0.2325667
0,6373,0.2322804
0,6374,0.2319946
0,6375,0.2317094
0,6376,0.2314249
0,6377,0.2311409
0,6378,0.2308576
0,6379,0.2305748
0,6380,0.2302927
0,6381,0.2300112
0,6382,0.2297302
0,6383,0.2294499
0,6384,0.2291701
0,6385,0.2288909
0,6386,0.2286123
0,6387,0.2283342
0,6388,0.2280568
0,6389,0.2277799
0,6390,0.2275035
0,6391,0.2272277
0,6392,0.2269525
0,6393,0.2266778
0,6394,0.2264036
0,6395,0.22613
0,6396,0.225857
0,6397,0.2255845
0,6398,0.2253125
0,6399,0.2250411
0,6400,0.2247702
0,6401,0.2244999
0,6402,0.2242301
0,6403,0.2239608
0,6404,0.223692
0,6405,0.2234238
0,6406,0.223156
0,6407,0.2228889
0,6408,0.2226222
0,6409,0.222356
0,6410,0.2220903
0,6411,0.2218252
0,6412,0.2215605
0,6413,0.2212964
0,6414,0.2210327
0,6415,0.2207696
0,6416,0.2205069
0,6417,0.2202447
0,6418,0.2199831
0,6419,0.2197219
0,6420,0.2194612
0,6421,0.219201
0,6422,0.2189413
0,6423,0.2186821
0,6424,0.2184233
0,6425,0.2181651
0,6426,0.2179073
0,6427,0.21765
0,6428,0.2173931
0,6429,0.2171367
0,6430,0.2168808
0,6431,0.2166254
0,6432,0.2163704
0,6433,0.2161159
0,6434,0.2158619
0,6435,0.2156083
0,6436,0.2153552
0,6437,0.2151025
0,6438,0.2148503
0,6439,0.2145986
0,6440,0.2143473
0,6441,0.2140964
0,6442,0.213846
0,6443,0.2135961
0,6444,0.2133466
0,6445,0.2130975
0,6446,0.2128489
0,6447,0.2126007
0,6448,0.212353
0,6449,0.2121057
0,6450,0.2118588
0,6451,0.2116124
0,6452,0.2113664
0,6453,0.2111209
0,6454,0.2108757
0,6455,0.210631
0,6456,0.2103868
0,6457,0.210143
0,6458,0.2098995
0,6459,0.2096566
0,6460,0.209414
0,6461,0.2091719
0,6462,0.2089301
0,6463,0.2086889
0,6464,0.208448
0,6465,0.2082075
0,6466,0.2079675
0,6467,0.2077278
0,6468,0.2074886
0,6469,0.2072498
0,6470,0.2070114
0,6471,0.2067734
0,6472,0.2065359
0,6473,0.2062987
0,6474,0.2060619
0,6475,0.2058256
0,6476,0.2055896
0,6477,0.205354
0,6478,0.2051189
0,6479,0.2048842
0,6480,0.2046498
0,6481,0.2044158
0,6482,0.2041823
0,6483,0.2039491
0,6484,0.2037164
0,6485,0.203484
0,6486,0.203252
0,6487,0.2030204
0,6488,0.2027892
0,6489,0.2025584
0,6490,0.2023279
0,6491,0.2020979
0,6492,0.2018682
0,6493,0.201639
0,6494,0.2014101
0,6495,0.2011816
0,6496,0.2009534
0,6497,0.2007257
0,6498,0.2004983
0,6499,0.2002713
0,6500,0.2000447
0,6501,0.1998185
0,6502,0.1995926
0,6503,0.1993671
0,6504,0.199142
0,6505,0.1989173
0,6506,0.1986929
0,6507,0.1984689
0,6508,0.1982453
0,6509,0.198022
0,6510,0.1977991
0,6511,0.1975766
0,6512,0.1973544
0,6513,0.1971326
0,6514,0.1969112
0,6515,0.1966901
0,6516,0.1964694
0,6517,0.196249
0,6518,0.1960291
0,6519,0.1958094
0,6520,0.1955902
0,6521,0.1953712
0,6522,0.1951527
0,6523,0.1949345
0,6524,0.1947166
0,6525,0.1944991
0,6526,0.194282
0,6527,0.1940652
0,6528,0.1938488
0,6529,0.1936327
0,6530,0.193417
0,6531,0.1932016
0,6532,0.1929865
0,6533,0.1927719
0,6534,0.1925575
0,6535,0.1923435
0,6536,0.1921299
0,6537,0.1919166
0,6538,0.1917036
0,6539,0.191491
0,6540,0.1912787
0,6541,0.1910668
0,6542,0.1908552
0,6543,0.1906439
0,6544,0.190433
0,6545,0.1902224
0,6546,0.1900122
0,6547,0.1898023
0,6548,0.1895927
0,6549,0.1893835
0,6550,0.1891746
0,6551,0.188966
0,6552,0.1887577
0,6553,0.1885498
0,6554,0.1883423
0,6555,0.188135
0,6556,0.1879281
0,6557,0.1877215
0,6558,0.1875153
0,6559,0.1873094
0,6560,0.1871038
0,6561,0.1868985
0,6562,0.1866936
0,6563,0.1864889
0,6564,0.1862847
0,6565,0.1860807
0,6566,0.1858771
0,6567,0.1856737
0,6568,0.1854707
0,6569,0.1852681
0,6570,0.1850657
0,6571,0.1848637
0,6572,0.184662
0,6573,0.1844606
0,6574,0.1842595
0,6575,0.1840587
0,6576,0.1838582
0,6577,0.1836581
0,6578,0.1834583
0,6579,0.1832587
0,6580,0.1830595
0,6581,0.1828606
0,6582,0.1826621
0,6583,0.1824638
0,6584,0.1822659
0,6585,0.1820682
0,6586,0.1818709
0,6587,0.1816739
0,6588,0.1814771
0,6589,0.1812807
0,6590,0.1810846
0,6591,0.1808889
0,6592,0.1806934
0,6593,0.1804982
0,6594,0.1803033
0,6595,0.1801088
0,6596,0.1799145
0,6597,0.1797206
0,6598,0.1795269
0,6599,0.1793335
0,6600,0.1791405
0,6601,0.1789477
0,6602,0.1787553
0,6603,0.1785632
0,6604,0.1783713
0,6605,0.1781798
0,6606,0.1779885
0,6607,0.1777976
0,6608,0.1776069
0,6609,0.1774165
0,6610,0.1772265
0,6611,0.1770367
0,6612,0.1768472
0,6613,0.176658
0,6614,0.1764691
0,6615,0.1762805
0,6616,0.1760922
0,6617,0.1759041
0,6618,0.1757164
0,6619,0.175529
0,6620,0.1753418
0,6621,0.1751549
0,6622,0.1749684
0,6623,0.1747821
0,6624,0.1745961
0,6625,0.1744103
0,6626,0.1742249
0,6627,0.1740398
0,6628,0.1738549
0,6629,0.1736704
0,6630,0.1734861
0,6631,0.1733021
0,6632,0.1731183
0,6633,0.1729349
0,6634,0.1727517
0,6635,0.1725689
0,6636,0.1723863
0,6637,0.172204
0,6638,0.1720219
0,6639,0.1718402
0,6640,0.1716587
0,6641,0.1714775
0,6642,0.1712966
0,6643,0.171116
0,6644,0.1709356
0,6645,0.1707555
0,6646,0.1705757
0,6647,0.1703961
0,6648,0.1702168
0,6649,0.1700379
0,6650,0.1698591
0,6651,0.1696807
0,6652,0.1695025
0,6653,0.1693246
0,6654,0.1691469
0,6655,0.1689696
0,6656,0.1687925
0,6657,0.1686156
0,6658,0.1684391
0,6659,0.1682628
0,6660,0.1680868
0,6661,0.167911
0,6662,0.1677355
0,6663,0.1675603
0,6664,0.1673853
0,6665,0.1672106
0,6666,0.1670362
0,6667,0.1668621
0,6668,0.1666882
0,6669,0.1665145
0,6670,0.1663412
0,6671,0.166168
0,6672,0.1659952
0,6673,0.1658226
0,6674,0.1656503
0,6675,0.1654782
0,6676,0.1653064
0,6677,0.1651349
0,6678,0.1649636
0,6679,0.1647926
0,6680,0.1646218
0,6681,0.1644513
0,6682,0.164281
0,6683,0.164111
0,6684,0.1639412
0,6685,0.1637717
0,6686,0.1636025
0,6687,0.1634335
0,6688,0.1632648
0,6689,0.1630963
0,6690,0.1629281
0,6691,0.1627601
0,6692,0.1625924
0,6693,0.1624249
0,6694,0.1622577
0,6695,0.1620907
0,6696,0.161924
0,6697,0.1617576
0,6698,0.1615914
0,6699,0.1614254
0,6700,0.1612597
0,6701,0.1610942
0,6702,0.160929
0,6703,0.160764
0,6704,0.1605992
0,6705,0.1604348
0,6706,0.1602705
0,6707,0.1601065
0,6708,0.1599428
0,6709,0.1597793
0,6710,0.159616
0,6711,0.159453
0,6712,0.1592902
0,6713,0.1591277
0,6714,0.1589653
0,6715,0.1588033
0,6716,0.1586415
0,6717,0.1584799
0,6718,0.1583186
0,6719,0.1581575
0,6720,0.1579966
0,6721,0.157836
0,6722,0.1576756
0,6723,0.1575155
0,6724,0.1573556
0,6725,0.1571959
0,6726,0.1570365
0,6727,0.1568773
0,6728,0.1567183
0,6729,0.1565596
0,6730,0.1564011
0,6731,0.1562428
0,6732,0.1560848
0,6733,0.155927
0,6734,0.1557695
0,6735,0.1556122
0,6736,0.1554551
0,6737,0.1552982
0,6738,0.1551416
0,6739,0.1549852
0,6740,0.154829
0,6741,0.1546731
0,6742,0.1545174
0,6743,0.1543619
0,6744,0.1542066
0,6745,0.1540516
0,6746,0.1538968
0,6747,0.1537423
0,6748,0.1535879
0,6749,0.1534338
0,6750,0.1532799
0,6751,0.1531262
0,6752,0.1529728
0,6753,0.1528196
0,6754,0.1526666
0,6755,0.1525138
0,6756,0.1523613
0,6757,0.152209
0,6758,0.1520568
0,6759,0.151905
0,6760,0.1517533
0,6761,0.1516019
0,6762,0.1514507
0,6763,0.1512997
0,6764,0.1511489
0,6765,0.1509984
0,6766,0.150848
0,6767,0.1506979
0,6768,0.150548
0,6769,0.1503983
0,6770,0.1502489
0,6771,0.1500997
0,6772,0.1499506
0,6773,0.1498018
0,6774,0.1496532
0,6775,0.1495049
0,6776,0.1493567
0,6777,0.1492087
0,6778,0.149061
0,6779,0.1489135
0,6780,0.1487662
0,6781,0.1486191
0,6782,0.1484722
0,6783,0.1483256
0,6784,0.1481791
0,6785,0.1480329
0,6786,0.1478869
0,6787,0.1477411
0,6788,0.1475955
0,6789,0.1474501
0,6790,0.1473049
0,6791,0.1471599
0,6792,0.1470152
0,6793,0.1468706
0,6794,0.1467263
0,6795,0.1465821
0,6796,0.1464382
0,6797,0.1462945
0,6798,0.146151
0,6799,0.1460077
0,6800,0.1458646
0,6801,0.1457217
0,6802,0.145579
0,6803,0.1454365
0,6804,0.1452942
0,6805,0.1451522
0,6806,0.1450103
0,6807,0.1448686
0,6808,0.1447272
0,6809,0.1445859
0,6810,0.1444449
0,6811,0.144304
0,6812,0.1441633
0,6813,0.1440229
0,6814,0.1438826
0,6815,0.1437426
0,6816,0.1436027
0,6817,0.1434631
0,6818,0.1433236
0,6819,0.1431843
0,6820,0.1430453
0,6821,0.1429064
0,6822,0.1427678
0,6823,0.1426293
0,6824,0.142491
0,6825,0.142353
0,6826,0.1422151
0,6827,0.1420774
0,6828,0.14194
0,6829,0.1418027
0,6830,0.1416656
0,6831,0.1415287
0,6832,0.141392
0,6833,0.1412555
0,6834,0.1411192
0,6835,0.1409831
0,6836,0.1408472
0,6837,0.1407114
0,6838,0.1405759
0,6839,0.1404406
0,6840,0.1403054
0,6841,0.1401704
0,6842,0.1400357
0,6843,0.1399011
0,6844,0.1397667
0,6845,0.1396325
0,6846,0.1394985
0,6847,0.1393647
0,6848,0.1392311
0,6849,0.1390976
0,6850,0.1389644
0,6851,0.1388313
0,6852,0.1386985
0,6853,0.1385658
0,6854,0.1384333
0,6855,0.138301
0,6856,0.1381689
0,6857,0.1380369
0,6858,0.1379052
0,6859,0.1377736
0,6860,0.1376423
0,6861,0.1375111
0,6862,0.1373801
0,6863,0.1372492
0,6864,0.1371186
0,6865,0.1369882
0,6866,0.1368579
0,6867,0.1367278
0,6868,0.1365979
0,6869,0.1364682
0,6870,0.1363386
0,6871,0.1362092
0,6872,0.1360801
0,6873,0.1359511
0,6874,0.1358222
0,6875,0.1356936
0,6876,0.1355651
0,6877,0.1354368
0,6878,0.1353087
0,6879,0.1351808
0,6880,0.1350531
0,6881,0.1349255
0,6882,0.1347981
0,6883,0.1346709
0,6884,0.1345439
0,6885,0.134417
0,6886,0.1342903
0,6887,0.1341638
0,6888,0.1340375
0,6889,0.1339113
0,6890,0.1337854
0,6891,0.1336595
0,6892,0.1335339
0,6893,0.1334085
0,6894,0.1332832
0,6895,0.1331581
0,6896,0.1330332
0,6897,0.1329084
0,6898,0.1327838
0,6899,0.1326594
0,6900,0.1325352
0,6901,0.1324111
0,6902,0.1322872
0,6903,0.1321635
0,6904,0.1320399
0,6905,0.1319165
0,6906,0.1317933
0,6907,0.1316703
0,6908,0.1315474
0,6909,0.1314247
0,6910,0.1313022
0,6911,0.1311798
0,6912,0.1310576
0,6913,0.1309356
0,6914,0.1308138
0,6915,0.1306921
0,6916,0.1305706
0,6917,0.1304492
0,6918,0.130328
0,6919,0.130207
0,6920,0.1300862
0,6921,0.1299655
0,6922,0.129845
0,6923,0.1297246
0,6924,0.1296044
0,6925,0.1294844
0,6926,0.1293646
0,6927,0.1292449
0,6928,0.1291254
0,6929,0.129006
0,6930,0.1288868
0,6931,0.1287677
0,6932,0.1286488
0,6933,0.1285301
0,6934,0.1284116
0,6935,0.1282932
0,6936,0.128175
0,6937,0.1280569
0,6938,0.127939
0,6939,0.1278212
0,6940,0.1277037
0,6941,0.1275862
0,6942,0.127469
0,6943,0.1273519
0,6944,0.1272349
0,6945,0.1271181
0,6946,0.1270015
0,6947,0.126885
0,6948,0.1267687
0,6949,0.1266525
0,6950,0.1265365
0,6951,0.1264207
0,6952,0.126305
0,6953,0.1261895
0,6954,0.1260741
0,6955,0.1259589
0,6956,0.1258439
0,6957,0.125729
0,6958,0.1256142
0,6959,0.1254996
0,6960,0.1253852
0,6961,0.1252709
0,6962,0.1251568
0,6963,0.1250428
0,6964,0.124929
0,6965,0.1248154
0,6966,0.1247019
0,6967,0.1245885
0,6968,0.1244753
0,6969,0.1243622
0,6970,0.1242493
0,6971,0.1241366
0,6972,0.124024
0,6973,0.1239116
0,6974,0.1237993
0,6975,0.1236871
0,6976,0.1235752
0,6977,0.1234633
0,6978,0.1233516
0,6979,0.1232401
0,6980,0.1231287
0,6981,0.1230175
0,6982,0.1229064
0,6983,0.1227954
0,6984,0.1226846
0,6985,0.122574
0,6986,0.1224635
0,6987,0.1223532
0,6988,0.122243
0,6989,0.1221329
0,6990,0.122023
0,6991,0.1219132
0,6992,0.1218036
0,6993,0.1216942
0,6994,0.1215848
0,6995,0.1214757
0,6996,0.1213666
0,6997,0.1212577
0,6998,0.121149
0,6999,0.1210404
0,7000,0.120932
0,7001,0.1208237
0,7002,0.1207155
0,7003,0.1206075
0,7004,0.1204996
0,7005,0.1203919
0,7006,0.1202843
0,7007,0.1201768
0,7008,0.1200695
0,7009,0.1199624
0,7010,0.1198553
0,7011,0.1197485
0,7012,0.1196417
0,7013,0.1195351
0,7014,0.1194287
0,7015,0.1193224
0,7016,0.1192162
0,7017,0.1191102
0,7018,0.1190043
0,7019,0.1188985
0,7020,0.1187929
0,7021,0.1186874
0,7022,0.1185821
0,7023,0.1184769
0,7024,0.1183718
0,7025,0.1182669
0,7026,0.1181621
0,7027,0.1180575
0,7028,0.117953
0,7029,0.1178486
0,7030,0.1177444
0,7031,0.1176403
0,7032,0.1175363
0,7033,0.1174325
0,7034,0.1173288
0,7035,0.1172253
0,7036,0.1171219
0,7037,0.1170186
0,7038,0.1169154
0,7039,0.1168124
0,7040,0.1167096
0,7041,0.1166068
0,7042,0.1165042
0,7043,0.1164018
0,7044,0.1162994
0,7045,0.1161972
0,7046,0.1160952
0,7047,0.1159932
0,7048,0.1158914
0,7049,0.1157897
0,7050,0.1156882
0,7051,0.1155868
0,7052,0.1154855
0,7053,0.1153844
0,7054,0.1152834
0,7055,0.1151825
0,7056,0.1150817
0,7057,0.1149811
0,7058,0.1148806
0,7059,0.1147803
0,7060,0.1146801
0,7061,0.11458
0,7062,0.11448
0,7063,0.1143802
0,7064,0.1142805
0,7065,0.1141809
0,7066,0.1140814
0,7067,0.1139821
0,7068,0.1138829
0,7069,0.1137839
0,7070,0.1136849
0,7071,0.1135861
0,7072,0.1134874
0,7073,0.1133889
0,7074,0.1132904
0,7075,0.1131921
0,7076,0.113094
0,7077,0.1129959
0,7078,0.112898
0,7079,0.1128002
0,7080,0.1127025
0,7081,0.112605
0,7082,0.1125076
0,7083,0.1124103
0,7084,0.1123131
0,7085,0.1122161
0,7086,0.1121192
0,7087,0.1120224
0,7088,0.1119257
0,7089,0.1118291
0,7090,0.1117327
0,7091,0.1116364
0,7092,0.1115403
0,7093,0.1114442
0,7094,0.1113483
0,7095,0.1112525
0,7096,0.1111568
0,7097,0.1110612
0,7098,0.1109658
0,7099,0.1108705
0,7100,0.1107753
0,7101,0.1106802
0,7102,0.1105852
0,7103,0.1104904
0,7104,0.1103957
0,7105,0.1103011
0,7106,0.1102066
0,7107,0.1101123
0,7108,0.110018
0,7109,0.1099239
0,7110,0.1098299
0,7111,0.1097361
0,7112,0.1096423
0,7113,0.1095487
0,7114,0.1094552
0,7115,0.1093618
0,7116,0.1092685
0,7117,0.1091753
0,7118,0.1090823
0,7119,0.1089893
0,7120,0.1088965
0,7121,0.1088038
0,7122,0.1087113
0,7123,0.1086188
0,7124,0.1085265
0,7125,0.1084342
0,7126,0.1083421
0,7127,0.1082501
0,7128,0.1081583
0,7129,0.1080665
0,7130,0.1079748
0,7131,0.1078833
0,7132,0.1077919
0,7133,0.1077006
0,7134,0.1076094
0,7135,0.1075183
0,7136,0.1074274
0,7137,0.1073365
0,7138,0.1072458
0,7139,0.1071552
0,7140,0.1070647
0,7141,0.1069743
0,7142,0.106884
0,7143,0.1067939
0,7144,0.1067038
0,7145,0.1066139
0,7146,0.1065241
0,7147,0.1064344
0,7148,0.1063448
0,7149,0.1062553
0,7150,0.1061659
0,7151,0.1060766
0,7152,0.1059875
0,7153,0.1058984
0,7154,0.1058095
0,7155,0.1057207
0,7156,0.105632
0,7157,0.1055434
0,7158,0.1054549
0,7159,0.1053665
0,7160,0.1052783
0,7161,0.1051901
0,7162,0.105102
0,7163,0.1050141
0,7164,0.1049263
0,7165,0.1048386
0,7166,0.1047509
0,7167,0.1046634
0,7168,0.104576
0,7169,0.1044888
0,7170,0.1044016
0,7171,0.1043145
0,7172,0.1042275
0,7173,0.1041407
0,7174,0.1040539
0,7175,0.1039673
0,7176,0.1038807
0,7177,0.1037943
0,7178,0.103708
0,7179,0.1036218
0,7180,0.1035357
0,7181,0.1034496
0,7182,0.1033637
0,7183,0.103278
0,7184,0.1031923
0,7185,0.1031067
0,7186,0.1030212
0,7187,0.1029358
0,7188,0.1028506
0,7189,0.1027654
0,7190,0.1026803
0,7191,0.1025954
0,7192,0.1025105
0,7193,0.1024258
0,7194,0.1023411
0,7195,0.1022566
0,7196,0.1021722
0,7197,0.1020878
0,7198,0.1020036
0,7199,0.1019195
0,7200,0.1018354
0,7201,0.1017525
0,7202,0.101756
0,7203,0.1024067
0,7204,0.1048416
0,7205,0.1104106
0,7206,0.1203637
0,7207,0.1356872
0,7208,0.1570351
0,7209,0.1847237
0,7210,0.2187611
0,7211,0.258905
0,7212,0.3047288
0,7213,0.3556844
0,7214,0.4111578
0,7215,0.470511
0,7216,0.5331125
0,7217,0.5983586
0,7218,0.6656851
0,7219,0.7345751
0,7220,0.8045612
0,7221,0.8752262
0,7222,0.9462015
0,7223,1.017164
0,7224,1.087834
0,7225,1.157971
0,7226,1.22737
0,7227,1.295857
0,7228,1.363289
0,7229,1.429547
0,7230,1.494536
0,7231,1.558181
0,7232,1.620423
0,7233,1.68122
0,7234,1.740543
0,7235,1.798373
0,7236,1.854703
0,7237,1.909535
0,7238,1.962877
0,7239,2.014742
0,7240,2.065151
0,7241,2.114126
0,7242,2.161695
0,7243,2.207886
0,7244,2.25273
0,7245,2.296262
0,7246,2.338516
0,7247,2.379527
0,7248,2.419331
0,7249,2.457965
0,7250,2.495464
0,7251,2.531864
0,7252,2.567201
0,7253,2.60151
0,7254,2.634825
0,7255,2.66718
0,7256,2.698607
0,7257,2.72914
0,7258,2.758808
0,7259,2.787642
0,7260,2.815671
0,7261,2.842923
0,7262,2.869427
0,7263,2.895207
0,7264,2.920291
0,7265,2.944702
0,7266,2.968463
0,7267,2.991598
0,7268,3.014127
0,7269,3.036073
0,7270,3.057454
0,7271,3.078291
0,7272,3.098602
0,7273,3.118403
0,7274,3.137713
0,7275,3.156548
0,7276,3.174923
0,7277,3.192853
0,7278,3.210353
0,7279,3.227437
0,7280,3.244117
0,7281,3.260407
0,7282,3.276318
0,7283,3.291861
0,7284,3.307048
0,7285,3.321889
0,7286,3.336396
0,7287,3.350577
0,7288,3.364444
0,7289,3.378004
0,7290,3.391267
0,7291,3.404241
0,7292,3.416933
0,7293,3.429352
0,7294,3.441504
0,7295,3.453398
0,7296,3.465039
0,7297,3.476435
0,7298,3.487593
0,7299,3.498519
0,7300,3.509219
0,7301,3.519698
0,7302,3.529963
0,7303,3.540017
0,7304,3.549865
0,7305,3.559512
0,7306,3.568959
0,7307,3.578181
0,7308,3.587027
0,7309,3.595205
0,7310,3.602379
0,7311,3.608252
0,7312,3.612596
0,7313,3.615247
0,7314,3.616101
0,7315,3.615099
0,7316,3.612231
0,7317,3.607496
0,7318,3.600928
0,7319,3.592565
0,7320,3.582443
0,7321,3.570621
0,7322,3.557142
0,7323,3.542062
0,7324,3.525437
0,7325,3.50732
0,7326,3.487768
0,7327,3.466831
0,7328,3.444567
0,7329,3.421025
0,7330,3.396251
0,7331,3.370299
0,7332,3.343208
0,7333,3.315023
0,7334,3.285786
0,7335,3.255533
0,7336,3.224303
0,7337,3.192129
0,7338,3.159048
0,7339,3.125089
0,7340,3.090285
0,7341,3.054666
0,7342,3.018259
0,7343,2.981092
0,7344,2.943192
0,7345,2.904583
0,7346,2.865289
0,7347,2.825334
0,7348,2.784737
0,7349,2.743521
0,7350,2.701707
0,7351,2.659312
0,7352,2.616354
0,7353,2.572852
0,7354,2.528824
0,7355,2.484284
0,7356,2.439249
0,7357,2.393734
0,7358,2.347753
0,7359,2.301327
0,7360,2.254552
0,7361,2.207705
0,7362,2.161163
0,7363,2.115291
0,7364,2.070384
0,7365,2.026653
0,7366,1.984238
0,7367,1.943219
0,7368,1.903631
0,7369,1.865475
0,7370,1.828732
0,7371,1.793363
0,7372,1.759322
0,7373,1.726554
0,7374,1.695002
0,7375,1.664608
0,7376,1.635313
0,7377,1.60706
0,7378,1.579794
0,7379,1.553463
0,7380,1.528015
0,7381,1.503403
0,7382,1.479582
0,7383,1.456511
0,7384,1.434149
0,7385,1.41246
0,7386,1.39141
0,7387,1.370965
0,7388,1.351097
0,7389,1.331776
0,7390,1.312975
0,7391,1.294667
0,7392,1.276826
0,7393,1.259427
0,7394,1.242448
0,7395,1.225869
0,7396,1.209674
0,7397,1.193846
0,7398,1.17837
0,7399,1.163233
0,7400,1.148422
0,7401,1.133926
0,7402,1.119734
0,7403,1.105836
0,7404,1.092223
0,7405,1.078886
0,7406,1.065817
0,7407,1.053007
0,7408,1.04045
0,7409,1.028138
0,7410,1.016064
0,7411,1.004223
0,7412,0.9926074
0,7413,0.9812124
0,7414,0.970032
0,7415,0.9590607
0,7416,0.9482933
0,7417,0.937725
0,7418,0.927351
0,7419,0.9171667
0,7420,0.9071677
0,7421,0.8973497
0,7422,0.8877088
0,7423,0.8782408
0,7424,0.868942
0,7425,0.8598086
0,7426,0.850837
0,7427,0.8420237
0,7428,0.8333653
0,7429,0.8248585
0,7430,0.8165002
0,7431,0.8082874
0,7432,0.8002169
0,7433,0.7922857
0,7434,0.7844912
0,7435,0.7768305
0,7436,0.7693009
0,7437,0.7618999
0,7438,0.7546247
0,7439,0.7474731
0,7440,0.7404424
0,7441,0.7335303
0,7442,0.7267346
0,7443,0.720053
0,7444,0.7134832
0,7445,0.7070232
0,7446,0.7006707
0,7447,0.6944239
0,7448,0.6882805
0,7449,0.6822388
0,7450,0.6762968
0,7451,0.6704525
0,7452,0.6647043
0,7453,0.6590502
0,7454,0.6534886
0,7455,0.6480177
0,7456,0.6426359
0,7457,0.6373414
0,7458,0.6321327
0,7459,0.6270083
0,7460,0.6219665
0,7461,0.6170059
0,7462,0.612125
0,7463,0.6073223
0,7464,0.6025965
0,7465,0.597946
0,7466,0.5933697
0,7467,0.5888661
0,7468,0.5844339
0,7469,0.5800718
0,7470,0.5757787
0,7471,0.5715532
0,7472,0.5673941
0,7473,0.5633003
0,7474,0.5592706
0,7475,0.5553039
0,7476,0.5513991
0,7477,0.5475549
0,7478,0.5437704
0,7479,0.5400446
0,7480,0.5363764
0,7481,0.5327647
0,7482,0.5292086
0,7483,0.5257071
0,7484,0.5222592
0,7485,0.518864
0,7486,0.5155206
0,7487,0.5122281
0,7488,0.5089856
0,7489,0.5057921
0,7490,0.502647
0,7491,0.4995492
0,7492,0.496498
0,7493,0.4934925
0,7494,0.4905321
0,7495,0.4876159
0,7496,0.484743
0,7497,0.4819129
0,7498,0.4791247
0,7499,0.4763777
0,7500,0.4736712
0,7501,0.4710045
0,7502,0.4683769
0,7503,0.4657877
0,7504,0.4632364
0,7505,0.4607221
0,7506,0.4582443
0,7507,0.4558024
0,7508,0.4533958
0,7509,0.4510237
0,7510,0.4486857
0,7511,0.4463812
0,7512,0.4441095
0,7513,0.4418702
0,7514,0.4396625
0,7515,0.4374862
0,7516,0.4353405
0,7517,0.433225
0,7518,0.4311391
0,7519,0.4290824
0,7520,0.4270543
0,7521,0.4250544
0,7522,0.4230822
0,7523,0.4211372
0,7524,0.4192188
0,7525,0.4173268
0,7526,0.4154607
0,7527,0.4136199
0,7528,0.4118041
0,7529,0.4100128
0,7530,0.4082457
0,7531,0.4065023
0,7532,0.4047822
0,7533,0.4030851
0,7534,0.4014105
0,7535,0.399758
0,7536,0.3981273
0,7537,0.396518
0,7538,0.3949298
0,7539,0.3933623
0,7540,0.3918151
0,7541,0.3902879
0,7542,0.3887804
0,7543,0.3872923
0,7544,0.3858231
0,7545,0.3843727
0,7546,0.3829406
0,7547,0.3815266
0,7548,0.3801304
0,7549,0.3787516
0,7550,0.37739
0,7551,0.3760453
0,7552,0.3747172
0,7553,0.3734054
0,7554,0.3721097
0,7555,0.3708298
0,7556,0.3695654
0,7557,0.3683163
0,7558,0.3670822
0,7559,0.3658628
0,7560,0.364658
0,7561,0.3634675
0,7562,0.3622909
0,7563,0.3611282
0,7564,0.3599791
0,7565,0.3588433
0,7566,0.3577206
0,7567,0.3566109
0,7568,0.3555139
0,7569,0.3544293
0,7570,0.3533571
0,7571,0.3522969
0,7572,0.3512486
0,7573,0.350212
0,7574,0.3491869
0,7575,0.3481731
0,7576,0.3471704
0,7577,0.3461787
0,7578,0.3451977
0,7579,0.3442273
0,7580,0.3432673
0,7581,0.3423176
0,7582,0.3413779
0,7583,0.3404481
0,7584,0.3395281
0,7585,0.3386177
0,7586,0.3377167
0,7587,0.336825
0,7588,0.3359424
0,7589,0.3350688
0,7590,0.334204
0,7591,0.3333479
0,7592,0.3325004
0,7593,0.3316613
0,7594,0.3308305
0,7595,0.3300078
0,7596,0.3291931
0,7597,0.3283863
0,7598,0.3275873
0,7599,0.3267959
0,7600,0.326012
0,7601,0.3252356
0,7602,0.3244664
0,7603,0.3237043
0,7604,0.3229493
0,7605,0.3222013
0,7606,0.32146
0,7607,0.3207255
0,7608,0.3199976
0,7609,0.3192762
0,7610,0.3185612
0,7611,0.3178525
0,7612,0.3171499
0,7613,0.3164535
0,7614,0.3157631
0,7615,0.3150787
0,7616,0.3144
0,7617,0.3137271
0,7618,0.3130598
0,7619,0.3123981
0,7620,0.3117418
0,7621,0.3110909
0,7622,0.3104454
0,7623,0.309805
0,7624,0.3091698
0,7625,0.3085396
0,7626,0.3079144
0,7627,0.3072941
0,7628,0.3066787
0,7629,0.306068
0,7630,0.3054619
0,7631,0.3048605
0,7632,0.3042637
0,7633,0.3036713
0,7634,0.3030833
0,7635,0.3024996
0,7636,0.3019202
0,7637,0.3013451
0,7638,0.300774
0,7639,0.300207
0,7640,0.2996441
0,7641,0.2990851
0,7642,0.2985301
0,7643,0.2979788
0,7644,0.2974314
0,7645,0.2968877
0,7646,0.2963476
0,7647,0.2958112
0,7648,0.2952784
0,7649,0.2947491
0,7650,0.2942232
0,7651,0.2937007
0,7652,0.2931816
0,7653,0.2926659
0,7654,0.2921534
0,7655,0.2916441
0,7656,0.2911379
0,7657,0.290635
0,7658,0.2901351
0,7659,0.2896382
0,7660,0.2891443
0,7661,0.2886534
0,7662,0.2881654
0,7663,0.2876803
0,7664,0.2871979
0,7665,0.2867184
0,7666,0.2862417
0,7667,0.2857676
0,7668,0.2852962
0,7669,0.2848275
0,7670,0.2843613
0,7671,0.2838978
0,7672,0.2834367
0,7673,0.2829782
0,7674,0.2825221
0,7675,0.2820684
0,7676,0.2816171
0,7677,0.2811682
0,7678,0.2807216
0,7679,0.2802774
0,7680,0.2798353
0,7681,0.2793956
0,7682,0.278958
0,7683,0.2785226
0,7684,0.2780894
0,7685,0.2776583
0,7686,0.2772292
0,7687,0.2768023
0,7688,0.2763774
0,7689,0.2759545
0,7690,0.2755335
0,7691,0.2751146
0,7692,0.2746975
0,7693,0.2742824
0,7694,0.2738692
0,7695,0.2734578
0,7696,0.2730483
0,7697,0.2726406
0,7698,0.2722347
0,7699,0.2718305
0,7700,0.2714281
0,7701,0.2710275
0,7702,0.2706285
0,7703,0.2702312
0,7704,0.2698356
0,7705,0.2694416
0,7706,0.2690493
0,7707,0.2686585
0,7708,0.2682694
0,7709,0.2678818
0,7710,0.2674958
0,7711,0.2671113
0,7712,0.2667283
0,7713,0.2663468
0,7714,0.2659668
0,7715,0.2655882
0,7716,0.2652111
0,7717,0.2648354
0,7718,0.2644611
0,7719,0.2640882
0,7720,0.2637167
0,7721,0.2633466
0,7722,0.2629778
0,7723,0.2626103
0,7724,0.2622442
0,7725,0.2618794
0,7726,0.2615158
0,7727,0.2611535
0,7728,0.2607926
0,7729,0.2604328
0,7730,0.2600742
0,7731,0.2597169
0,7732,0.2593608
0,7733,0.2590059
0,7734,0.2586522
0,7735,0.2582997
0,7736,0.2579483
0,7737,0.2575981
0,7738,0.257249
0,7739,0.2569011
0,7740,0.2565542
0,7741,0.2562084
0,7742,0.2558638
0,7743,0.2555202
0,7744,0.2551776
0,7745,0.2548362
0,7746,0.2544958
0,7747,0.2541564
0,7748,0.253818
0,7749,0.2534806
0,7750,0.2531443
0,7751,0.252809
0,7752,0.2524746
0,7753,0.2521412
0,7754,0.2518088
0,7755,0.2514774
0,7756,0.2511469
0,7757,0.2508173
0,7758,0.2504887
0,7759,0.250161
0,7760,0.2498342
0,7761,0.2495084
0,7762,0.2491834
0,7763,0.2488593
0,7764,0.2485362
0,7765,0.2482138
0,7766,0.2478924
0,7767,0.2475718
0,7768,0.2472521
0,7769,0.2469333
0,7770,0.2466152
0,7771,0.246298
0,7772,0.2459817
0,7773,0.2456662
0,7774,0.2453514
0,7775,0.2450375
0,7776,0.2447244
0,7777,0.2444121
0,7778,0.2441006
0,7779,0.2437899
0,7780,0.2434799
0,7781,0.2431707
0,7782,0.2428623
0,7783,0.2425546
0,7784,0.2422478
0,7785,0.2419416
0,7786,0.2416362
0,7787,0.2413315
0,7788,0.2410276
0,7789,0.2407244
0,7790,0.2404219
0,7791,0.2401202
0,7792,0.2398191
0,7793,0.2395188
0,7794,0.2392191
0,7795,0.2389202
0,7796,0.2386219
0,7797,0.2383244
0,7798,0.2380275
0,7799,0.2377313
0,7800,0.2374358
0,7801,0.2371409
0,7802,0.2368467
0,7803,0.2365532
0,7804,0.2362603
0,7805,0.2359681
0,7806,0.2356766
0,7807,0.2353857
0,7808,0.2350954
0,7809,0.2348057
0,7810,0.2345167
0,7811,0.2342284
0,7812,0.2339406
0,7813,0.2336535
0,7814,0.233367
0,7815,0.233081
0,7816,0.2327957
0,7817,0.232511
0,7818,0.2322269
0,7819,0.2319435
0,7820,0.2316606
0,7821,0.2313783
0,7822,0.2310966
0,7823,0.2308155
0,7824,0.230535
0,7825,0.230255
0,7826,0.2299757
0,7827,0.2296969
0,7828,0.2294187
0,7829,0.229141
0,7830,0.2288639
0,7831,0.2285873
0,7832,0.2283114
0,7833,0.2280359
0,7834,0.227761
0,7835,0.2274867
0,7836,0.2272129
0,7837,0.2269396
0,7838,0.2266669
0,7839,0.2263948
0,7840,0.2261232
0,7841,0.2258521
0,7842,0.2255815
0,7843,0.2253115
0,7844,0.225042
0,7845,0.224773
0,7846,0.2245046
0,7847,0.2242367
0,7848,0.2239692
0,7849,0.2237023
0,7850,0.2234359
0,7851,0.22317
0,7852,0.2229046
0,7853,0.2226398
0,7854,0.2223754
0,7855,0.2221115
0,7856,0.2218481
0,7857,0.2215852
0,7858,0.2213228
0,7859,0.2210609
0,7860,0.2207994
0,7861,0.2205385
0,7862,0.2202781
0,7863,0.2200181
0,7864,0.2197586
0,7865,0.2194996
0,7866,0.2192411
0,7867,0.2189831
0,7868,0.2187255
0,7869,0.2184684
0,7870,0.2182118
0,7871,0.2179556
0,7872,0.2176999
0,7873,0.2174447
0,7874,0.2171899
0,7875,0.2169356
0,7876,0.2166818
0,7877,0.2164284
0,7878,0.2161755
0,7879,0.215923
0,7880,0.215671
0,7881,0.2154194
0,7882,0.2151683
0,7883,0.2149176
0,7884,0.2146674
0,7885,0.2144176
0,7886,0.2141683
0,7887,0.2139194
0,7888,0.2136709
0,7889,0.2134229
0,7890,0.2131753
0,7891,0.2129282
0,7892,0.2126815
0,7893,0.2124352
0,7894,0.2121894
0,7895,0.211944
0,7896,0.211699
0,7897,0.2114544
0,7898,0.2112103
0,7899,0.2109666
0,7900,0.2107233
0,7901,0.2104805
0,7902,0.2102381
0,7903,0.209996
0,7904,0.2097545
0,7905,0.2095133
0,7906,0.2092725
0,7907,0.2090322
0,7908,0.2087923
0,7909,0.2085527
0,7910,0.2083136
0,7911,0.2080749
0,7912,0.2078366
0,7913,0.2075988
0,7914,0.2073613
0,7915,0.2071242
0,7916,0.2068876
0,7917,0.2066513
0,7918,0.2064154
0,7919,0.20618
0,7920,0.2059449
0,7921,0.2057103
0,7922,0.205476
0,7923,0.2052422
0,7924,0.2050087
0,7925,0.2047756
0,7926,0.2045429
0,7927,0.2043106
0,7928,0.2040787
0,7929,0.2038472
0,7930,0.2036161
0,7931,0.2033854
0,7932,0.203155
0,7933,0.2029251
0,7934,0.2026955
0,7935,0.2024663
0,7936,0.2022375
0,7937,0.202009
0,7938,0.201781
0,7939,0.2015533
0,7940,0.201326
0,7941,0.2010991
0,7942,0.2008725
0,7943,0.2006463
0,7944,0.2004205
0,7945,0.2001951
0,7946,0.19997
0,7947,0.1997453
0,7948,0.199521
0,7949,0.1992971
0,7950,0.1990735
0,7951,0.1988503
0,7952,0.1986275
0,7953,0.198405
0,7954,0.1981829
0,7955,0.1979612
0,7956,0.1977398
0,7957,0.1975188
0,7958,0.1972981
0,7959,0.1970778
0,7960,0.1968579
0,7961,0.1966383
0,7962,0.1964191
0,7963,0.1962003
0,7964,0.1959817
0,7965,0.1957636
0,7966,0.1955458
0,7967,0.1953283
0,7968,0.1951112
0,7969,0.1948945
0,7970,0.1946781
0,7971,0.194462
0,7972,0.1942463
0,7973,0.1940309
0,7974,0.1938159
0,7975,0.1936012
0,7976,0.1933869
0,7977,0.1931729
0,7978,0.1929592
0,7979,0.192746
0,7980,0.192533
0,7981,0.1923204
0,7982,0.1921082
0,7983,0.1918963
0,7984,0.1916847
0,7985,0.1914735
0,7986,0.1912625
0,7987,0.191052
0,7988,0.1908417
0,7989,0.1906319
0,7990,0.1904223
0,7991,0.1902131
0,7992,0.1900042
0,7993,0.1897956
0,7994,0.1895874
0,7995,0.1893795
0,7996,0.1891719
0,7997,0.1889647
0,7998,0.1887577
0,7999,0.1885512
0,8000,0.1883449
0,8001,0.1881389
0,8002,0.1879333
0,8003,0.187728
0,8004,0.1875231
0,8005,0.1873184
0,8006,0.1871141
0,8007,0.1869101
0,8008,0.1867064
0,8009,0.1865031
0,8010,0.1863
0,8011,0.1860973
0,8012,0.1858949
0,8013,0.1856929
0,8014,0.1854911
0,8015,0.1852897
0,8016,0.1850886
0,8017,0.1848878
0,8018,0.1846873
0,8019,0.1844871
0,8020,0.1842872
0,8021,0.1840877
0,8022,0.1838884
0,8023,0.1836895
0,8024,0.1834909
0,8025,0.1832926
0,8026,0.1830946
0,8027,0.1828969
0,8028,0.1826995
0,8029,0.1825025
0,8030,0.1823057
0,8031,0.1821093
0,8032,0.1819131
0,8033,0.1817173
0,8034,0.1815217
0,8035,0.1813265
0,8036,0.1811316
0,8037,0.1809369
0,8038,0.1807426
0,8039,0.1805486
0,8040,0.1803549
0,8041,0.1801614
0,8042,0.1799683
0,8043,0.1797755
0,8044,0.179583
0,8045,0.1793908
0,8046,0.1791988
0,8047,0.1790072
0,8048,0.1788159
0,8049,0.1786248
0,8050,0.1784341
0,8051,0.1782437
0,8052,0.1780535
0,8053,0.1778637
0,8054,0.1776741
0,8055,0.1774848
0,8056,0.1772958
0,8057,0.1771072
0,8058,0.1769188
0,8059,0.1767307
0,8060,0.1765428
0,8061,0.1763553
0,8062,0.1761681
0,8063,0.1759811
0,8064,0.1757945
0,8065,0.1756081
0,8066,0.175422
0,8067,0.1752362
0,8068,0.1750507
0,8069,0.1748655
0,8070,0.1746805
0,8071,0.1744959
0,8072,0.1743115
0,8073,0.1741274
0,8074,0.1739436
0,8075,0.1737601
0,8076,0.1735768
0,8077,0.1733938
0,8078,0.1732112
0,8079,0.1730288
0,8080,0.1728466
0,8081,0.1726648
0,8082,0.1724832
0,8083,0.1723019
0,8084,0.1721209
0,8085,0.1719401
0,8086,0.1717597
0,8087,0.1715795
0,8088,0.1713995
0,8089,0.1712199
0,8090,0.1710405
0,8091,0.1708614
0,8092,0.1706826
0,8093,0.170504
0,8094,0.1703257
0,8095,0.1701477
0,8096,0.16997
0,8097,0.1697925
0,8098,0.1696153
0,8099,0.1694383
0,8100,0.1692617
0,8101,0.1690853
0,8102,0.1689091
0,8103,0.1687333
0,8104,0.1685577
0,8105,0.1683823
0,8106,0.1682073
0,8107,0.1680325
0,8108,0.1678579
0,8109,0.1676837
0,8110,0.1675096
0,8111,0.1673359
0,8112,0.1671624
0,8113,0.1669892
0,8114,0.1668162
0,8115,0.1666435
0,8116,0.166471
0,8117,0.1662989
0,8118,0.1661269
0,8119,0.1659553
0,8120,0.1657838
0,8121,0.1656127
0,8122,0.1654418
0,8123,0.1652711
0,8124,0.1651008
0,8125,0.1649306
0,8126,0.1647607
0,8127,0.1645911
0,8128,0.1644218
0,8129,0.1642526
0,8130,0.1640838
0,8131,0.1639152
0,8132,0.1637468
0,8133,0.1635787
0,8134,0.1634109
0,8135,0.1632433
0,8136,0.1630759
0,8137,0.1629088
0,8138,0.162742
0,8139,0.1625754
0,8140,0.162409
0,8141,0.1622429
0,8142,0.162077
0,8143,0.1619114
0,8144,0.1617461
0,8145,0.1615809
0,8146,0.1614161
0,8147,0.1612514
0,8148,0.1610871
0,8149,0.1609229
0,8150,0.160759
0,8151,0.1605954
0,8152,0.160432
0,8153,0.1602688
0,8154,0.1601059
0,8155,0.1599432
0,8156,0.1597807
0,8157,0.1596185
0,8158,0.1594566
0,8159,0.1592948
0,8160,0.1591334
0,8161,0.1589721
0,8162,0.1588111
0,8163,0.1586503
0,8164,0.1584898
0,8165,0.1583295
0,8166,0.1581695
0,8167,0.1580096
0,8168,0.1578501
0,8169,0.1576907
0,8170,0.1575316
0,8171,0.1573727
0,8172,0.1572141
0,8173,0.1570557
0,8174,0.1568975
0,8175,0.1567395
0,8176,0.1565818
0,8177,0.1564243
0,8178,0.1562671
0,8179,0.1561101
0,8180,0.1559533
0,8181,0.1557967
0,8182,0.1556404
0,8183,0.1554843
0,8184,0.1553284
0,8185,0.1551728
0,8186,0.1550174
0,8187,0.1548622
0,8188,0.1547072
0,8189,0.1545525
0,8190,0.154398
0,8191,0.1542437
0,8192,0.1540897
0,8193,0.1539358
0,8194,0.1537822
0,8195,0.1536288
0,8196,0.1534757
0,8197,0.1533228
0,8198,0.15317
0,8199,0.1530176
0,8200,0.1528653
0,8201,0.1527132
0,8202,0.1525614
0,8203,0.1524098
0,8204,0.1522584
0,8205,0.1521073
0,8206,0.1519563
0,8207,0.1518056
0,8208,0.1516551
0,8209,0.1515048
0,8210,0.1513548
0,8211,0.1512049
0,8212,0.1510553
0,8213,0.1509059
0,8214,0.1507567
0,8215,0.1506077
0,8216,0.150459
0,8217,0.1503104
0,8218,0.1501621
0,8219,0.150014
0,8220,0.1498661
0,8221,0.1497184
0,8222,0.1495709
0,8223,0.1494237
0,8224,0.1492766
0,8225,0.1491298
0,8226,0.1489832
0,8227,0.1488368
0,8228,0.1486906
0,8229,0.1485446
0,8230,0.1483988
0,8231,0.1482532
0,8232,0.1481079
0,8233,0.1479627
0,8234,0.1478178
0,8235,0.147673
0,8236,0.1475285
0,8237,0.1473842
0,8238,0.1472401
0,8239,0.1470962
0,8240,0.1469525
0,8241,0.146809
0,8242,0.1466657
0,8243,0.1465226
0,8244,0.1463797
0,8245,0.146237
0,8246,0.1460946
0,8247,0.1459523
0,8248,0.1458102
0,8249,0.1456684
0,8250,0.1455267
0,8251,0.1453853
0,8252,0.145244
0,8253,0.145103
0,8254,0.1449621
0,8255,0.1448215
0,8256,0.144681
0,8257,0.1445408
0,8258,0.1444007
0,8259,0.1442609
0,8260,0.1441212
0,8261,0.1439818
0,8262,0.1438425
0,8263,0.1437035
0,8264,0.1435647
0,8265,0.143426
0,8266,0.1432875
0,8267,0.1431493
0,8268,0.1430112
0,8269,0.1428734
0,8270,0.1427357
0,8271,0.1425982
0,8272,0.1424609
0,8273,0.1423239
0,8274,0.142187
0,8275,0.1420503
0,8276,0.1419138
0,8277,0.1417775
0,8278,0.1416414
0,8279,0.1415055
0,8280,0.1413697
0,8281,0.1412342
0,8282,0.1410989
0,8283,0.1409637
0,8284,0.1408288
0,8285,0.140694
0,8286,0.1405594
0,8287,0.140425
0,8288,0.1402909
0,8289,0.1401569
0,8290,0.140023
0,8291,0.1398894
0,8292,0.1397559
0,8293,0.1396227
0,8294,0.1394896
0,8295,0.1393567
0,8296,0.139224
0,8297,0.1390915
0,8298,0.1389592
0,8299,0.138827
0,8300,0.1386951
0,8301,0.1385633
0,8302,0.1384317
0,8303,0.1383003
0,8304,0.1381691
0,8305,0.138038
0,8306,0.1379072
0,8307,0.1377765
0,8308,0.137646
0,8309,0.1375157
0,8310,0.1373856
0,8311,0.1372557
0,8312,0.1371259
0,8313,0.1369963
0,8314,0.1368669
0,8315,0.1367377
0,8316,0.1366087
0,8317,0.1364798
0,8318,0.1363511
0,8319,0.1362226
0,8320,0.1360943
0,8321,0.1359662
0,8322,0.1358382
0,8323,0.1357104
0,8324,0.1355828
0,8325,0.1354554
0,8326,0.1353282
0,8327,0.1352011
0,8328,0.1350742
0,8329,0.1349475
0,8330,0.134821
0,8331,0.1346946
0,8332,0.1345684
0,8333,0.1344424
0,8334,0.1343166
0,8335,0.1341909
0,8336,0.1340654
0,8337,0.1339401
0,8338,0.1338149
0,8339,0.13369
0,8340,0.1335652
0,8341,0.1334406
0,8342,0.1333161
0,8343,0.1331919
0,8344,0.1330677
0,8345,0.1329438
0,8346,0.1328201
0,8347,0.1326965
0,8348,0.1325731
0,8349,0.1324498
0,8350,0.1323267
0,8351,0.1322038
0,8352,0.1320811
0,8353,0.1319585
0,8354,0.1318361
0,8355,0.1317138
0,8356,0.1315917
0,8357,0.1314698
0,8358,0.1313481
0,8359,0.1312265
0,8360,0.1311051
0,8361,0.1309839
0,8362,0.1308628
0,8363,0.1307419
0,8364,0.1306211
0,8365,0.1305006
0,8366,0.1303801
0,8367,0.1302599
0,8368,0.1301398
0,8369,0.1300199
0,8370,0.1299001
0,8371,0.1297805
0,8372,0.1296611
0,8373,0.1295418
0,8374,0.1294227
0,8375,0.1293038
0,8376,0.129185
0,8377,0.1290664
0,8378,0.1289479
0,8379,0.1288296
0,8380,0.1287115
0,8381,0.1285935
0,8382,0.1284757
0,8383,0.1283581
0,8384,0.1282406
0,8385,0.1281232
0,8386,0.1280061
0,8387,0.127889
0,8388,0.1277722
0,8389,0.1276555
0,8390,0.1275389
0,8391,0.1274226
0,8392,0.1273063
0,8393,0.1271903
0,8394,0.1270744
0,8395,0.1269586
0,8396,0.126843
0,8397,0.1267276
0,8398,0.1266123
0,8399,0.1264972
0,8400,0.1263822
0,8401,0.1262674
0,8402,0.1261527
0,8403,0.1260382
0,8404,0.1259239
0,8405,0.1258097
0,8406,0.1256956
0,8407,0.1255817
0,8408,0.125468
0,8409,0.1253544
0,8410,0.125241
0,8411,0.1251277
0,8412,0.1250146
0,8413,0.1249016
0,8414,0.1247888
0,8415,0.1246761
0,8416,0.1245636
0,8417,0.1244512
0,8418,0.124339
0,8419,0.1242269
0,8420,0.124115
0,8421,0.1240032
0,8422,0.1238916
0,8423,0.1237801
0,8424,0.1236688
0,8425,0.1235576
0,8426,0.1234465
0,8427,0.1233357
0,8428,0.1232249
0,8429,0.1231143
0,8430,0.1230039
0,8431,0.1228936
0,8432,0.1227835
0,8433,0.1226735
0,8434,0.1225636
0,8435,0.1224539
0,8436,0.1223443
0,8437,0.1222349
0,8438,0.1221257
0,8439,0.1220165
0,8440,0.1219076
0,8441,0.1217987
0,8442,0.12169
0,8443,0.1215815
0,8444,0.1214731
0,8445,0.1213648
0,8446,0.1212567
0,8447,0.1211487
0,8448,0.1210409
0,8449,0.1209332
0,8450,0.1208257
0,8451,0.1207183
0,8452,0.120611
0,8453,0.1205039
0,8454,0.1203969
0,8455,0.1202901
0,8456,0.1201834
0,8457,0.1200768
0,8458,0.1199704
0,8459,0.1198641
0,8460,0.119758
0,8461,0.119652
0,8462,0.1195461
0,8463,0.1194404
0,8464,0.1193348
0,8465,0.1192294
0,8466,0.1191241
0,8467,0.1190189
0,8468,0.1189139
0,8469,0.118809
0,8470,0.1187043
0,8471,0.1185996
0,8472,0.1184952
0,8473,0.1183908
0,8474,0.1182866
0,8475,0.1181826
0,8476,0.1180786
0,8477,0.1179748
0,8478,0.1178712
0,8479,0.1177676
0,8480,0.1176642
0,8481,0.117561
0,8482,0.1174579
0,8483,0.1173549
0,8484,0.117252
0,8485,0.1171493
0,8486,0.1170467
0,8487,0.1169443
0,8488,0.1168419
0,8489,0.1167398
0,8490,0.1166377
0,8491,0.1165358
0,8492,0.116434
0,8493,0.1163323
0,8494,0.1162308
0,8495,0.1161294
0,8496,0.1160282
0,8497,0.115927
0,8498,0.115826
0,8499,0.1157252
0,8500,0.1156244
0,8501,0.1155238
0,8502,0.1154233
0,8503,0.115323
0,8504,0.1152228
0,8505,0.1151227
0,8506,0.1150227
0,8507,0.1149229
0,8508,0.1148232
0,8509,0.1147236
0,8510,0.1146242
0,8511,0.1145248
0,8512,0.1144257
0,8513,0.1143266
0,8514,0.1142277
0,8515,0.1141289
0,8516,0.1140302
0,8517,0.1139316
0,8518,0.1138332
0,8519,0.1137349
0,8520,0.1136367
0,8521,0.1135387
0,8522,0.1134407
0,8523,0.1133429
0,8524,0.1132453
0,8525,0.1131477
0,8526,0.1130503
0,8527,0.112953
0,8528,0.1128558
0,8529,0.1127588
0,8530,0.1126618
0,8531,0.112565
0,8532,0.1124684
0,8533,0.1123718
0,8534,0.1122754
0,8535,0.1121791
0,8536,0.1120829
0,8537,0.1119868
0,8538,0.1118909
0,8539,0.111795
0,8540,0.1116993
0,8541,0.1116038
0,8542,0.1115083
0,8543,0.111413
0,8544,0.1113178
0,8545,0.1112227
0,8546,0.1111277
0,8547,0.1110328
0,8548,0.1109381
0,8549,0.1108435
0,8550,0.110749
0,8551,0.1106546
0,8552,0.1105604
0,8553,0.1104662
0,8554,0.1103722
0,8555,0.1102783
0,8556,0.1101845
0,8557,0.1100909
0,8558,0.1099973
0,8559,0.1099039
0,8560,0.1098106
0,8561,0.1097174
0,8562,0.1096243
0,8563,0.1095314
0,8564,0.1094386
0,8565,0.1093458
0,8566,0.1092532
0,8567,0.1091607
0,8568,0.1090684
0,8569,0.1089761
0,8570,0.108884
0,8571,0.108792
0,8572,0.1087
0,8573,0.1086083
0,8574,0.1085166
0,8575,0.108425
0,8576,0.1083336
0,8577,0.1082422
0,8578,0.108151
0,8579,0.1080599
0,8580,0.1079689
0,8581,0.107878
0,8582,0.1077873
0,8583,0.1076966
0,8584,0.1076061
0,8585,0.1075157
0,8586,0.1074254
0,8587,0.1073352
0,8588,0.1072451
0,8589,0.1071551
0,8590,0.1070652
0,8591,0.1069755
0,8592,0.1068858
0,8593,0.1067963
0,8594,0.1067069
0,8595,0.1066176
0,8596,0.1065284
0,8597,0.1064393
0,8598,0.1063503
0,8599,0.1062615
0,8600,0.1061727
0,8601,0.1060841
0,8602,0.1059955
0,8603,0.1059071
0,8604,0.1058188
0,8605,0.1057306
0,8606,0.1056425
0,8607,0.1055545
0,8608,0.1054666
0,8609,0.1053788
0,8610,0.1052912
0,8611,0.1052036
0,8612,0.1051162
0,8613,0.1050288
0,8614,0.1049416
0,8615,0.1048544
0,8616,0.1047674
0,8617,0.1046805
0,8618,0.1045937
0,8619,0.104507
0,8620,0.1044204
0,8621,0.1043339
0,8622,0.1042476
0,8623,0.1041613
0,8624,0.1040751
0,8625,0.103989
0,8626,0.1039031
0,8627,0.1038172
0,8628,0.1037315
0,8629,0.1036458
0,8630,0.1035603
0,8631,0.1034749
0,8632,0.1033896
0,8633,0.1033043
0,8634,0.1032192
0,8635,0.1031342
0,8636,0.1030493
0,8637,0.1029645
0,8638,0.1028798
0,8639,0.1027952
0,8640,0.1027107
0,8641,0.1026272
0,8642,0.1026303
0,8643,0.1032805
0,8644,0.1057149
0,8645,0.1112835
0,8646,0.1212361
0,8647,0.1365591
0,8648,0.1579066
0,8649,0.1855947
0,8650,0.2196316
0,8651,0.259775
0,8652,0.3055983
0,8653,0.3565535
0,8654,0.4120264
0,8655,0.4713791
0,8656,0.5339802
0,8657,0.5992258
0,8658,0.6665518
0,8659,0.7354413
0,8660,0.805427
0,8661,0.8760915
0,8662,0.9470664
0,8663,1.018029
0,8664,1.088698
0,8665,1.158835
0,8666,1.228233
0,8667,1.296719
0,8668,1.364151
0,8669,1.430408
0,8670,1.495397
0,8671,1.559042
0,8672,1.621283
0,8673,1.68208
0,8674,1.741402
0,8675,1.799232
0,8676,1.855562
0,8677,1.910393
0,8678,1.963734
0,8679,2.015599
0,8680,2.066008
0,8681,2.114982
0,8682,2.16255
0,8683,2.20874
0,8684,2.253584
0,8685,2.297116
0,8686,2.33937
0,8687,2.38038
0,8688,2.420184
0,8689,2.458817
0,8690,2.496315
0,8691,2.532715
0,8692,2.568052
0,8693,2.60236
0,8694,2.635675
0,8695,2.668029
0,8696,2.699456
0,8697,2.729988
0,8698,2.759656
0,8699,2.78849
0,8700,2.816518
0,8701,2.84377
0,8702,2.870273
0,8703,2.896053
0,8704,2.921136
0,8705,2.945547
0,8706,2.969308
0,8707,2.992442
0,8708,3.014971
0,8709,3.036916
0,8710,3.058297
0,8711,3.079133
0,8712,3.099443
0,8713,3.119245
0,8714,3.138554
0,8715,3.157388
0,8716,3.175763
0,8717,3.193692
0,8718,3.211192
0,8719,3.228275
0,8720,3.244955
0,8721,3.261245
0,8722,3.277155
0,8723,3.292698
0,8724,3.307884
0,8725,3.322725
0,8726,3.337231
0,8727,3.351412
0,8728,3.365278
0,8729,3.378838
0,8730,3.3921
0,8731,3.405074
0,8732,3.417766
0,8733,3.430184
0,8734,3.442336
0,8735,3.454229
0,8736,3.46587
0,8737,3.477266
0,8738,3.488423
0,8739,3.499349
0,8740,3.510048
0,8741,3.520527
0,8742,3.530791
0,8743,3.540844
0,8744,3.550693
0,8745,3.560339
0,8746,3.569786
0,8747,3.579006
0,8748,3.587852
0,8749,3.596029
0,8750,3.603203
0,8751,3.609076
0,8752,3.613419
0,8753,3.61607
0,8754,3.616924
0,8755,3.615921
0,8756,3.613052
0,8757,3.608317
0,8758,3.601749
0,8759,3.593385
0,8760,3.583263
0,8761,3.57144
0,8762,3.55796
0,8763,3.542881
0,8764,3.526255
0,8765,3.508137
0,8766,3.488585
0,8767,3.467648
0,8768,3.445383
0,8769,3.421841
0,8770,3.397067
0,8771,3.371114
0,8772,3.344023
0,8773,3.315837
0,8774,3.2866
0,8775,3.256347
0,8776,3.225116
0,8777,3.192942
0,8778,3.15986
0,8779,3.1259
0,8780,3.091096
0,8781,3.055476
0,8782,3.019069
0,8783,2.981902
0,8784,2.944001
0,8785,2.905392
0,8786,2.866098
0,8787,2.826142
0,8788,2.785545
0,8789,2.744328
0,8790,2.702514
0,8791,2.660118
0,8792,2.617161
0,8793,2.573658
0,8794,2.529629
0,8795,2.485089
0,8796,2.440053
0,8797,2.394537
0,8798,2.348556
0,8799,2.30213
0,8800,2.255354
0,8801,2.208507
0,8802,2.161965
0,8803,2.116093
0,8804,2.071185
0,8805,2.027453
0,8806,1.985038
0,8807,1.944018
0,8808,1.90443
0,8809,1.866274
0,8810,1.82953
0,8811,1.794161
0,8812,1.760119
0,8813,1.727351
0,8814,1.695799
0,8815,1.665404
0,8816,1.636109
0,8817,1.607855
0,8818,1.580589
0,8819,1.554257
0,8820,1.528808
0,8821,1.504196
0,8822,1.480375
0,8823,1.457304
0,8824,1.434942
0,8825,1.413252
0,8826,1.392201
0,8827,1.371756
0,8828,1.351887
0,8829,1.332566
0,8830,1.313765
0,8831,1.295457
0,8832,1.277615
0,8833,1.260215
0,8834,1.243236
0,8835,1.226657
0,8836,1.210461
0,8837,1.194633
0,8838,1.179156
0,8839,1.164019
0,8840,1.149207
0,8841,1.134711
0,8842,1.120519
0,8843,1.10662
0,8844,1.093007
0,8845,1.079669
0,8846,1.0666
0,8847,1.05379
0,8848,1.041232
0,8849,1.028919
0,8850,1.016845
0,8851,1.005003
0,8852,0.9933878
0,8853,0.9819924
0,8854,0.9708115
0,8855,0.9598398
0,8856,0.949072
0,8857,0.9385033
0,8858,0.9281288
0,8859,0.9179441
0,8860,0.9079447
0,8861,0.8981263
0,8862,0.888485
0,8863,0.8790166
0,8864,0.8697173
0,8865,0.8605835
0,8866,0.8516114
0,8867,0.8427977
0,8868,0.8341389
0,8869,0.8256317
0,8870,0.8172731
0,8871,0.8090597
0,8872,0.8009888
0,8873,0.7930573
0,8874,0.7852623
0,8875,0.7776012
0,8876,0.7700712
0,8877,0.7626697
0,8878,0.7553942
0,8879,0.7482421
0,8880,0.741211
0,8881,0.7342985
0,8882,0.7275024
0,8883,0.7208204
0,8884,0.7142501
0,8885,0.7077897
0,8886,0.7014368
0,8887,0.6951895
0,8888,0.6890458
0,8889,0.6830037
0,8890,0.6770612
0,8891,0.6712165
0,8892,0.6654679
0,8893,0.6598134
0,8894,0.6542514
0,8895,0.64878
0,8896,0.6433978
0,8897,0.6381029
0,8898,0.6328939
0,8899,0.627769
0,8900,0.6227268
0,8901,0.6177658
0,8902,0.6128845
0,8903,0.6080813
0,8904,0.6033551
0,8905,0.5987042
0,8906,0.5941275
0,8907,0.5896235
0,8908,0.5851908
0,8909,0.5808284
0,8910,0.5765348
0,8911,0.5723089
0,8912,0.5681494
0,8913,0.5640553
0,8914,0.5600252
0,8915,0.556058
0,8916,0.5521528
0,8917,0.5483082
0,8918,0.5445234
0,8919,0.5407971
0,8920,0.5371284
0,8921,0.5335163
0,8922,0.5299599
0,8923,0.526458
0,8924,0.5230097
0,8925,0.5196141
0,8926,0.5162703
0,8927,0.5129774
0,8928,0.5097344
0,8929,0.5065405
0,8930,0.503395
0,8931,0.5002968
0,8932,0.4972452
0,8933,0.4942394
0,8934,0.4912785
0,8935,0.4883618
0,8936,0.4854886
0,8937,0.4826581
0,8938,0.4798695
0,8939,0.4771221
0,8940,0.4744152
0,8941,0.4717481
0,8942,0.4691201
0,8943,0.4665305
0,8944,0.4639787
0,8945,0.4614641
0,8946,0.4589859
0,8947,0.4565436
0,8948,0.4541365
0,8949,0.451764
0,8950,0.4494257
0,8951,0.4471207
0,8952,0.4448487
0,8953,0.4426089
0,8954,0.4404009
0,8955,0.4382242
0,8956,0.4360781
0,8957,0.4339622
0,8958,0.4318759
0,8959,0.4298188
0,8960,0.4277903
0,8961,0.42579
0,8962,0.4238174
0,8963,0.4218719
0,8964,0.4199532
0,8965,0.4180608
0,8966,0.4161943
0,8967,0.4143531
0,8968,0.4125369
0,8969,0.4107452
0,8970,0.4089777
0,8971,0.4072339
0,8972,0.4055134
0,8973,0.4038159
0,8974,0.4021409
0,8975,0.400488
0,8976,0.3988569
0,8977,0.3972473
0,8978,0.3956586
0,8979,0.3940907
0,8980,0.3925432
0,8981,0.3910156
0,8982,0.3895077
0,8983,0.3880191
0,8984,0.3865496
0,8985,0.3850988
0,8986,0.3836663
0,8987,0.3822519
0,8988,0.3808553
0,8989,0.3794761
0,8990,0.3781141
0,8991,0.376769
0,8992,0.3754405
0,8993,0.3741284
0,8994,0.3728323
0,8995,0.371552
0,8996,0.3702872
0,8997,0.3690377
0,8998,0.3678032
0,8999,0.3665834
0,9000,0.3653782
0,9001,0.3641873
0,9002,0.3630104
0,9003,0.3618473
0,9004,0.3606977
0,9005,0.3595616
0,9006,0.3584386
0,9007,0.3573284
0,9008,0.356231
0,9009,0.3551461
0,9010,0.3540734
0,9011,0.3530129
0,9012,0.3519642
0,9013,0.3509272
0,9014,0.3499017
0,9015,0.3488875
0,9016,0.3478844
0,9017,0.3468923
0,9018,0.3459109
0,9019,0.3449402
0,9020,0.3439798
0,9021,0.3430296
0,9022,0.3420896
0,9023,0.3411594
0,9024,0.340239
0,9025,0.3393282
0,9026,0.3384268
0,9027,0.3375347
0,9028,0.3366518
0,9029,0.3357778
0,9030,0.3349126
0,9031,0.3340562
0,9032,0.3332083
0,9033,0.3323688
0,9034,0.3315376
0,9035,0.3307145
0,9036,0.3298995
0,9037,0.3290923
0,9038,0.3282929
0,9039,0.3275011
0,9040,0.3267169
0,9041,0.32594
0,9042,0.3251704
0,9043,0.324408
0,9044,0.3236526
0,9045,0.3229042
0,9046,0.3221626
0,9047,0.3214276
0,9048,0.3206994
0,9049,0.3199776
0,9050,0.3192622
0,9051,0.3185531
0,9052,0.3178502
0,9053,0.3171534
0,9054,0.3164627
0,9055,0.3157778
0,9056,0.3150988
0,9057,0.3144255
0,9058,0.3137578
0,9059,0.3130957
0,9060,0.3124391
0,9061,0.3117878
0,9062,0.3111418
0,9063,0.3105011
0,9064,0.3098655
0,9065,0.309235
0,9066,0.3086094
0,9067,0.3079887
0,9068,0.3073729
0,9069,0.3067618
0,9070,0.3061554
0,9071,0.3055536
0,9072,0.3049564
0,9073,0.3043636
0,9074,0.3037753
0,9075,0.3031912
0,9076,0.3026115
0,9077,0.3020359
0,9078,0.3014645
0,9079,0.3008972
0,9080,0.3003339
0,9081,0.2997745
0,9082,0.2992191
0,9083,0.2986675
0,9084,0.2981197
0,9085,0.2975756
0,9086,0.2970352
0,9087,0.2964984
0,9088,0.2959652
0,9089,0.2954355
0,9090,0.2949092
0,9091,0.2943864
0,9092,0.2938669
0,9093,0.2933508
0,9094,0.2928379
0,9095,0.2923283
0,9096,0.2918218
0,9097,0.2913184
0,9098,0.2908182
0,9099,0.2903209
0,9100,0.2898267
0,9101,0.2893354
0,9102,0.288847
0,9103,0.2883615
0,9104,0.2878788
0,9105,0.2873989
0,9106,0.2869218
0,9107,0.2864474
0,9108,0.2859756
0,9109,0.2855065
0,9110,0.28504
0,9111,0.2845761
0,9112,0.2841147
0,9113,0.2836557
0,9114,0.2831993
0,9115,0.2827453
0,9116,0.2822936
0,9117,0.2818443
0,9118,0.2813974
0,9119,0.2809528
0,9120,0.2805104
0,9121,0.2800702
0,9122,0.2796323
0,9123,0.2791966
0,9124,0.278763
0,9125,0.2783315
0,9126,0.2779021
0,9127,0.2774748
0,9128,0.2770495
0,9129,0.2766262
0,9130,0.2762049
0,9131,0.2757856
0,9132,0.2753682
0,9133,0.2749527
0,9134,0.2745391
0,9135,0.2741274
0,9136,0.2737175
0,9137,0.2733095
0,9138,0.2729032
0,9139,0.2724987
0,9140,0.2720959
0,9141,0.2716949
0,9142,0.2712956
0,9143,0.2708979
0,9144,0.270502
0,9145,0.2701076
0,9146,0.2697149
0,9147,0.2693238
0,9148,0.2689343
0,9149,0.2685464
0,9150,0.26816
0,9151,0.2677751
0,9152,0.2673918
0,9153,0.2670099
0,9154,0.2666295
0,9155,0.2662506
0,9156,0.2658731
0,9157,0.2654971
0,9158,0.2651225
0,9159,0.2647492
0,9160,0.2643774
0,9161,0.2640069
0,9162,0.2636377
0,9163,0.2632699
0,9164,0.2629034
0,9165,0.2625382
0,9166,0.2621743
0,9167,0.2618117
0,9168,0.2614503
0,9169,0.2610902
0,9170,0.2607313
0,9171,0.2603737
0,9172,0.2600172
0,9173,0.2596619
0,9174,0.2593079
0,9175,0.258955
0,9176,0.2586033
0,9177,0.2582527
0,9178,0.2579032
0,9179,0.2575549
0,9180,0.2572077
0,9181,0.2568616
0,9182,0.2565166
0,9183,0.2561727
0,9184,0.2558298
0,9185,0.255488
0,9186,0.2551472
0,9187,0.2548074
0,9188,0.2544687
0,9189,0.254131
0,9190,0.2537943
0,9191,0.2534586
0,9192,0.2531239
0,9193,0.2527902
0,9194,0.2524575
0,9195,0.2521257
0,9196,0.2517948
0,9197,0.2514649
0,9198,0.2511359
0,9199,0.2508079
0,9200,0.2504808
0,9201,0.2501546
0,9202,0.2498292
0,9203,0.2495048
0,9204,0.2491813
0,9205,0.2488586
0,9206,0.2485369
0,9207,0.2482159
0,9208,0.2478959
0,9209,0.2475767
0,9210,0.2472583
0,9211,0.2469408
0,9212,0.2466241
0,9213,0.2463082
0,9214,0.2459931
0,9215,0.2456789
0,9216,0.2453654
0,9217,0.2450528
0,9218,0.2447409
0,9219,0.2444298
0,9220,0.2441195
0,9221,0.24381
0,9222,0.2435012
0,9223,0.2431932
0,9224,0.242886
0,9225,0.2425795
0,9226,0.2422737
0,9227,0.2419687
0,9228,0.2416645
0,9229,0.2413609
0,9230,0.2410581
0,9231,0.240756
0,9232,0.2404546
0,9233,0.2401539
0,9234,0.2398539
0,9235,0.2395546
0,9236,0.239256
0,9237,0.2389581
0,9238,0.2386609
0,9239,0.2383644
0,9240,0.2380685
0,9241,0.2377733
0,9242,0.2374788
0,9243,0.2371849
0,9244,0.2368917
0,9245,0.2365992
0,9246,0.2363073
0,9247,0.236016
0,9248,0.2357254
0,9249,0.2354354
0,9250,0.2351461
0,9251,0.2348574
0,9252,0.2345693
0,9253,0.2342818
0,9254,0.2339949
0,9255,0.2337087
0,9256,0.2334231
0,9257,0.233138
0,9258,0.2328536
0,9259,0.2325698
0,9260,0.2322865
0,9261,0.2320039
0,9262,0.2317219
0,9263,0.2314405
0,9264,0.2311596
0,9265,0.2308793
0,9266,0.2305996
0,9267,0.2303205
0,9268,0.2300419
0,9269,0.2297639
0,9270,0.2294865
0,9271,0.2292096
0,9272,0.2289333
0,9273,0.2286575
0,9274,0.2283823
0,9275,0.2281076
0,9276,0.2278335
0,9277,0.2275599
0,9278,0.2272869
0,9279,0.2270144
0,9280,0.2267424
0,9281,0.226471
0,9282,0.2262001
0,9283,0.2259298
0,9284,0.22566
0,9285,0.2253906
0,9286,0.2251219
0,9287,0.2248536
0,9288,0.2245858
0,9289,0.2243186
0,9290,0.2240519
0,9291,0.2237856
0,9292,0.2235199
0,9293,0.2232547
0,9294,0.22299
0,9295,0.2227257
0,9296,0.222462
0,9297,0.2221988
0,9298,0.2219361
0,9299,0.2216738
0,9300,0.2214121
0,9301,0.2211508
0,9302,0.2208901
0,9303,0.2206298
0,9304,0.22037
0,9305,0.2201106
0,9306,0.2198518
0,9307,0.2195934
0,9308,0.2193355
0,9309,0.2190781
0,9310,0.2188211
0,9311,0.2185646
0,9312,0.2183086
0,9313,0.2180531
0,9314,0.217798
0,9315,0.2175433
0,9316,0.2172892
0,9317,0.2170354
0,9318,0.2167822
0,9319,0.2165294
0,9320,0.216277
0,9321,0.2160251
0,9322,0.2157737
0,9323,0.2155227
0,9324,0.2152721
0,9325,0.215022
0,9326,0.2147724
0,9327,0.2145232
0,9328,0.2142744
0,9329,0.214026
0,9330,0.2137781
0,9331,0.2135307
0,9332,0.2132836
0,9333,0.2130371
0,9334,0.2127909
0,9335,0.2125452
0,9336,0.2122999
0,9337,0.212055
0,9338,0.2118105
0,9339,0.2115665
0,9340,0.2113229
0,9341,0.2110798
0,9342,0.210837
0,9343,0.2105947
0,9344,0.2103528
0,9345,0.2101113
0,9346,0.2098702
0,9347,0.2096295
0,9348,0.2093893
0,9349,0.2091494
0,9350,0.20891
0,9351,0.208671
0,9352,0.2084324
0,9353,0.2081942
0,9354,0.2079564
0,9355,0.207719
0,9356,0.207482
0,9357,0.2072454
0,9358,0.2070093
0,9359,0.2067735
0,9360,0.2065381
0,9361,0.2063031
0,9362,0.2060686
0,9363,0.2058344
0,9364,0.2056006
0,9365,0.2053672
0,9366,0.2051342
0,9367,0.2049016
0,9368,0.2046694
0,9369,0.2044376
0,9370,0.2042061
0,9371,0.2039751
0,9372,0.2037444
0,9373,0.2035141
0,9374,0.2032842
0,9375,0.2030547
0,9376,0.2028256
0,9377,0.2025968
0,9378,0.2023685
0,9379,0.2021405
0,9380,0.2019129
0,9381,0.2016856
0,9382,0.2014588
0,9383,0.2012323
0,9384,0.2010061
0,9385,0.2007804
0,9386,0.200555
0,9387,0.20033
0,9388,0.2001053
0,9389,0.1998811
0,9390,0.1996572
0,9391,0.1994337
0,9392,0.1992106
0,9393,0.1989878
0,9394,0.1987654
0,9395,0.1985433
0,9396,0.1983216
0,9397,0.1981003
0,9398,0.1978794
0,9399,0.1976588
0,9400,0.1974385
0,9401,0.1972186
0,9402,0.1969991
0,9403,0.1967799
0,9404,0.1965611
0,9405,0.1963426
0,9406,0.1961245
0,9407,0.1959068
0,9408,0.1956894
0,9409,0.1954723
0,9410,0.1952556
0,9411,0.1950392
0,9412,0.1948232
0,9413,0.1946075
0,9414,0.1943922
0,9415,0.1941772
0,9416,0.1939625
0,9417,0.1937482
0,9418,0.1935343
0,9419,0.1933207
0,9420,0.1931075
0,9421,0.1928946
0,9422,0.192682
0,9423,0.1924698
0,9424,0.1922579
0,9425,0.1920463
0,9426,0.1918351
0,9427,0.1916243
0,9428,0.1914137
0,9429,0.1912035
0,9430,0.1909937
0,9431,0.1907841
0,9432,0.1905749
0,9433,0.1903661
0,9434,0.1901575
0,9435,0.1899493
0,9436,0.1897415
0,9437,0.1895339
0,9438,0.1893267
0,9439,0.1891198
0,9440,0.1889132
0,9441,0.188707
0,9442,0.1885011
0,9443,0.1882955
0,9444,0.1880902
0,9445,0.1878853
0,9446,0.1876806
0,9447,0.1874763
0,9448,0.1872723
0,9449,0.1870687
0,9450,0.1868653
0,9451,0.1866623
0,9452,0.1864596
0,9453,0.1862573
0,9454,0.1860552
0,9455,0.1858535
0,9456,0.185652
0,9457,0.1854509
0,9458,0.1852501
0,9459,0.1850497
0,9460,0.1848495
0,9461,0.1846496
0,9462,0.1844501
0,9463,0.1842509
0,9464,0.184052
0,9465,0.1838534
0,9466,0.1836551
0,9467,0.1834571
0,9468,0.1832594
0,9469,0.183062
0,9470,0.182865
0,9471,0.1826682
0,9472,0.1824718
0,9473,0.1822756
0,9474,0.1820798
0,9475,0.1818843
0,9476,0.181689
0,9477,0.1814941
0,9478,0.1812995
0,9479,0.1811052
0,9480,0.1809111
0,9481,0.1807174
0,9482,0.180524
0,9483,0.1803309
0,9484,0.1801381
0,9485,0.1799455
0,9486,0.1797533
0,9487,0.1795614
0,9488,0.1793697
0,9489,0.1791784
0,9490,0.1789874
0,9491,0.1787966
0,9492,0.1786062
0,9493,0.178416
0,9494,0.1782262
0,9495,0.1780366
0,9496,0.1778473
0,9497,0.1776584
0,9498,0.1774697
0,9499,0.1772813
0,9500,0.1770931
0,9501,0.1769053
0,9502,0.1767178
0,9503,0.1765306
0,9504,0.1763436
0,9505,0.1761569
0,9506,0.1759706
0,9507,0.1757845
0,9508,0.1755987
0,9509,0.1754131
0,9510,0.1752279
0,9511,0.1750429
0,9512,0.1748583
0,9513,0.1746739
0,9514,0.1744898
0,9515,0.1743059
0,9516,0.1741224
0,9517,0.1739391
0,9518,0.1737561
0,9519,0.1735734
0,9520,0.173391
0,9521,0.1732089
0,9522,0.173027
0,9523,0.1728454
0,9524,0.1726641
0,9525,0.1724831
0,9526,0.1723023
0,9527,0.1721218
0,9528,0.1719416
0,9529,0.1717616
0,9530,0.171582
0,9531,0.1714026
0,9532,0.1712235
0,9533,0.1710446
0,9534,0.170866
0,9535,0.1706877
0,9536,0.1705097
0,9537,0.1703319
0,9538,0.1701544
0,9539,0.1699772
0,9540,0.1698003
0,9541,0.1696236
0,9542,0.1694471
0,9543,0.169271
0,9544,0.1690951
0,9545,0.1689195
0,9546,0.1687441
0,9547,0.168569
0,9548,0.1683942
0,9549,0.1682196
0,9550,0.1680453
0,9551,0.1678713
0,9552,0.1676975
0,9553,0.167524
0,9554,0.1673507
0,9555,0.1671778
0,9556,0.167005
0,9557,0.1668325
0,9558,0.1666603
0,9559,0.1664884
0,9560,0.1663167
0,9561,0.1661452
0,9562,0.1659741
0,9563,0.1658031
0,9564,0.1656324
0,9565,0.165462
0,9566,0.1652919
0,9567,0.165122
0,9568,0.1649523
0,9569,0.1647829
0,9570,0.1646138
0,9571,0.1644449
0,9572,0.1642762
0,9573,0.1641078
0,9574,0.1639397
0,9575,0.1637718
0,9576,0.1636042
0,9577,0.1634368
0,9578,0.1632697
0,9579,0.1631028
0,9580,0.1629362
0,9581,0.1627698
0,9582,0.1626036
0,9583,0.1624377
0,9584,0.1622721
0,9585,0.1621067
0,9586,0.1619415
0,9587,0.1617766
0,9588,0.161612
0,9589,0.1614475
0,9590,0.1612834
0,9591,0.1611194
0,9592,0.1609557
0,9593,0.1607923
0,9594,0.1606291
0,9595,0.1604661
0,9596,0.1603034
0,9597,0.1601409
0,9598,0.1599787
0,9599,0.1598167
0,9600,0.1596549
0,9601,0.1594934
0,9602,0.1593321
0,9603,0.159171
0,9604,0.1590102
0,9605,0.1588497
0,9606,0.1586893
0,9607,0.1585292
0,9608,0.1583694
0,9609,0.1582097
0,9610,0.1580503
0,9611,0.1578912
0,9612,0.1577323
0,9613,0.1575736
0,9614,0.1574151
0,9615,0.1572569
0,9616,0.1570989
0,9617,0.1569411
0,9618,0.1567836
0,9619,0.1566263
0,9620,0.1564693
0,9621,0.1563124
0,9622,0.1561558
0,9623,0.1559995
0,9624,0.1558433
0,9625,0.1556874
0,9626,0.1555317
0,9627,0.1553762
0,9628,0.155221
0,9629,0.155066
0,9630,0.1549112
0,9631,0.1547567
0,9632,0.1546023
0,9633,0.1544482
0,9634,0.1542944
0,9635,0.1541407
0,9636,0.1539873
0,9637,0.1538341
0,9638,0.1536811
0,9639,0.1535283
0,9640,0.1533758
0,9641,0.1532235
0,9642,0.1530714
0,9643,0.1529195
0,9644,0.1527678
0,9645,0.1526164
0,9646,0.1524652
0,9647,0.1523142
0,9648,0.1521634
0,9649,0.1520129
0,9650,0.1518625
0,9651,0.1517124
0,9652,0.1515625
0,9653,0.1514128
0,9654,0.1512634
0,9655,0.1511141
0,9656,0.1509651
0,9657,0.1508163
0,9658,0.1506677
0,9659,0.1505193
0,9660,0.1503711
0,9661,0.1502232
0,9662,0.1500754
0,9663,0.1499279
0,9664,0.1497806
0,9665,0.1496335
0,9666,0.1494866
0,9667,0.1493399
0,9668,0.1491934
0,9669,0.1490472
0,9670,0.1489011
0,9671,0.1487553
0,9672,0.1486097
0,9673,0.1484643
0,9674,0.1483191
0,9675,0.1481741
0,9676,0.1480293
0,9677,0.1478847
0,9678,0.1477403
0,9679,0.1475961
0,9680,0.1474522
0,9681,0.1473084
0,9682,0.1471649
0,9683,0.1470215
0,9684,0.1468784
0,9685,0.1467354
0,9686,0.1465927
0,9687,0.1464502
0,9688,0.1463079
0,9689,0.1461657
0,9690,0.1460238
0,9691,0.1458821
0,9692,0.1457406
0,9693,0.1455993
0,9694,0.1454582
0,9695,0.1453173
0,9696,0.1451766
0,9697,0.1450361
0,9698,0.1448958
0,9699,0.1447557
0,9700,0.1446158
0,9701,0.1444761
0,9702,0.1443366
0,9703,0.1441973
0,9704,0.1440582
0,9705,0.1439192
0,9706,0.1437805
0,9707,0.143642
0,9708,0.1435037
0,9709,0.1433656
0,9710,0.1432277
0,9711,0.1430899
0,9712,0.1429524
0,9713,0.1428151
0,9714,0.1426779
0,9715,0.142541
0,9716,0.1424042
0,9717,0.1422676
0,9718,0.1421313
0,9719,0.1419951
0,9720,0.1418591
0,9721,0.1417233
0,9722,0.1415877
0,9723,0.1414523
0,9724,0.1413171
0,9725,0.1411821
0,9726,0.1410472
0,9727,0.1409126
0,9728,0.1407781
0,9729,0.1406439
0,9730,0.1405098
0,9731,0.1403759
0,9732,0.1402422
0,9733,0.1401087
0,9734,0.1399753
0,9735,0.1398422
0,9736,0.1397092
0,9737,0.1395765
0,9738,0.1394439
0,9739,0.1393115
0,9740,0.1391793
0,9741,0.1390473
0,9742,0.1389154
0,9743,0.1387838
0,9744,0.1386523
0,9745,0.138521
0,9746,0.1383899
0,9747,0.138259
0,9748,0.1381283
0,9749,0.1379977
0,9750,0.1378674
0,9751,0.1377372
0,9752,0.1376072
0,9753,0.1374774
0,9754,0.1373477
0,9755,0.1372183
0,9756,0.137089
0,9757,0.1369599
0,9758,0.1368309
0,9759,0.1367022
0,9760,0.1365736
0,9761,0.1364453
0,9762,0.1363171
0,9763,0.136189
0,9764,0.1360612
0,9765,0.1359335
0,9766,0.135806
0,9767,0.1356787
0,9768,0.1355516
0,9769,0.1354246
0,9770,0.1352978
0,9771,0.1351712
0,9772,0.1350448
0,9773,0.1349185
0,9774,0.1347924
0,9775,0.1346665
0,9776,0.1345408
0,9777,0.1344152
0,9778,0.1342898
0,9779,0.1341646
0,9780,0.1340395
0,9781,0.1339146
0,9782,0.1337899
0,9783,0.1336654
0,9784,0.133541
0,9785,0.1334169
0,9786,0.1332929
0,9787,0.133169
0,9788,0.1330453
0,9789,0.1329218
0,9790,0.1327985
0,9791,0.1326753
0,9792,0.1325523
0,9793,0.1324295
0,9794,0.1323068
0,9795,0.1321843
0,9796,0.132062
0,9797,0.1319399
0,9798,0.1318179
0,9799,0.1316961
0,9800,0.1315744
0,9801,0.1314529
0,9802,0.1313316
0,9803,0.1312104
0,9804,0.1310894
0,9805,0.1309686
0,9806,0.130848
0,9807,0.1307275
0,9808,0.1306071
0,9809,0.130487
0,9810,0.130367
0,9811,0.1302471
0,9812,0.1301275
0,9813,0.130008
0,9814,0.1298886
0,9815,0.1297694
0,9816,0.1296504
0,9817,0.1295315
0,9818,0.1294128
0,9819,0.1292943
0,9820,0.1291759
0,9821,0.1290577
0,9822,0.1289396
0,9823,0.1288217
0,9824,0.128704
0,9825,0.1285864
0,9826,0.128469
0,9827,0.1283517
0,9828,0.1282346
0,9829,0.1281177
0,9830,0.1280009
0,9831,0.1278843
0,9832,0.1277678
0,9833,0.1276515
0,9834,0.1275353
0,9835,0.1274193
0,9836,0.1273035
0,9837,0.1271878
0,9838,0.1270722
0,9839,0.1269569
0,9840,0.1268416
0,9841,0.1267266
0,9842,0.1266117
0,9843,0.1264969
0,9844,0.1263823
0,9845,0.1262679
0,9846,0.1261536
0,9847,0.1260394
0,9848,0.1259255
0,9849,0.1258116
0,9850,0.1256979
0,9851,0.1255844
0,9852,0.125471
0,9853,0.1253578
0,9854,0.1252447
0,9855,0.1251318
0,9856,0.125019
0,9857,0.1249064
0,9858,0.1247939
0,9859,0.1246816
0,9860,0.1245695
0,9861,0.1244574
0,9862,0.1243456
0,9863,0.1242338
0,9864,0.1241223
0,9865,0.1240109
0,9866,0.1238996
0,9867,0.1237885
0,9868,0.1236775
0,9869,0.1235667
0,9870,0.123456
0,9871,0.1233454
0,9872,0.1232351
0,9873,0.1231248
0,9874,0.1230147
0,9875,0.1229048
0,9876,0.122795
0,9877,0.1226853
0,9878,0.1225758
0,9879,0.1224664
0,9880,0.1223572
0,9881,0.1222481
0,9882,0.1221392
0,9883,0.1220304
0,9884,0.1219217
0,9885,0.1218132
0,9886,0.1217049
0,9887,0.1215967
0,9888,0.1214886
0,9889,0.1213807
0,9890,0.1212729
0,9891,0.1211652
0,9892,0.1210577
0,9893,0.1209504
0,9894,0.1208431
0,9895,0.1207361
0,9896,0.1206291
0,9897,0.1205223
0,9898,0.1204157
0,9899,0.1203091
0,9900,0.1202028
0,9901,0.1200965
0,9902,0.1199904
0,9903,0.1198845
0,9904,0.1197786
0,9905,0.119673
0,9906,0.1195674
0,9907,0.119462
0,9908,0.1193567
0,9909,0.1192516
0,9910,0.1191466
0,9911,0.1190418
0,9912,0.1189371
0,9913,0.1188325
0,9914,0.118728
0,9915,0.1186237
0,9916,0.1185196
0,9917,0.1184155
0,9918,0.1183116
0,9919,0.1182079
0,9920,0.1181042
0,9921,0.1180007
0,9922,0.1178974
0,9923,0.1177942
0,9924,0.1176911
0,9925,0.1175881
0,9926,0.1174853
0,9927,0.1173826
0,9928,0.1172801
0,9929,0.1171776
0,9930,0.1170753
0,9931,0.1169732
0,9932,0.1168712
0,9933,0.1167693
0,9934,0.1166675
0,9935,0.1165659
0,9936,0.1164644
0,9937,0.116363
0,9938,0.1162618
0,9939,0.1161607
0,9940,0.1160597
0,9941,0.1159589
0,9942,0.1158582
0,9943,0.1157576
0,9944,0.1156571
0,9945,0.1155568
0,9946,0.1154566
0,9947,0.1153565
0,9948,0.1152566
0,9949,0.1151568
0,9950,0.1150571
0,9951,0.1149575
0,9952,0.1148581
0,9953,0.1147588
0,9954,0.1146597
0,9955,0.1145606
0,9956,0.1144617
0,9957,0.1143629
0,9958,0.1142642
0,9959,0.1141657
0,9960,0.1140673
0,9961,0.113969
0,9962,0.1138709
0,9963,0.1137728
0,9964,0.1136749
0,9965,0.1135772
0,9966,0.1134795
0,9967,0.113382
0,9968,0.1132846
0,9969,0.1131873
0,9970,0.1130901
0,9971,0.1129931
0,9972,0.1128962
0,9973,0.1127994
0,9974,0.1127027
0,9975,0.1126062
0,9976,0.1125098
0,9977,0.1124135
0,9978,0.1123173
0,9979,0.1122213
0,9980,0.1121253
0,9981,0.1120295
0,9982,0.1119338
0,9983,0.1118383
0,9984,0.1117428
0,9985,0.1116475
0,9986,0.1115523
0,9987,0.1114573
0,9988,0.1113623
0,9989,0.1112675
0,9990,0.1111727
0,9991,0.1110781
0,9992,0.1109837
0,9993,0.1108893
0,9994,0.1107951
0,9995,0.1107009
0,9996,0.1106069
0,9997,0.1105131
0,9998,0.1104193
0,9999,0.1103256
0,10000,0.1102321
0,10001,0.1101387
0,10002,0.1100454
0,10003,0.1099522
0,10004,0.1098592
0,10005,0.1097662
0,10006,0.1096734
0,10007,0.1095807
0,10008,0.1094881
0,10009,0.1093956
0,10010,0.1093032
0,10011,0.109211
0,10012,0.1091188
0,10013,0.1090268
0,10014,0.1089349
0,10015,0.1088431
0,10016,0.1087515
0,10017,0.1086599
0,10018,0.1085685
0,10019,0.1084771
0,10020,0.1083859
0,10021,0.1082948
0,10022,0.1082038
0,10023,0.108113
0,10024,0.1080222
0,10025,0.1079316
0,10026,0.107841
0,10027,0.1077506
0,10028,0.1076603
0,10029,0.1075701
0,10030,0.10748
0,10031,0.10739
0,10032,0.1073002
0,10033,0.1072104
0,10034,0.1071208
0,10035,0.1070313
0,10036,0.1069418
0,10037,0.1068525
0,10038,0.1067633
0,10039,0.1066743
0,10040,0.1065853
0,10041,0.1064964
0,10042,0.1064077
0,10043,0.106319
0,10044,0.1062305
0,10045,0.1061421
0,10046,0.1060537
0,10047,0.1059655
0,10048,0.1058774
0,10049,0.1057895
0,10050,0.1057016
0,10051,0.1056138
0,10052,0.1055261
0,10053,0.1054386
0,10054,0.1053511
0,10055,0.1052638
0,10056,0.1051765
0,10057,0.1050894
0,10058,0.1050024
0,10059,0.1049155
0,10060,0.1048287
0,10061,0.104742
0,10062,0.1046554
0,10063,0.1045689
0,10064,0.1044825
0,10065,0.1043962
0,10066,0.10431
0,10067,0.104224
0,10068,0.104138
0,10069,0.1040522
0,10070,0.1039664
0,10071,0.1038808
0,10072,0.1037952
0,10073,0.1037098
0,10074,0.1036244
0,10075,0.1035392
0,10076,0.1034541
0,10077,0.103369
0,10078,0.1032841
0,10079,0.1031993
0,10080,0.1031146
0,10081,0.1030309
0,10082,0.1030338
0,10083,0.1036837
0,10084,0.106118
0,10085,0.1116863
0,10086,0.1216387
0,10087,0.1369615
0,10088,0.1583088
0,10089,0.1859967
0,10090,0.2200334
0,10091,0.2601766
0,10092,0.3059997
0,10093,0.3569546
0,10094,0.4124273
0,10095,0.4717798
0,10096,0.5343807
0,10097,0.5996261
0,10098,0.666952
0,10099,0.7358412
0,10100,0.8058267
0,10101,0.876491
0,10102,0.9474656
0,10103,1.018428
0,10104,1.089097
0,10105,1.159233
0,10106,1.228631
0,10107,1.297117
0,10108,1.364549
0,10109,1.430806
0,10110,1.495795
0,10111,1.559439
0,10112,1.62168
0,10113,1.682477
0,10114,1.741799
0,10115,1.799629
0,10116,1.855958
0,10117,1.910789
0,10118,1.96413
0,10119,2.015995
0,10120,2.066403
0,10121,2.115378
0,10122,2.162945
0,10123,2.209135
0,10124,2.253979
0,10125,2.29751
0,10126,2.339764
0,10127,2.380774
0,10128,2.420578
0,10129,2.45921
0,10130,2.496709
0,10131,2.533108
0,10132,2.568445
0,10133,2.602753
0,10134,2.636067
0,10135,2.668422
0,10136,2.699848
0,10137,2.73038
0,10138,2.760048
0,10139,2.788881
0,10140,2.81691
0,10141,2.844161
0,10142,2.870664
0,10143,2.896444
0,10144,2.921527
0,10145,2.945937
0,10146,2.969698
0,10147,2.992832
0,10148,3.01536
0,10149,3.037305
0,10150,3.058686
0,10151,3.079522
0,10152,3.099832
0,10153,3.119633
0,10154,3.138942
0,10155,3.157777
0,10156,3.176151
0,10157,3.19408
0,10158,3.21158
0,10159,3.228663
0,10160,3.245342
0,10161,3.261631
0,10162,3.277542
0,10163,3.293084
0,10164,3.30827
0,10165,3.323111
0,10166,3.337617
0,10167,3.351798
0,10168,3.365664
0,10169,3.379223
0,10170,3.392485
0,10171,3.405459
0,10172,3.41815
0,10173,3.430568
0,10174,3.44272
0,10175,3.454613
0,10176,3.466254
0,10177,3.477649
0,10178,3.488807
0,10179,3.499732
0,10180,3.510431
0,10181,3.52091
0,10182,3.531173
0,10183,3.541227
0,10184,3.551075
0,10185,3.560721
0,10186,3.570167
0,10187,3.579388
0,10188,3.588233
0,10189,3.596411
0,10190,3.603584
0,10191,3.609457
0,10192,3.6138
0,10193,3.61645
0,10194,3.617304
0,10195,3.616301
0,10196,3.613432
0,10197,3.608696
0,10198,3.602128
0,10199,3.593764
0,10200,3.583642
0,10201,3.571818
0,10202,3.558339
0,10203,3.543259
0,10204,3.526633
0,10205,3.508515
0,10206,3.488963
0,10207,3.468025
0,10208,3.44576
0,10209,3.422218
0,10210,3.397444
0,10211,3.371491
0,10212,3.344399
0,10213,3.316214
0,10214,3.286976
0,10215,3.256723
0,10216,3.225491
0,10217,3.193317
0,10218,3.160235
0,10219,3.126276
0,10220,3.091471
0,10221,3.055851
0,10222,3.019444
0,10223,2.982276
0,10224,2.944376
0,10225,2.905766
0,10226,2.866472
0,10227,2.826515
0,10228,2.785918
0,10229,2.744702
0,10230,2.702887
0,10231,2.660491
0,10232,2.617533
0,10233,2.57403
0,10234,2.530001
0,10235,2.485461
0,10236,2.440425
0,10237,2.394909
0,10238,2.348928
0,10239,2.302501
0,10240,2.255725
0,10241,2.208878
0,10242,2.162335
0,10243,2.116463
0,10244,2.071555
0,10245,2.027823
0,10246,1.985408
0,10247,1.944388
0,10248,1.904799
0,10249,1.866643
0,10250,1.829899
0,10251,1.79453
0,10252,1.760488
0,10253,1.727719
0,10254,1.696167
0,10255,1.665772
0,10256,1.636476
0,10257,1.608223
0,10258,1.580957
0,10259,1.554624
0,10260,1.529176
0,10261,1.504563
0,10262,1.480742
0,10263,1.45767
0,10264,1.435308
0,10265,1.413618
0,10266,1.392567
0,10267,1.372122
0,10268,1.352253
0,10269,1.332931
0,10270,1.31413
0,10271,1.295822
0,10272,1.277979
0,10273,1.26058
0,10274,1.2436
0,10275,1.227021
0,10276,1.210825
0,10277,1.194997
0,10278,1.17952
0,10279,1.164382
0,10280,1.149571
0,10281,1.135074
0,10282,1.120882
0,10283,1.106983
0,10284,1.093369
0,10285,1.080032
0,10286,1.066962
0,10287,1.054152
0,10288,1.041593
0,10289,1.029281
0,10290,1.017207
0,10291,1.005365
0,10292,0.9937488
0,10293,0.9823532
0,10294,0.9711722
0,10295,0.9602003
0,10296,0.9494323
0,10297,0.9388633
0,10298,0.9284887
0,10299,0.9183037
0,10300,0.9083042
0,10301,0.8984856
0,10302,0.8888441
0,10303,0.8793755
0,10304,0.8700761
0,10305,0.860942
0,10306,0.8519698
0,10307,0.8431559
0,10308,0.8344969
0,10309,0.8259895
0,10310,0.8176306
0,10311,0.8094171
0,10312,0.801346
0,10313,0.7934143
0,10314,0.7856191
0,10315,0.7779579
0,10316,0.7704276
0,10317,0.763026
0,10318,0.7557502
0,10319,0.748598
0,10320,0.7415667
0,10321,0.734654
0,10322,0.7278577
0,10323,0.7211755
0,10324,0.7146051
0,10325,0.7081444
0,10326,0.7017914
0,10327,0.6955439
0,10328,0.6894
0,10329,0.6833577
0,10330,0.677415
0,10331,0.6715702
0,10332,0.6658213
0,10333,0.6601667
0,10334,0.6546044
0,10335,0.649133
0,10336,0.6437505
0,10337,0.6384555
0,10338,0.6332462
0,10339,0.6281211
0,10340,0.6230788
0,10341,0.6181175
0,10342,0.613236
0,10343,0.6084327
0,10344,0.6037063
0,10345,0.5990553
0,10346,0.5944783
0,10347,0.5899741
0,10348,0.5855413
0,10349,0.5811787
0,10350,0.5768849
0,10351,0.5726588
0,10352,0.5684991
0,10353,0.5644048
0,10354,0.5603745
0,10355,0.5564072
0,10356,0.5525017
0,10357,0.548657
0,10358,0.5448719
0,10359,0.5411455
0,10360,0.5374767
0,10361,0.5338644
0,10362,0.5303077
0,10363,0.5268056
0,10364,0.5233572
0,10365,0.5199614
0,10366,0.5166174
0,10367,0.5133243
0,10368,0.5100812
0,10369,0.5068871
0,10370,0.5037414
0,10371,0.500643
0,10372,0.4975912
0,10373,0.4945852
0,10374,0.4916242
0,10375,0.4887073
0,10376,0.4858339
0,10377,0.4830032
0,10378,0.4802144
0,10379,0.4774668
0,10380,0.4747597
0,10381,0.4720924
0,10382,0.4694643
0,10383,0.4668745
0,10384,0.4643226
0,10385,0.4618077
0,10386,0.4593294
0,10387,0.4568869
0,10388,0.4544796
0,10389,0.452107
0,10390,0.4497684
0,10391,0.4474633
0,10392,0.4451911
0,10393,0.4429511
0,10394,0.440743
0,10395,0.438566
0,10396,0.4364198
0,10397,0.4343037
0,10398,0.4322172
0,10399,0.4301599
0,10400,0.4281313
0,10401,0.4261308
0,10402,0.4241579
0,10403,0.4222123
0,10404,0.4202935
0,10405,0.4184009
0,10406,0.4165341
0,10407,0.4146928
0,10408,0.4128764
0,10409,0.4110846
0,10410,0.4093169
0,10411,0.4075729
0,10412,0.4058522
0,10413,0.4041545
0,10414,0.4024793
0,10415,0.4008263
0,10416,0.399195
0,10417,0.3975852
0,10418,0.3959964
0,10419,0.3944283
0,10420,0.3928805
0,10421,0.3913528
0,10422,0.3898447
0,10423,0.388356
0,10424,0.3868863
0,10425,0.3854353
0,10426,0.3840026
0,10427,0.382588
0,10428,0.3811912
0,10429,0.3798119
0,10430,0.3784497
0,10431,0.3771044
0,10432,0.3757758
0,10433,0.3744634
0,10434,0.3731672
0,10435,0.3718867
0,10436,0.3706217
0,10437,0.369372
0,10438,0.3681374
0,10439,0.3669175
0,10440,0.365712
0,10441,0.3645209
0,10442,0.3633438
0,10443,0.3621806
0,10444,0.3610309
0,10445,0.3598945
0,10446,0.3587713
0,10447,0.357661
0,10448,0.3565634
0,10449,0.3554783
0,10450,0.3544055
0,10451,0.3533448
0,10452,0.3522959
0,10453,0.3512587
0,10454,0.3502331
0,10455,0.3492187
0,10456,0.3482155
0,10457,0.3472232
0,10458,0.3462416
0,10459,0.3452707
0,10460,0.3443101
0,10461,0.3433598
0,10462,0.3424196
0,10463,0.3414893
0,10464,0.3405687
0,10465,0.3396577
0,10466,0.3387561
0,10467,0.3378639
0,10468,0.3369807
0,10469,0.3361065
0,10470,0.3352412
0,10471,0.3343846
0,10472,0.3335365
0,10473,0.3326969
0,10474,0.3318655
0,10475,0.3310422
0,10476,0.330227
0,10477,0.3294197
0,10478,0.3286201
0,10479,0.3278282
0,10480,0.3270437
0,10481,0.3262667
0,10482,0.3254969
0,10483,0.3247344
0,10484,0.3239788
0,10485,0.3232302
0,10486,0.3224884
0,10487,0.3217533
0,10488,0.3210249
0,10489,0.3203029
0,10490,0.3195873
0,10491,0.3188781
0,10492,0.318175
0,10493,0.3174781
0,10494,0.3167871
0,10495,0.3161021
0,10496,0.3154229
0,10497,0.3147494
0,10498,0.3140816
0,10499,0.3134193
0,10500,0.3127625
0,10501,0.3121111
0,10502,0.311465
0,10503,0.310824
0,10504,0.3101883
0,10505,0.3095576
0,10506,0.3089318
0,10507,0.308311
0,10508,0.307695
0,10509,0.3070838
0,10510,0.3064772
0,10511,0.3058752
0,10512,0.3052778
0,10513,0.3046849
0,10514,0.3040963
0,10515,0.3035121
0,10516,0.3029322
0,10517,0.3023565
0,10518,0.3017849
0,10519,0.3012174
0,10520,0.3006539
0,10521,0.3000944
0,10522,0.2995388
0,10523,0.298987
0,10524,0.2984391
0,10525,0.2978948
0,10526,0.2973542
0,10527,0.2968173
0,10528,0.2962839
0,10529,0.295754
0,10530,0.2952276
0,10531,0.2947046
0,10532,0.294185
0,10533,0.2936687
0,10534,0.2931556
0,10535,0.2926458
0,10536,0.2921391
0,10537,0.2916356
0,10538,0.2911352
0,10539,0.2906378
0,10540,0.2901434
0,10541,0.2896519
0,10542,0.2891634
0,10543,0.2886777
0,10544,0.2881949
0,10545,0.2877148
0,10546,0.2872375
0,10547,0.2867629
0,10548,0.286291
0,10549,0.2858217
0,10550,0.2853551
0,10551,0.2848909
0,10552,0.2844294
0,10553,0.2839703
0,10554,0.2835137
0,10555,0.2830595
0,10556,0.2826077
0,10557,0.2821583
0,10558,0.2817111
0,10559,0.2812663
0,10560,0.2808238
0,10561,0.2803835
0,10562,0.2799454
0,10563,0.2795095
0,10564,0.2790757
0,10565,0.2786441
0,10566,0.2782145
0,10567,0.277787
0,10568,0.2773615
0,10569,0.2769381
0,10570,0.2765167
0,10571,0.2760972
0,10572,0.2756796
0,10573,0.275264
0,10574,0.2748502
0,10575,0.2744384
0,10576,0.2740283
0,10577,0.2736201
0,10578,0.2732136
0,10579,0.272809
0,10580,0.272406
0,10581,0.2720048
0,10582,0.2716054
0,10583,0.2712076
0,10584,0.2708114
0,10585,0.2704169
0,10586,0.2700241
0,10587,0.2696328
0,10588,0.2692432
0,10589,0.268855
0,10590,0.2684685
0,10591,0.2680835
0,10592,0.2676999
0,10593,0.2673179
0,10594,0.2669374
0,10595,0.2665583
0,10596,0.2661807
0,10597,0.2658045
0,10598,0.2654297
0,10599,0.2650563
0,10600,0.2646842
0,10601,0.2643136
0,10602,0.2639443
0,10603,0.2635763
0,10604,0.2632096
0,10605,0.2628443
0,10606,0.2624802
0,10607,0.2621174
0,10608,0.2617559
0,10609,0.2613956
0,10610,0.2610366
0,10611,0.2606788
0,10612,0.2603222
0,10613,0.2599668
0,10614,0.2596125
0,10615,0.2592595
0,10616,0.2589076
0,10617,0.2585569
0,10618,0.2582073
0,10619,0.2578588
0,10620,0.2575114
0,10621,0.2571651
0,10622,0.25682
0,10623,0.2564759
0,10624,0.2561328
0,10625,0.2557909
0,10626,0.2554499
0,10627,0.25511
0,10628,0.2547711
0,10629,0.2544332
0,10630,0.2540964
0,10631,0.2537606
0,10632,0.2534257
0,10633,0.2530918
0,10634,0.2527589
0,10635,0.252427
0,10636,0.252096
0,10637,0.2517659
0,10638,0.2514368
0,10639,0.2511086
0,10640,0.2507813
0,10641,0.2504549
0,10642,0.2501294
0,10643,0.2498049
0,10644,0.2494812
0,10645,0.2491584
0,10646,0.2488364
0,10647,0.2485153
0,10648,0.2481951
0,10649,0.2478758
0,10650,0.2475572
0,10651,0.2472395
0,10652,0.2469227
0,10653,0.2466066
0,10654,0.2462914
0,10655,0.245977
0,10656,0.2456634
0,10657,0.2453506
0,10658,0.2450386
0,10659,0.2447273
0,10660,0.2444169
0,10661,0.2441072
0,10662,0.2437983
0,10663,0.2434901
0,10664,0.2431827
0,10665,0.2428761
0,10666,0.2425702
0,10667,0.242265
0,10668,0.2419606
0,10669,0.2416569
0,10670,0.2413539
0,10671,0.2410516
0,10672,0.2407501
0,10673,0.2404492
0,10674,0.2401491
0,10675,0.2398497
0,10676,0.2395509
0,10677,0.2392529
0,10678,0.2389555
0,10679,0.2386588
0,10680,0.2383628
0,10681,0.2380674
0,10682,0.2377727
0,10683,0.2374787
0,10684,0.2371854
0,10685,0.2368927
0,10686,0.2366006
0,10687,0.2363092
0,10688,0.2360184
0,10689,0.2357283
0,10690,0.2354388
0,10691,0.2351499
0,10692,0.2348617
0,10693,0.2345741
0,10694,0.2342871
0,10695,0.2340007
0,10696,0.2337149
0,10697,0.2334297
0,10698,0.2331451
0,10699,0.2328611
0,10700,0.2325778
0,10701,0.232295
0,10702,0.2320128
0,10703,0.2317312
0,10704,0.2314502
0,10705,0.2311698
0,10706,0.2308899
0,10707,0.2306106
0,10708,0.2303319
0,10709,0.2300538
0,10710,0.2297762
0,10711,0.2294991
0,10712,0.2292227
0,10713,0.2289468
0,10714,0.2286714
0,10715,0.2283966
0,10716,0.2281223
0,10717,0.2278485
0,10718,0.2275753
0,10719,0.2273027
0,10720,0.2270306
0,10721,0.226759
0,10722,0.226488
0,10723,0.2262175
0,10724,0.2259475
0,10725,0.2256781
0,10726,0.2254091
0,10727,0.2251407
0,10728,0.2248728
0,10729,0.2246054
0,10730,0.2243385
0,10731,0.2240721
0,10732,0.2238063
0,10733,0.2235409
0,10734,0.223276
0,10735,0.2230117
0,10736,0.2227478
0,10737,0.2224844
0,10738,0.2222215
0,10739,0.2219591
0,10740,0.2216972
0,10741,0.2214358
0,10742,0.2211749
0,10743,0.2209145
0,10744,0.2206545
0,10745,0.2203951
0,10746,0.2201361
0,10747,0.2198775
0,10748,0.2196195
0,10749,0.2193619
0,10750,0.2191048
0,10751,0.2188482
0,10752,0.218592
0,10753,0.2183363
0,10754,0.2180811
0,10755,0.2178263
0,10756,0.2175719
0,10757,0.2173181
0,10758,0.2170647
0,10759,0.2168117
0,10760,0.2165592
0,10761,0.2163072
0,10762,0.2160556
0,10763,0.2158044
0,10764,0.2155537
0,10765,0.2153035
0,10766,0.2150537
0,10767,0.2148043
0,10768,0.2145554
0,10769,0.2143069
0,10770,0.2140589
0,10771,0.2138112
0,10772,0.2135641
0,10773,0.2133173
0,10774,0.213071
0,10775,0.2128251
0,10776,0.2125797
0,10777,0.2123347
0,10778,0.2120901
0,10779,0.2118459
0,10780,0.2116022
0,10781,0.2113589
0,10782,0.211116
0,10783,0.2108735
0,10784,0.2106314
0,10785,0.2103898
0,10786,0.2101486
0,10787,0.2099078
0,10788,0.2096674
0,10789,0.2094274
0,10790,0.2091878
0,10791,0.2089487
0,10792,0.2087099
0,10793,0.2084716
0,10794,0.2082336
0,10795,0.2079961
0,10796,0.2077589
0,10797,0.2075222
0,10798,0.2072859
0,10799,0.20705
0,10800,0.2068145
0,10801,0.2065794
0,10802,0.2063446
0,10803,0.2061103
0,10804,0.2058764
0,10805,0.2056428
0,10806,0.2054097
0,10807,0.205177
0,10808,0.2049446
0,10809,0.2047126
0,10810,0.2044811
0,10811,0.2042499
0,10812,0.2040191
0,10813,0.2037886
0,10814,0.2035586
0,10815,0.2033289
0,10816,0.2030997
0,10817,0.2028708
0,10818,0.2026423
0,10819,0.2024141
0,10820,0.2021864
0,10821,0.201959
0,10822,0.201732
0,10823,0.2015053
0,10824,0.2012791
0,10825,0.2010532
0,10826,0.2008276
0,10827,0.2006025
0,10828,0.2003777
0,10829,0.2001533
0,10830,0.1999293
0,10831,0.1997056
0,10832,0.1994824
0,10833,0.1992594
0,10834,0.1990369
0,10835,0.1988147
0,10836,0.1985929
0,10837,0.1983714
0,10838,0.1981503
0,10839,0.1979296
0,10840,0.1977092
0,10841,0.1974892
0,10842,0.1972695
0,10843,0.1970502
0,10844,0.1968312
0,10845,0.1966126
0,10846,0.1963944
0,10847,0.1961765
0,10848,0.1959589
0,10849,0.1957417
0,10850,0.1955249
0,10851,0.1953084
0,10852,0.1950922
0,10853,0.1948764
0,10854,0.1946609
0,10855,0.1944458
0,10856,0.194231
0,10857,0.1940165
0,10858,0.1938024
0,10859,0.1935887
0,10860,0.1933753
0,10861,0.1931623
0,10862,0.1929496
0,10863,0.1927372
0,10864,0.1925252
0,10865,0.1923135
0,10866,0.1921022
0,10867,0.1918912
0,10868,0.1916805
0,10869,0.1914702
0,10870,0.1912602
0,10871,0.1910505
0,10872,0.1908412
0,10873,0.1906322
0,10874,0.1904235
0,10875,0.1902152
0,10876,0.1900071
0,10877,0.1897995
0,10878,0.1895921
0,10879,0.1893851
0,10880,0.1891784
0,10881,0.188972
0,10882,0.1887659
0,10883,0.1885602
0,10884,0.1883548
0,10885,0.1881497
0,10886,0.1879449
0,10887,0.1877405
0,10888,0.1875364
0,10889,0.1873326
0,10890,0.1871291
0,10891,0.1869259
0,10892,0.1867231
0,10893,0.1865206
0,10894,0.1863184
0,10895,0.1861165
0,10896,0.185915
0,10897,0.1857137
0,10898,0.1855128
0,10899,0.1853122
0,10900,0.1851119
0,10901,0.1849119
0,10902,0.1847122
0,10903,0.1845129
0,10904,0.1843138
0,10905,0.1841151
0,10906,0.1839166
0,10907,0.1837185
0,10908,0.1835207
0,10909,0.1833232
0,10910,0.183126
0,10911,0.1829291
0,10912,0.1827325
0,10913,0.1825362
0,10914,0.1823403
0,10915,0.1821446
0,10916,0.1819492
0,10917,0.1817542
0,10918,0.1815594
0,10919,0.181365
0,10920,0.1811708
0,10921,0.1809769
0,10922,0.1807834
0,10923,0.1805901
0,10924,0.1803972
0,10925,0.1802045
0,10926,0.1800122
0,10927,0.1798201
0,10928,0.1796283
0,10929,0.1794369
0,10930,0.1792457
0,10931,0.1790548
0,10932,0.1788642
0,10933,0.178674
0,10934,0.1784839
0,10935,0.1782942
0,10936,0.1781048
0,10937,0.1779157
0,10938,0.1777269
0,10939,0.1775384
0,10940,0.1773501
0,10941,0.1771622
0,10942,0.1769745
0,10943,0.1767871
0,10944,0.1766
0,10945,0.1764132
0,10946,0.1762267
0,10947,0.1760405
0,10948,0.1758545
0,10949,0.1756689
0,10950,0.1754835
0,10951,0.1752984
0,10952,0.1751136
0,10953,0.1749291
0,10954,0.1747448
0,10955,0.1745609
0,10956,0.1743772
0,10957,0.1741938
0,10958,0.1740107
0,10959,0.1738279
0,10960,0.1736453
0,10961,0.173463
0,10962,0.173281
0,10963,0.1730993
0,10964,0.1729178
0,10965,0.1727367
0,10966,0.1725558
0,10967,0.1723752
0,10968,0.1721948
0,10969,0.1720147
0,10970,0.1718349
0,10971,0.1716554
0,10972,0.1714762
0,10973,0.1712972
0,10974,0.1711185
0,10975,0.17094
0,10976,0.1707619
0,10977,0.170584
0,10978,0.1704063
0,10979,0.170229
0,10980,0.1700519
0,10981,0.1698751
0,10982,0.1696985
0,10983,0.1695222
0,10984,0.1693462
0,10985,0.1691705
0,10986,0.168995
0,10987,0.1688197
0,10988,0.1686448
0,10989,0.1684701
0,10990,0.1682957
0,10991,0.1681215
0,10992,0.1679476
0,10993,0.1677739
0,10994,0.1676006
0,10995,0.1674274
0,10996,0.1672546
0,10997,0.167082
0,10998,0.1669096
0,10999,0.1667375
0,11000,0.1665657
0,11001,0.1663941
0,11002,0.1662228
0,11003,0.1660518
0,11004,0.165881
0,11005,0.1657104
0,11006,0.1655401
0,11007,0.1653701
0,11008,0.1652003
0,11009,0.1650308
0,11010,0.1648615
0,11011,0.1646925
0,11012,0.1645237
0,11013,0.1643552
0,11014,0.1641869
0,11015,0.1640189
0,11016,0.1638512
0,11017,0.1636837
0,11018,0.1635164
0,11019,0.1633494
0,11020,0.1631826
0,11021,0.1630161
0,11022,0.1628498
0,11023,0.1626838
0,11024,0.162518
0,11025,0.1623525
0,11026,0.1621872
0,11027,0.1620222
0,11028,0.1618574
0,11029,0.1616928
0,11030,0.1615285
0,11031,0.1613645
0,11032,0.1612007
0,11033,0.1610371
0,11034,0.1608738
0,11035,0.1607107
0,11036,0.1605478
0,11037,0.1603852
0,11038,0.1602228
0,11039,0.1600607
0,11040,0.1598988
0,11041,0.1597372
0,11042,0.1595758
0,11043,0.1594146
0,11044,0.1592537
0,11045,0.1590929
0,11046,0.1589325
0,11047,0.1587723
0,11048,0.1586123
0,11049,0.1584525
0,11050,0.158293
0,11051,0.1581337
0,11052,0.1579747
0,11053,0.1578159
0,11054,0.1576573
0,11055,0.1574989
0,11056,0.1573408
0,11057,0.1571829
0,11058,0.1570253
0,11059,0.1568679
0,11060,0.1567107
0,11061,0.1565537
0,11062,0.156397
0,11063,0.1562405
0,11064,0.1560842
0,11065,0.1559282
0,11066,0.1557724
0,11067,0.1556168
0,11068,0.1554614
0,11069,0.1553063
0,11070,0.1551514
0,11071,0.1549967
0,11072,0.1548423
0,11073,0.154688
0,11074,0.154534
0,11075,0.1543802
0,11076,0.1542267
0,11077,0.1540734
0,11078,0.1539202
0,11079,0.1537674
0,11080,0.1536147
0,11081,0.1534623
0,11082,0.15331
0,11083,0.153158
0,11084,0.1530063
0,11085,0.1528547
0,11086,0.1527034
0,11087,0.1525523
0,11088,0.1524014
0,11089,0.1522507
0,11090,0.1521002
0,11091,0.15195
0,11092,0.1517999
0,11093,0.1516501
0,11094,0.1515006
0,11095,0.1513512
0,11096,0.151202
0,11097,0.1510531
0,11098,0.1509044
0,11099,0.1507559
0,11100,0.1506076
0,11101,0.1504595
0,11102,0.1503116
0,11103,0.150164
0,11104,0.1500165
0,11105,0.1498693
0,11106,0.1497223
0,11107,0.1495755
0,11108,0.1494289
0,11109,0.1492825
0,11110,0.1491363
0,11111,0.1489904
0,11112,0.1488446
0,11113,0.1486991
0,11114,0.1485538
0,11115,0.1484087
0,11116,0.1482638
0,11117,0.148119
0,11118,0.1479746
0,11119,0.1478303
0,11120,0.1476862
0,11121,0.1475423
0,11122,0.1473986
0,11123,0.1472552
0,11124,0.1471119
0,11125,0.1469688
0,11126,0.146826
0,11127,0.1466834
0,11128,0.1465409
0,11129,0.1463987
0,11130,0.1462566
0,11131,0.1461148
0,11132,0.1459732
0,11133,0.1458317
0,11134,0.1456905
0,11135,0.1455495
0,11136,0.1454087
0,11137,0.145268
0,11138,0.1451276
0,11139,0.1449874
0,11140,0.1448474
0,11141,0.1447075
0,11142,0.1445679
0,11143,0.1444285
0,11144,0.1442893
0,11145,0.1441502
0,11146,0.1440114
0,11147,0.1438728
0,11148,0.1437343
0,11149,0.1435961
0,11150,0.143458
0,11151,0.1433202
0,11152,0.1431825
0,11153,0.1430451
0,11154,0.1429078
0,11155,0.1427707
0,11156,0.1426339
0,11157,0.1424972
0,11158,0.1423607
0,11159,0.1422244
0,11160,0.1420883
0,11161,0.1419524
0,11162,0.1418167
0,11163,0.1416812
0,11164,0.1415458
0,11165,0.1414107
0,11166,0.1412757
0,11167,0.141141
0,11168,0.1410064
0,11169,0.140872
0,11170,0.1407378
0,11171,0.1406038
0,11172,0.14047
0,11173,0.1403363
0,11174,0.1402029
0,11175,0.1400696
0,11176,0.1399366
0,11177,0.1398037
0,11178,0.139671
0,11179,0.1395385
0,11180,0.1394061
0,11181,0.139274
0,11182,0.1391421
0,11183,0.1390103
0,11184,0.1388787
0,11185,0.1387473
0,11186,0.1386161
0,11187,0.138485
0,11188,0.1383542
0,11189,0.1382235
0,11190,0.138093
0,11191,0.1379627
0,11192,0.1378326
0,11193,0.1377027
0,11194,0.1375729
0,11195,0.1374433
0,11196,0.1373139
0,11197,0.1371847
0,11198,0.1370557
0,11199,0.1369268
0,11200,0.1367981
0,11201,0.1366696
0,11202,0.1365413
0,11203,0.1364132
0,11204,0.1362852
0,11205,0.1361574
0,11206,0.1360298
0,11207,0.1359024
0,11208,0.1357751
0,11209,0.1356481
0,11210,0.1355211
0,11211,0.1353944
0,11212,0.1352679
0,11213,0.1351415
0,11214,0.1350153
0,11215,0.1348893
0,11216,0.1347634
0,11217,0.1346377
0,11218,0.1345122
0,11219,0.1343869
0,11220,0.1342617
0,11221,0.1341367
0,11222,0.1340119
0,11223,0.1338873
0,11224,0.1337628
0,11225,0.1336385
0,11226,0.1335144
0,11227,0.1333904
0,11228,0.1332666
0,11229,0.133143
0,11230,0.1330195
0,11231,0.1328963
0,11232,0.1327731
0,11233,0.1326502
0,11234,0.1325274
0,11235,0.1324048
0,11236,0.1322824
0,11237,0.1321601
0,11238,0.132038
0,11239,0.1319161
0,11240,0.1317943
0,11241,0.1316727
0,11242,0.1315513
0,11243,0.13143
0,11244,0.1313089
0,11245,0.131188
0,11246,0.1310672
0,11247,0.1309466
0,11248,0.1308262
0,11249,0.1307059
0,11250,0.1305858
0,11251,0.1304658
0,11252,0.130346
0,11253,0.1302264
0,11254,0.1301069
0,11255,0.1299876
0,11256,0.1298685
0,11257,0.1297495
0,11258,0.1296307
0,11259,0.1295121
0,11260,0.1293936
0,11261,0.1292752
0,11262,0.1291571
0,11263,0.129039
0,11264,0.1289212
0,11265,0.1288035
0,11266,0.128686
0,11267,0.1285686
0,11268,0.1284514
0,11269,0.1283343
0,11270,0.1282174
0,11271,0.1281007
0,11272,0.1279841
0,11273,0.1278677
0,11274,0.1277514
0,11275,0.1276353
0,11276,0.1275194
0,11277,0.1274036
0,11278,0.1272879
0,11279,0.1271724
0,11280,0.1270571
0,11281,0.1269419
0,11282,0.1268269
0,11283,0.126712
0,11284,0.1265973
0,11285,0.1264828
0,11286,0.1263684
0,11287,0.1262541
0,11288,0.12614
0,11289,0.1260261
0,11290,0.1259123
0,11291,0.1257986
0,11292,0.1256852
0,11293,0.1255718
0,11294,0.1254586
0,11295,0.1253456
0,11296,0.1252327
0,11297,0.12512
0,11298,0.1250074
0,11299,0.124895
0,11300,0.1247827
0,11301,0.1246706
0,11302,0.1245586
0,11303,0.1244468
0,11304,0.1243351
0,11305,0.1242236
0,11306,0.1241122
0,11307,0.124001
0,11308,0.1238899
0,11309,0.1237789
0,11310,0.1236682
0,11311,0.1235575
0,11312,0.123447
0,11313,0.1233367
0,11314,0.1232265
0,11315,0.1231164
0,11316,0.1230065
0,11317,0.1228967
0,11318,0.1227871
0,11319,0.1226776
0,11320,0.1225683
0,11321,0.1224591
0,11322,0.1223501
0,11323,0.1222412
0,11324,0.1221324
0,11325,0.1220238
0,11326,0.1219154
0,11327,0.121807
0,11328,0.1216989
0,11329,0.1215908
0,11330,0.1214829
0,11331,0.1213752
0,11332,0.1212676
0,11333,0.1211601
0,11334,0.1210528
0,11335,0.1209456
0,11336,0.1208385
0,11337,0.1207316
0,11338,0.1206249
0,11339,0.1205183
0,11340,0.1204118
0,11341,0.1203054
0,11342,0.1201992
0,11343,0.1200932
0,11344,0.1199872
0,11345,0.1198815
0,11346,0.1197758
0,11347,0.1196703
0,11348,0.1195649
0,11349,0.1194597
0,11350,0.1193546
0,11351,0.1192496
0,11352,0.1191448
0,11353,0.1190401
0,11354,0.1189356
0,11355,0.1188312
0,11356,0.1187269
0,11357,0.1186228
0,11358,0.1185188
0,11359,0.1184149
0,11360,0.1183112
0,11361,0.1182076
0,11362,0.1181041
0,11363,0.1180008
0,11364,0.1178976
0,11365,0.1177945
0,11366,0.1176916
0,11367,0.1175888
0,11368,0.1174862
0,11369,0.1173836
0,11370,0.1172812
0,11371,0.117179
0,11372,0.1170769
0,11373,0.1169749
0,11374,0.116873
0,11375,0.1167713
0,11376,0.1166697
0,11377,0.1165682
0,11378,0.1164669
0,11379,0.1163657
0,11380,0.1162646
0,11381,0.1161637
0,11382,0.1160628
0,11383,0.1159622
0,11384,0.1158616
0,11385,0.1157612
0,11386,0.1156609
0,11387,0.1155607
0,11388,0.1154607
0,11389,0.1153608
0,11390,0.115261
0,11391,0.1151613
0,11392,0.1150618
0,11393,0.1149624
0,11394,0.1148631
0,11395,0.114764
0,11396,0.114665
0,11397,0.1145661
0,11398,0.1144673
0,11399,0.1143687
0,11400,0.1142702
0,11401,0.1141718
0,11402,0.1140736
0,11403,0.1139754
0,11404,0.1138774
0,11405,0.1137795
0,11406,0.1136818
0,11407,0.1135842
0,11408,0.1134867
0,11409,0.1133893
0,11410,0.113292
0,11411,0.1131949
0,11412,0.1130979
0,11413,0.113001
0,11414,0.1129042
0,11415,0.1128076
0,11416,0.1127111
0,11417,0.1126147
0,11418,0.1125184
0,11419,0.1124223
0,11420,0.1123262
0,11421,0.1122303
0,11422,0.1121346
0,11423,0.1120389
0,11424,0.1119434
0,11425,0.1118479
0,11426,0.1117526
0,11427,0.1116575
0,11428,0.1115624
0,11429,0.1114675
0,11430,0.1113727
0,11431,0.111278
0,11432,0.1111834
0,11433,0.1110889
0,11434,0.1109946
0,11435,0.1109004
0,11436,0.1108063
0,11437,0.1107123
0,11438,0.1106184
0,11439,0.1105247
0,11440,0.1104311
0,11441,0.1103376
0,11442,0.1102442
0,11443,0.1101509
0,11444,0.1100577
0,11445,0.1099647
0,11446,0.1098718
0,11447,0.1097789
0,11448,0.1096863
0,11449,0.1095937
0,11450,0.1095012
0,11451,0.1094089
0,11452,0.1093166
0,11453,0.1092245
0,11454,0.1091325
0,11455,0.1090406
0,11456,0.1089489
0,11457,0.1088572
0,11458,0.1087657
0,11459,0.1086743
0,11460,0.108583
0,11461,0.1084918
0,11462,0.1084007
0,11463,0.1083097
0,11464,0.1082188
0,11465,0.1081281
0,11466,0.1080375
0,11467,0.1079469
0,11468,0.1078565
0,11469,0.1077662
0,11470,0.1076761
0,11471,0.107586
0,11472,0.107496
0,11473,0.1074062
0,11474,0.1073165
0,11475,0.1072268
0,11476,0.1071373
0,11477,0.1070479
0,11478,0.1069586
0,11479,0.1068695
0,11480,0.1067804
0,11481,0.1066914
0,11482,0.1066026
0,11483,0.1065138
0,11484,0.1064252
0,11485,0.1063367
0,11486,0.1062483
0,11487,0.10616
0,11488,0.1060718
0,11489,0.1059837
0,11490,0.1058957
0,11491,0.1058078
0,11492,0.1057201
0,11493,0.1056324
0,11494,0.1055449
0,11495,0.1054574
0,11496,0.1053701
0,11497,0.1052829
0,11498,0.1051958
0,11499,0.1051088
0,11500,0.1050219
0,11501,0.1049351
0,11502,0.1048484
0,11503,0.1047618
0,11504,0.1046753
0,11505,0.1045889
0,11506,0.1045027
0,11507,0.1044165
0,11508,0.1043304
0,11509,0.1042445
0,11510,0.1041586
0,11511,0.1040729
0,11512,0.1039873
0,11513,0.1039017
0,11514,0.1038163
0,11515,0.103731
0,11516,0.1036457
0,11517,0.1035606
0,11518,0.1034756
0,11519,0.1033907
0,11520,0.1033059
0,11521,0.1032221
0,11522,0.1032249
0,11523,0.1038747
0,11524,0.1063089
0,11525,0.1118771
0,11526,0.1218294
0,11527,0.1371521
0,11528,0.1584993
0,11529,0.1861871
0,11530,0.2202237
0,11531,0.2603668
0,11532,0.3061898
0,11533,0.3571446
0,11534,0.4126172
0,11535,0.4719696
0,11536,0.5345704
0,11537,0.5998157
0,11538,0.6671414
0,11539,0.7360306
0,11540,0.806016
0,11541,0.8766802
0,11542,0.9476547
0,11543,1.018617
0,11544,1.089286
0,11545,1.159422
0,11546,1.22882
0,11547,1.297306
0,11548,1.364737
0,11549,1.430995
0,11550,1.495983
0,11551,1.559627
0,11552,1.621868
0,11553,1.682665
0,11554,1.741987
0,11555,1.799817
0,11556,1.856146
0,11557,1.910977
0,11558,1.964318
0,11559,2.016182
0,11560,2.066591
0,11561,2.115565
0,11562,2.163132
0,11563,2.209322
0,11564,2.254166
0,11565,2.297697
0,11566,2.33995
0,11567,2.380961
0,11568,2.420764
0,11569,2.459397
0,11570,2.496895
0,11571,2.533295
0,11572,2.568631
0,11573,2.602939
0,11574,2.636253
0,11575,2.668607
0,11576,2.700034
0,11577,2.730566
0,11578,2.760233
0,11579,2.789067
0,11580,2.817095
0,11581,2.844347
0,11582,2.870849
0,11583,2.896629
0,11584,2.921712
0,11585,2.946122
0,11586,2.969883
0,11587,2.993016
0,11588,3.015545
0,11589,3.03749
0,11590,3.058871
0,11591,3.079707
0,11592,3.100017
0,11593,3.119817
0,11594,3.139127
0,11595,3.157961
0,11596,3.176334
0,11597,3.194264
0,11598,3.211763
0,11599,3.228846
0,11600,3.245526
0,11601,3.261815
0,11602,3.277725
0,11603,3.293267
0,11604,3.308454
0,11605,3.323294
0,11606,3.3378
0,11607,3.351981
0,11608,3.365846
0,11609,3.379406
0,11610,3.392668
0,11611,3.405641
0,11612,3.418333
0,11613,3.430751
0,11614,3.442903
0,11615,3.454795
0,11616,3.466436
0,11617,3.477831
0,11618,3.488989
0,11619,3.499914
0,11620,3.510612
0,11621,3.521091
0,11622,3.531355
0,11623,3.541408
0,11624,3.551256
0,11625,3.560902
0,11626,3.570348
0,11627,3.579569
0,11628,3.588414
0,11629,3.596591
0,11630,3.603765
0,11631,3.609637
0,11632,3.61398
0,11633,3.61663
0,11634,3.617484
0,11635,3.616481
0,11636,3.613612
0,11637,3.608876
0,11638,3.602308
0,11639,3.593944
0,11640,3.583822
0,11641,3.571998
0,11642,3.558518
0,11643,3.543438
0,11644,3.526812
0,11645,3.508695
0,11646,3.489142
0,11647,3.468205
0,11648,3.44594
0,11649,3.422397
0,11650,3.397622
0,11651,3.37167
0,11652,3.344578
0,11653,3.316392
0,11654,3.287154
0,11655,3.256901
0,11656,3.22567
0,11657,3.193496
0,11658,3.160413
0,11659,3.126454
0,11660,3.091649
0,11661,3.056029
0,11662,3.019621
0,11663,2.982454
0,11664,2.944553
0,11665,2.905943
0,11666,2.866649
0,11667,2.826693
0,11668,2.786096
0,11669,2.744879
0,11670,2.703064
0,11671,2.660668
0,11672,2.61771
0,11673,2.574207
0,11674,2.530178
0,11675,2.485637
0,11676,2.440602
0,11677,2.395085
0,11678,2.349104
0,11679,2.302677
0,11680,2.255902
0,11681,2.209054
0,11682,2.162511
0,11683,2.116639
0,11684,2.071731
0,11685,2.027999
0,11686,1.985584
0,11687,1.944564
0,11688,1.904975
0,11689,1.866819
0,11690,1.830075
0,11691,1.794705
0,11692,1.760663
0,11693,1.727894
0,11694,1.696342
0,11695,1.665947
0,11696,1.636651
0,11697,1.608398
0,11698,1.581131
0,11699,1.554799
0,11700,1.52935
0,11701,1.504737
0,11702,1.480916
0,11703,1.457844
0,11704,1.435482
0,11705,1.413792
0,11706,1.392741
0,11707,1.372296
0,11708,1.352426
0,11709,1.333105
0,11710,1.314303
0,11711,1.295995
0,11712,1.278153
0,11713,1.260753
0,11714,1.243773
0,11715,1.227194
0,11716,1.210998
0,11717,1.195169
0,11718,1.179693
0,11719,1.164555
0,11720,1.149743
0,11721,1.135247
0,11722,1.121054
0,11723,1.107155
0,11724,1.093542
0,11725,1.080204
0,11726,1.067134
0,11727,1.054324
0,11728,1.041765
0,11729,1.029453
0,11730,1.017378
0,11731,1.005536
0,11732,0.9939204
0,11733,0.9825247
0,11734,0.9713435
0,11735,0.9603715
0,11736,0.9496035
0,11737,0.9390345
0,11738,0.9286597
0,11739,0.9184747
0,11740,0.908475
0,11741,0.8986564
0,11742,0.8890147
0,11743,0.8795461
0,11744,0.8702465
0,11745,0.8611124
0,11746,0.8521401
0,11747,0.8433261
0,11748,0.834667
0,11749,0.8261596
0,11750,0.8178006
0,11751,0.809587
0,11752,0.8015158
0,11753,0.793584
0,11754,0.7857888
0,11755,0.7781274
0,11756,0.7705971
0,11757,0.7631953
0,11758,0.7559195
0,11759,0.7487671
0,11760,0.7417358
0,11761,0.734823
0,11762,0.7280266
0,11763,0.7213444
0,11764,0.7147738
0,11765,0.7083131
0,11766,0.70196
0,11767,0.6957124
0,11768,0.6895684
0,11769,0.683526
0,11770,0.6775833
0,11771,0.6717383
0,11772,0.6659894
0,11773,0.6603346
0,11774,0.6547723
0,11775,0.6493008
0,11776,0.6439182
0,11777,0.6386231
0,11778,0.6334137
0,11779,0.6282886
0,11780,0.6232461
0,11781,0.6182848
0,11782,0.6134032
0,11783,0.6085998
0,11784,0.6038733
0,11785,0.5992222
0,11786,0.5946452
0,11787,0.5901409
0,11788,0.585708
0,11789,0.5813453
0,11790,0.5770515
0,11791,0.5728253
0,11792,0.5686655
0,11793,0.5645711
0,11794,0.5605407
0,11795,0.5565733
0,11796,0.5526677
0,11797,0.5488229
0,11798,0.5450378
0,11799,0.5413113
0,11800,0.5376424
0,11801,0.53403
0,11802,0.5304732
0,11803,0.526971
0,11804,0.5235225
0,11805,0.5201266
0,11806,0.5167826
0,11807,0.5134894
0,11808,0.5102462
0,11809,0.5070521
0,11810,0.5039062
0,11811,0.5008078
0,11812,0.4977559
0,11813,0.4947498
0,11814,0.4917887
0,11815,0.4888718
0,11816,0.4859983
0,11817,0.4831674
0,11818,0.4803786
0,11819,0.4776309
0,11820,0.4749237
0,11821,0.4722564
0,11822,0.4696281
0,11823,0.4670383
0,11824,0.4644862
0,11825,0.4619713
0,11826,0.4594929
0,11827,0.4570503
0,11828,0.454643
0,11829,0.4522702
0,11830,0.4499316
0,11831,0.4476264
0,11832,0.445354
0,11833,0.443114
0,11834,0.4409058
0,11835,0.4387287
0,11836,0.4365824
0,11837,0.4344662
0,11838,0.4323797
0,11839,0.4303223
0,11840,0.4282936
0,11841,0.426293
0,11842,0.4243201
0,11843,0.4223744
0,11844,0.4204555
0,11845,0.4185628
0,11846,0.416696
0,11847,0.4148545
0,11848,0.4130381
0,11849,0.4112462
0,11850,0.4094784
0,11851,0.4077343
0,11852,0.4060136
0,11853,0.4043158
0,11854,0.4026405
0,11855,0.4009874
0,11856,0.399356
0,11857,0.3977461
0,11858,0.3961572
0,11859,0.3945891
0,11860,0.3930412
0,11861,0.3915134
0,11862,0.3900053
0,11863,0.3885164
0,11864,0.3870466
0,11865,0.3855955
0,11866,0.3841628
0,11867,0.3827482
0,11868,0.3813513
0,11869,0.3799718
0,11870,0.3786096
0,11871,0.3772642
0,11872,0.3759355
0,11873,0.3746231
0,11874,0.3733267
0,11875,0.3720462
0,11876,0.3707811
0,11877,0.3695314
0,11878,0.3682966
0,11879,0.3670766
0,11880,0.3658711
0,11881,0.3646799
0,11882,0.3635027
0,11883,0.3623394
0,11884,0.3611896
0,11885,0.3600532
0,11886,0.3589299
0,11887,0.3578195
0,11888,0.3567218
0,11889,0.3556367
0,11890,0.3545638
0,11891,0.3535029
0,11892,0.352454
0,11893,0.3514168
0,11894,0.350391
0,11895,0.3493766
0,11896,0.3483732
0,11897,0.3473809
0,11898,0.3463992
0,11899,0.3454282
0,11900,0.3444676
0,11901,0.3435172
0,11902,0.3425769
0,11903,0.3416465
0,11904,0.3407258
0,11905,0.3398148
0,11906,0.3389131
0,11907,0.3380208
0,11908,0.3371376
0,11909,0.3362633
0,11910,0.3353979
0,11911,0.3345412
0,11912,0.333693
0,11913,0.3328533
0,11914,0.3320218
0,11915,0.3311985
0,11916,0.3303832
0,11917,0.3295758
0,11918,0.3287761
0,11919,0.3279841
0,11920,0.3271996
0,11921,0.3264225
0,11922,0.3256527
0,11923,0.32489
0,11924,0.3241344
0,11925,0.3233857
0,11926,0.3226438
0,11927,0.3219087
0,11928,0.3211801
0,11929,0.3204581
0,11930,0.3197424
0,11931,0.3190331
0,11932,0.31833
0,11933,0.3176329
0,11934,0.3169419
0,11935,0.3162568
0,11936,0.3155775
0,11937,0.314904
0,11938,0.314236
0,11939,0.3135737
0,11940,0.3129168
0,11941,0.3122653
0,11942,0.3116191
0,11943,0.3109781
0,11944,0.3103423
0,11945,0.3097115
0,11946,0.3090857
0,11947,0.3084648
0,11948,0.3078487
0,11949,0.3072374
0,11950,0.3066307
0,11951,0.3060287
0,11952,0.3054312
0,11953,0.3048382
0,11954,0.3042496
0,11955,0.3036653
0,11956,0.3030853
0,11957,0.3025095
0,11958,0.3019378
0,11959,0.3013702
0,11960,0.3008067
0,11961,0.3002471
0,11962,0.2996914
0,11963,0.2991396
0,11964,0.2985915
0,11965,0.2980472
0,11966,0.2975065
0,11967,0.2969695
0,11968,0.296436
0,11969,0.2959061
0,11970,0.2953796
0,11971,0.2948565
0,11972,0.2943368
0,11973,0.2938204
0,11974,0.2933073
0,11975,0.2927974
0,11976,0.2922907
0,11977,0.2917871
0,11978,0.2912866
0,11979,0.2907891
0,11980,0.2902946
0,11981,0.2898031
0,11982,0.2893144
0,11983,0.2888287
0,11984,0.2883458
0,11985,0.2878657
0,11986,0.2873883
0,11987,0.2869136
0,11988,0.2864416
0,11989,0.2859723
0,11990,0.2855055
0,11991,0.2850413
0,11992,0.2845797
0,11993,0.2841205
0,11994,0.2836638
0,11995,0.2832096
0,11996,0.2827577
0,11997,0.2823082
0,11998,0.281861
0,11999,0.2814161
0,12000,0.2809735
0,12001,0.2805331
0,12002,0.2800949
0,12003,0.2796589
0,12004,0.2792251
0,12005,0.2787934
0,12006,0.2783637
0,12007,0.2779362
0,12008,0.2775106
0,12009,0.2770872
0,12010,0.2766656
0,12011,0.276246
0,12012,0.2758284
0,12013,0.2754127
0,12014,0.2749989
0,12015,0.2745869
0,12016,0.2741768
0,12017,0.2737685
0,12018,0.273362
0,12019,0.2729572
0,12020,0.2725542
0,12021,0.272153
0,12022,0.2717534
0,12023,0.2713555
0,12024,0.2709593
0,12025,0.2705648
0,12026,0.2701718
0,12027,0.2697805
0,12028,0.2693907
0,12029,0.2690026
0,12030,0.2686159
0,12031,0.2682308
0,12032,0.2678472
0,12033,0.2674651
0,12034,0.2670845
0,12035,0.2667054
0,12036,0.2663277
0,12037,0.2659514
0,12038,0.2655765
0,12039,0.2652031
0,12040,0.2648309
0,12041,0.2644602
0,12042,0.2640908
0,12043,0.2637228
0,12044,0.2633561
0,12045,0.2629906
0,12046,0.2626265
0,12047,0.2622636
0,12048,0.261902
0,12049,0.2615417
0,12050,0.2611825
0,12051,0.2608247
0,12052,0.260468
0,12053,0.2601125
0,12054,0.2597582
0,12055,0.2594051
0,12056,0.2590531
0,12057,0.2587023
0,12058,0.2583526
0,12059,0.2580041
0,12060,0.2576567
0,12061,0.2573103
0,12062,0.2569651
0,12063,0.2566209
0,12064,0.2562778
0,12065,0.2559357
0,12066,0.2555947
0,12067,0.2552547
0,12068,0.2549158
0,12069,0.2545778
0,12070,0.2542409
0,12071,0.253905
0,12072,0.2535701
0,12073,0.2532361
0,12074,0.2529031
0,12075,0.2525711
0,12076,0.25224
0,12077,0.2519099
0,12078,0.2515807
0,12079,0.2512524
0,12080,0.2509251
0,12081,0.2505986
0,12082,0.2502731
0,12083,0.2499484
0,12084,0.2496247
0,12085,0.2493018
0,12086,0.2489798
0,12087,0.2486586
0,12088,0.2483383
0,12089,0.2480189
0,12090,0.2477003
0,12091,0.2473825
0,12092,0.2470656
0,12093,0.2467495
0,12094,0.2464342
0,12095,0.2461197
0,12096,0.245806
0,12097,0.2454932
0,12098,0.2451811
0,12099,0.2448698
0,12100,0.2445592
0,12101,0.2442495
0,12102,0.2439405
0,12103,0.2436323
0,12104,0.2433248
0,12105,0.2430181
0,12106,0.2427121
0,12107,0.2424069
0,12108,0.2421024
0,12109,0.2417986
0,12110,0.2414955
0,12111,0.2411932
0,12112,0.2408916
0,12113,0.2405907
0,12114,0.2402905
0,12115,0.2399909
0,12116,0.2396921
0,12117,0.239394
0,12118,0.2390966
0,12119,0.2387998
0,12120,0.2385037
0,12121,0.2382083
0,12122,0.2379135
0,12123,0.2376195
0,12124,0.237326
0,12125,0.2370333
0,12126,0.2367411
0,12127,0.2364497
0,12128,0.2361588
0,12129,0.2358686
0,12130,0.235579
0,12131,0.2352901
0,12132,0.2350018
0,12133,0.2347141
0,12134,0.234427
0,12135,0.2341405
0,12136,0.2338547
0,12137,0.2335694
0,12138,0.2332847
0,12139,0.2330007
0,12140,0.2327173
0,12141,0.2324344
0,12142,0.2321522
0,12143,0.2318705
0,12144,0.2315894
0,12145,0.2313089
0,12146,0.231029
0,12147,0.2307497
0,12148,0.2304709
0,12149,0.2301926
0,12150,0.229915
0,12151,0.2296379
0,12152,0.2293614
0,12153,0.2290854
0,12154,0.2288099
0,12155,0.228535
0,12156,0.2282607
0,12157,0.2279869
0,12158,0.2277136
0,12159,0.2274409
0,12160,0.2271687
0,12161,0.2268971
0,12162,0.226626
0,12163,0.2263554
0,12164,0.2260854
0,12165,0.2258158
0,12166,0.2255468
0,12167,0.2252783
0,12168,0.2250104
0,12169,0.2247429
0,12170,0.224476
0,12171,0.2242095
0,12172,0.2239436
0,12173,0.2236781
0,12174,0.2234132
0,12175,0.2231488
0,12176,0.2228848
0,12177,0.2226214
0,12178,0.2223584
0,12179,0.222096
0,12180,0.221834
0,12181,0.2215725
0,12182,0.2213115
0,12183,0.221051
0,12184,0.220791
0,12185,0.2205315
0,12186,0.2202724
0,12187,0.2200138
0,12188,0.2197557
0,12189,0.2194981
0,12190,0.2192409
0,12191,0.2189842
0,12192,0.2187279
0,12193,0.2184722
0,12194,0.2182169
0,12195,0.217962
0,12196,0.2177076
0,12197,0.2174537
0,12198,0.2172002
0,12199,0.2169472
0,12200,0.2166946
0,12201,0.2164425
0,12202,0.2161908
0,12203,0.2159396
0,12204,0.2156889
0,12205,0.2154385
0,12206,0.2151887
0,12207,0.2149392
0,12208,0.2146903
0,12209,0.2144417
0,12210,0.2141936
0,12211,0.2139459
0,12212,0.2136987
0,12213,0.2134519
0,12214,0.2132055
0,12215,0.2129595
0,12216,0.212714
0,12217,0.2124689
0,12218,0.2122243
0,12219,0.2119801
0,12220,0.2117362
0,12221,0.2114929
0,12222,0.2112499
0,12223,0.2110074
0,12224,0.2107652
0,12225,0.2105235
0,12226,0.2102822
0,12227,0.2100414
0,12228,0.2098009
0,12229,0.2095608
0,12230,0.2093212
0,12231,0.209082
0,12232,0.2088432
0,12233,0.2086048
0,12234,0.2083667
0,12235,0.2081291
0,12236,0.2078919
0,12237,0.2076551
0,12238,0.2074188
0,12239,0.2071828
0,12240,0.2069472
0,12241,0.206712
0,12242,0.2064772
0,12243,0.2062428
0,12244,0.2060088
0,12245,0.2057752
0,12246,0.205542
0,12247,0.2053092
0,12248,0.2050768
0,12249,0.2048448
0,12250,0.2046131
0,12251,0.2043819
0,12252,0.204151
0,12253,0.2039205
0,12254,0.2036904
0,12255,0.2034607
0,12256,0.2032313
0,12257,0.2030024
0,12258,0.2027738
0,12259,0.2025456
0,12260,0.2023178
0,12261,0.2020903
0,12262,0.2018632
0,12263,0.2016365
0,12264,0.2014102
0,12265,0.2011842
0,12266,0.2009587
0,12267,0.2007334
0,12268,0.2005086
0,12269,0.2002841
0,12270,0.2000601
0,12271,0.1998363
0,12272,0.199613
0,12273,0.19939
0,12274,0.1991674
0,12275,0.1989451
0,12276,0.1987233
0,12277,0.1985017
0,12278,0.1982806
0,12279,0.1980598
0,12280,0.1978393
0,12281,0.1976192
0,12282,0.1973995
0,12283,0.1971801
0,12284,0.1969611
0,12285,0.1967424
0,12286,0.1965241
0,12287,0.1963061
0,12288,0.1960885
0,12289,0.1958712
0,12290,0.1956543
0,12291,0.1954378
0,12292,0.1952215
0,12293,0.1950057
0,12294,0.1947901
0,12295,0.1945749
0,12296,0.1943601
0,12297,0.1941456
0,12298,0.1939314
0,12299,0.1937176
0,12300,0.1935042
0,12301,0.1932911
0,12302,0.1930783
0,12303,0.1928659
0,12304,0.1926538
0,12305,0.1924421
0,12306,0.1922307
0,12307,0.1920196
0,12308,0.1918088
0,12309,0.1915984
0,12310,0.1913884
0,12311,0.1911786
0,12312,0.1909693
0,12313,0.1907602
0,12314,0.1905514
0,12315,0.190343
0,12316,0.190135
0,12317,0.1899272
0,12318,0.1897198
0,12319,0.1895127
0,12320,0.1893059
0,12321,0.1890995
0,12322,0.1888934
0,12323,0.1886876
0,12324,0.1884821
0,12325,0.188277
0,12326,0.1880721
0,12327,0.1878676
0,12328,0.1876634
0,12329,0.1874596
0,12330,0.187256
0,12331,0.1870528
0,12332,0.1868499
0,12333,0.1866474
0,12334,0.1864451
0,12335,0.1862432
0,12336,0.1860415
0,12337,0.1858402
0,12338,0.1856392
0,12339,0.1854386
0,12340,0.1852382
0,12341,0.1850382
0,12342,0.1848384
0,12343,0.184639
0,12344,0.1844399
0,12345,0.1842411
0,12346,0.1840426
0,12347,0.1838444
0,12348,0.1836465
0,12349,0.183449
0,12350,0.1832517
0,12351,0.1830547
0,12352,0.1828581
0,12353,0.1826618
0,12354,0.1824657
0,12355,0.18227
0,12356,0.1820746
0,12357,0.1818794
0,12358,0.1816846
0,12359,0.1814901
0,12360,0.1812959
0,12361,0.1811019
0,12362,0.1809083
0,12363,0.180715
0,12364,0.180522
0,12365,0.1803293
0,12366,0.1801369
0,12367,0.1799447
0,12368,0.1797529
0,12369,0.1795614
0,12370,0.1793701
0,12371,0.1791792
0,12372,0.1789886
0,12373,0.1787982
0,12374,0.1786081
0,12375,0.1784184
0,12376,0.1782289
0,12377,0.1780397
0,12378,0.1778509
0,12379,0.1776623
0,12380,0.1774739
0,12381,0.1772859
0,12382,0.1770982
0,12383,0.1769108
0,12384,0.1767236
0,12385,0.1765368
0,12386,0.1763502
0,12387,0.1761639
0,12388,0.1759779
0,12389,0.1757922
0,12390,0.1756067
0,12391,0.1754216
0,12392,0.1752367
0,12393,0.1750521
0,12394,0.1748678
0,12395,0.1746838
0,12396,0.1745001
0,12397,0.1743166
0,12398,0.1741334
0,12399,0.1739505
0,12400,0.1737679
0,12401,0.1735856
0,12402,0.1734035
0,12403,0.1732217
0,12404,0.1730402
0,12405,0.172859
0,12406,0.172678
0,12407,0.1724973
0,12408,0.1723169
0,12409,0.1721368
0,12410,0.1719569
0,12411,0.1717774
0,12412,0.171598
0,12413,0.171419
0,12414,0.1712402
0,12415,0.1710617
0,12416,0.1708835
0,12417,0.1707055
0,12418,0.1705279
0,12419,0.1703504
0,12420,0.1701733
0,12421,0.1699964
0,12422,0.1698198
0,12423,0.1696434
0,12424,0.1694674
0,12425,0.1692915
0,12426,0.169116
0,12427,0.1689407
0,12428,0.1687657
0,12429,0.1685909
0,12430,0.1684165
0,12431,0.1682422
0,12432,0.1680683
0,12433,0.1678946
0,12434,0.1677211
0,12435,0.1675479
0,12436,0.167375
0,12437,0.1672023
0,12438,0.1670299
0,12439,0.1668578
0,12440,0.1666859
0,12441,0.1665143
0,12442,0.1663429
0,12443,0.1661718
0,12444,0.1660009
0,12445,0.1658303
0,12446,0.16566
0,12447,0.1654899
0,12448,0.16532
0,12449,0.1651504
0,12450,0.1649811
0,12451,0.164812
0,12452,0.1646432
0,12453,0.1644746
0,12454,0.1643063
0,12455,0.1641382
0,12456,0.1639704
0,12457,0.1638028
0,12458,0.1636355
0,12459,0.1634685
0,12460,0.1633016
0,12461,0.1631351
0,12462,0.1629687
0,12463,0.1628027
0,12464,0.1626368
0,12465,0.1624712
0,12466,0.1623059
0,12467,0.1621408
0,12468,0.161976
0,12469,0.1618113
0,12470,0.161647
0,12471,0.1614829
0,12472,0.161319
0,12473,0.1611554
0,12474,0.160992
0,12475,0.1608288
0,12476,0.1606659
0,12477,0.1605032
0,12478,0.1603408
0,12479,0.1601786
0,12480,0.1600167
0,12481,0.159855
0,12482,0.1596935
0,12483,0.1595323
0,12484,0.1593713
0,12485,0.1592105
0,12486,0.15905
0,12487,0.1588897
0,12488,0.1587297
0,12489,0.1585699
0,12490,0.1584103
0,12491,0.1582509
0,12492,0.1580918
0,12493,0.157933
0,12494,0.1577743
0,12495,0.1576159
0,12496,0.1574578
0,12497,0.1572998
0,12498,0.1571421
0,12499,0.1569846
0,12500,0.1568274
0,12501,0.1566704
0,12502,0.1565136
0,12503,0.156357
0,12504,0.1562007
0,12505,0.1560446
0,12506,0.1558887
0,12507,0.1557331
0,12508,0.1555777
0,12509,0.1554225
0,12510,0.1552675
0,12511,0.1551128
0,12512,0.1549583
0,12513,0.154804
0,12514,0.1546499
0,12515,0.1544961
0,12516,0.1543425
0,12517,0.1541891
0,12518,0.1540359
0,12519,0.153883
0,12520,0.1537303
0,12521,0.1535778
0,12522,0.1534255
0,12523,0.1532734
0,12524,0.1531216
0,12525,0.15297
0,12526,0.1528186
0,12527,0.1526674
0,12528,0.1525165
0,12529,0.1523657
0,12530,0.1522152
0,12531,0.1520649
0,12532,0.1519148
0,12533,0.151765
0,12534,0.1516153
0,12535,0.1514659
0,12536,0.1513167
0,12537,0.1511677
0,12538,0.1510189
0,12539,0.1508703
0,12540,0.150722
0,12541,0.1505738
0,12542,0.1504259
0,12543,0.1502782
0,12544,0.1501307
0,12545,0.1499834
0,12546,0.1498364
0,12547,0.1496895
0,12548,0.1495429
0,12549,0.1493964
0,12550,0.1492502
0,12551,0.1491042
0,12552,0.1489584
0,12553,0.1488128
0,12554,0.1486674
0,12555,0.1485222
0,12556,0.1483773
0,12557,0.1482325
0,12558,0.148088
0,12559,0.1479436
0,12560,0.1477995
0,12561,0.1476556
0,12562,0.1475118
0,12563,0.1473683
0,12564,0.147225
0,12565,0.1470819
0,12566,0.146939
0,12567,0.1467963
0,12568,0.1466538
0,12569,0.1465115
0,12570,0.1463694
0,12571,0.1462275
0,12572,0.1460858
0,12573,0.1459443
0,12574,0.145803
0,12575,0.145662
0,12576,0.1455211
0,12577,0.1453804
0,12578,0.1452399
0,12579,0.1450996
0,12580,0.1449596
0,12581,0.1448197
0,12582,0.14468
0,12583,0.1445405
0,12584,0.1444012
0,12585,0.1442621
0,12586,0.1441233
0,12587,0.1439846
0,12588,0.1438461
0,12589,0.1437078
0,12590,0.1435697
0,12591,0.1434318
0,12592,0.1432941
0,12593,0.1431566
0,12594,0.1430192
0,12595,0.1428821
0,12596,0.1427452
0,12597,0.1426084
0,12598,0.1424719
0,12599,0.1423356
0,12600,0.1421994
0,12601,0.1420634
0,12602,0.1419277
0,12603,0.1417921
0,12604,0.1416567
0,12605,0.1415215
0,12606,0.1413865
0,12607,0.1412517
0,12608,0.1411171
0,12609,0.1409826
0,12610,0.1408484
0,12611,0.1407143
0,12612,0.1405804
0,12613,0.1404467
0,12614,0.1403132
0,12615,0.1401799
0,12616,0.1400468
0,12617,0.1399139
0,12618,0.1397811
0,12619,0.1396485
0,12620,0.1395162
0,12621,0.139384
0,12622,0.139252
0,12623,0.1391201
0,12624,0.1389885
0,12625,0.138857
0,12626,0.1387258
0,12627,0.1385947
0,12628,0.1384638
0,12629,0.1383331
0,12630,0.1382025
0,12631,0.1380722
0,12632,0.137942
0,12633,0.137812
0,12634,0.1376822
0,12635,0.1375525
0,12636,0.1374231
0,12637,0.1372938
0,12638,0.1371647
0,12639,0.1370358
0,12640,0.1369071
0,12641,0.1367785
0,12642,0.1366502
0,12643,0.136522
0,12644,0.1363939
0,12645,0.1362661
0,12646,0.1361385
0,12647,0.136011
0,12648,0.1358837
0,12649,0.1357565
0,12650,0.1356296
0,12651,0.1355028
0,12652,0.1353762
0,12653,0.1352497
0,12654,0.1351235
0,12655,0.1349974
0,12656,0.1348715
0,12657,0.1347458
0,12658,0.1346202
0,12659,0.1344948
0,12660,0.1343696
0,12661,0.1342446
0,12662,0.1341197
0,12663,0.133995
0,12664,0.1338705
0,12665,0.1337461
0,12666,0.1336219
0,12667,0.1334979
0,12668,0.1333741
0,12669,0.1332504
0,12670,0.1331269
0,12671,0.1330036
0,12672,0.1328804
0,12673,0.1327574
0,12674,0.1326346
0,12675,0.1325119
0,12676,0.1323895
0,12677,0.1322671
0,12678,0.132145
0,12679,0.132023
0,12680,0.1319012
0,12681,0.1317795
0,12682,0.131658
0,12683,0.1315367
0,12684,0.1314156
0,12685,0.1312946
0,12686,0.1311737
0,12687,0.1310531
0,12688,0.1309326
0,12689,0.1308123
0,12690,0.1306921
0,12691,0.1305721
0,12692,0.1304522
0,12693,0.1303326
0,12694,0.1302131
0,12695,0.1300937
0,12696,0.1299745
0,12697,0.1298555
0,12698,0.1297366
0,12699,0.1296179
0,12700,0.1294994
0,12701,0.129381
0,12702,0.1292628
0,12703,0.1291447
0,12704,0.1290268
0,12705,0.1289091
0,12706,0.1287915
0,12707,0.1286741
0,12708,0.1285568
0,12709,0.1284397
0,12710,0.1283227
0,12711,0.128206
0,12712,0.1280893
0,12713,0.1279728
0,12714,0.1278565
0,12715,0.1277404
0,12716,0.1276244
0,12717,0.1275085
0,12718,0.1273928
0,12719,0.1272773
0,12720,0.1271619
0,12721,0.1270467
0,12722,0.1269316
0,12723,0.1268167
0,12724,0.1267019
0,12725,0.1265873
0,12726,0.1264729
0,12727,0.1263586
0,12728,0.1262444
0,12729,0.1261304
0,12730,0.1260166
0,12731,0.1259029
0,12732,0.1257893
0,12733,0.125676
0,12734,0.1255627
0,12735,0.1254497
0,12736,0.1253367
0,12737,0.1252239
0,12738,0.1251113
0,12739,0.1249988
0,12740,0.1248865
0,12741,0.1247743
0,12742,0.1246623
0,12743,0.1245504
0,12744,0.1244387
0,12745,0.1243271
0,12746,0.1242157
0,12747,0.1241044
0,12748,0.1239933
0,12749,0.1238823
0,12750,0.1237714
0,12751,0.1236607
0,12752,0.1235502
0,12753,0.1234398
0,12754,0.1233296
0,12755,0.1232194
0,12756,0.1231095
0,12757,0.1229997
0,12758,0.12289
0,12759,0.1227805
0,12760,0.1226711
0,12761,0.1225619
0,12762,0.1224528
0,12763,0.1223438
0,12764,0.122235
0,12765,0.1221264
0,12766,0.1220179
0,12767,0.1219095
0,12768,0.1218013
0,12769,0.1216932
0,12770,0.1215852
0,12771,0.1214774
0,12772,0.1213698
0,12773,0.1212622
0,12774,0.1211549
0,12775,0.1210476
0,12776,0.1209405
0,12777,0.1208336
0,12778,0.1207268
0,12779,0.1206201
0,12780,0.1205136
0,12781,0.1204072
0,12782,0.1203009
0,12783,0.1201948
0,12784,0.1200888
0,12785,0.119983
0,12786,0.1198773
0,12787,0.1197717
0,12788,0.1196663
0,12789,0.119561
0,12790,0.1194559
0,12791,0.1193509
0,12792,0.119246
0,12793,0.1191413
0,12794,0.1190367
0,12795,0.1189322
0,12796,0.1188279
0,12797,0.1187237
0,12798,0.1186197
0,12799,0.1185158
0,12800,0.118412
0,12801,0.1183083
0,12802,0.1182048
0,12803,0.1181014
0,12804,0.1179982
0,12805,0.1178951
0,12806,0.1177921
0,12807,0.1176893
0,12808,0.1175866
0,12809,0.117484
0,12810,0.1173816
0,12811,0.1172793
0,12812,0.1171771
0,12813,0.117075
0,12814,0.1169731
0,12815,0.1168714
0,12816,0.1167697
0,12817,0.1166682
0,12818,0.1165668
0,12819,0.1164656
0,12820,0.1163644
0,12821,0.1162635
0,12822,0.1161626
0,12823,0.1160619
0,12824,0.1159613
0,12825,0.1158608
0,12826,0.1157604
0,12827,0.1156602
0,12828,0.1155601
0,12829,0.1154602
0,12830,0.1153603
0,12831,0.1152606
0,12832,0.1151611
0,12833,0.1150616
0,12834,0.1149623
0,12835,0.1148631
0,12836,0.1147641
0,12837,0.1146651
0,12838,0.1145663
0,12839,0.1144676
0,12840,0.1143691
0,12841,0.1142706
0,12842,0.1141723
0,12843,0.1140742
0,12844,0.1139761
0,12845,0.1138782
0,12846,0.1137804
0,12847,0.1136827
0,12848,0.1135852
0,12849,0.1134877
0,12850,0.1133904
0,12851,0.1132932
0,12852,0.1131962
0,12853,0.1130993
0,12854,0.1130024
0,12855,0.1129058
0,12856,0.1128092
0,12857,0.1127128
0,12858,0.1126164
0,12859,0.1125202
0,12860,0.1124242
0,12861,0.1123282
0,12862,0.1122324
0,12863,0.1121367
0,12864,0.1120411
0,12865,0.1119456
0,12866,0.1118503
0,12867,0.1117551
0,12868,0.11166
0,12869,0.111565
0,12870,0.1114701
0,12871,0.1113754
0,12872,0.1112807
0,12873,0.1111862
0,12874,0.1110919
0,12875,0.1109976
0,12876,0.1109034
0,12877,0.1108094
0,12878,0.1107155
0,12879,0.1106217
0,12880,0.110528
0,12881,0.1104345
0,12882,0.110341
0,12883,0.1102477
0,12884,0.1101545
0,12885,0.1100614
0,12886,0.1099685
0,12887,0.1098756
0,12888,0.1097829
0,12889,0.1096902
0,12890,0.1095977
0,12891,0.1095053
0,12892,0.1094131
0,12893,0.1093209
0,12894,0.1092289
0,12895,0.1091369
0,12896,0.1090451
0,12897,0.1089534
0,12898,0.1088618
0,12899,0.1087704
0,12900,0.108679
0,12901,0.1085878
0,12902,0.1084966
0,12903,0.1084056
0,12904,0.1083147
0,12905,0.1082239
0,12906,0.1081332
0,12907,0.1080427
0,12908,0.1079522
0,12909,0.1078619
0,12910,0.1077717
0,12911,0.1076815
0,12912,0.1075915
0,12913,0.1075016
0,12914,0.1074119
0,12915,0.1073222
0,12916,0.1072326
0,12917,0.1071432
0,12918,0.1070539
0,12919,0.1069646
0,12920,0.1068755
0,12921,0.1067865
0,12922,0.1066976
0,12923,0.1066088
0,12924,0.1065201
0,12925,0.1064316
0,12926,0.1063431
0,12927,0.1062548
0,12928,0.1061665
0,12929,0.1060784
0,12930,0.1059904
0,12931,0.1059025
0,12932,0.1058147
0,12933,0.105727
0,12934,0.1056394
0,12935,0.1055519
0,12936,0.1054645
0,12937,0.1053772
0,12938,0.1052901
0,12939,0.105203
0,12940,0.1051161
0,12941,0.1050292
0,12942,0.1049425
0,12943,0.1048559
0,12944,0.1047693
0,12945,0.1046829
0,12946,0.1045966
0,12947,0.1045104
0,12948,0.1044243
0,12949,0.1043383
0,12950,0.1042524
0,12951,0.1041666
0,12952,0.1040809
0,12953,0.1039954
0,12954,0.1039099
0,12955,0.1038245
0,12956,0.1037392
0,12957,0.1036541
0,12958,0.103569
0,12959,0.1034841
0,12960,0.1033992
0,12961,0.1033154
0,12962,0.1033181
0,12963,0.1039679
0,12964,0.106402
0,12965,0.1119702
0,12966,0.1219225
0,12967,0.1372451
0,12968,0.1585923
0,12969,0.18628
0,12970,0.2203166
0,12971,0.2604597
0,12972,0.3062826
0,12973,0.3572373
0,12974,0.41271
0,12975,0.4720623
0,12976,0.534663
0,12977,0.5999083
0,12978,0.6672339
0,12979,0.7361231
0,12980,0.8061084
0,12981,0.8767726
0,12982,0.9477471
0,12983,1.018709
0,12984,1.089378
0,12985,1.159514
0,12986,1.228912
0,12987,1.297398
0,12988,1.364829
0,12989,1.431087
0,12990,1.496075
0,12991,1.559719
0,12992,1.62196
0,12993,1.682757
0,12994,1.742079
0,12995,1.799909
0,12996,1.856238
0,12997,1.911069
0,12998,1.964409
0,12999,2.016274
0,13000,2.066682
0,13001,2.115656
0,13002,2.163224
0,13003,2.209414
0,13004,2.254257
0,13005,2.297789
0,13006,2.340042
0,13007,2.381052
0,13008,2.420856
0,13009,2.459488
0,13010,2.496986
0,13011,2.533386
0,13012,2.568722
0,13013,2.60303
0,13014,2.636344
0,13015,2.668698
0,13016,2.700125
0,13017,2.730657
0,13018,2.760324
0,13019,2.789157
0,13020,2.817186
0,13021,2.844437
0,13022,2.87094
0,13023,2.896719
0,13024,2.921802
0,13025,2.946212
0,13026,2.969973
0,13027,2.993107
0,13028,3.015635
0,13029,3.03758
0,13030,3.058961
0,13031,3.079797
0,13032,3.100107
0,13033,3.119908
0,13034,3.139217
0,13035,3.158051
0,13036,3.176425
0,13037,3.194354
0,13038,3.211853
0,13039,3.228936
0,13040,3.245616
0,13041,3.261905
0,13042,3.277815
0,13043,3.293357
0,13044,3.308543
0,13045,3.323384
0,13046,3.33789
0,13047,3.35207
0,13048,3.365936
0,13049,3.379495
0,13050,3.392757
0,13051,3.40573
0,13052,3.418422
0,13053,3.43084
0,13054,3.442992
0,13055,3.454885
0,13056,3.466525
0,13057,3.477921
0,13058,3.489078
0,13059,3.500003
0,13060,3.510701
0,13061,3.52118
0,13062,3.531444
0,13063,3.541497
0,13064,3.551345
0,13065,3.560991
0,13066,3.570437
0,13067,3.579657
0,13068,3.588502
0,13069,3.59668
0,13070,3.603853
0,13071,3.609725
0,13072,3.614069
0,13073,3.616719
0,13074,3.617572
0,13075,3.61657
0,13076,3.6137
0,13077,3.608965
0,13078,3.602396
0,13079,3.594032
0,13080,3.58391
0,13081,3.572086
0,13082,3.558606
0,13083,3.543526
0,13084,3.5269
0,13085,3.508783
0,13086,3.48923
0,13087,3.468292
0,13088,3.446027
0,13089,3.422484
0,13090,3.39771
0,13091,3.371757
0,13092,3.344666
0,13093,3.31648
0,13094,3.287242
0,13095,3.256989
0,13096,3.225757
0,13097,3.193583
0,13098,3.160501
0,13099,3.126541
0,13100,3.091736
0,13101,3.056116
0,13102,3.019708
0,13103,2.982541
0,13104,2.94464
0,13105,2.90603
0,13106,2.866736
0,13107,2.82678
0,13108,2.786182
0,13109,2.744966
0,13110,2.703151
0,13111,2.660755
0,13112,2.617797
0,13113,2.574294
0,13114,2.530264
0,13115,2.485724
0,13116,2.440688
0,13117,2.395172
0,13118,2.349191
0,13119,2.302763
0,13120,2.255988
0,13121,2.20914
0,13122,2.162598
0,13123,2.116725
0,13124,2.071817
0,13125,2.028085
0,13126,1.98567
0,13127,1.94465
0,13128,1.905061
0,13129,1.866905
0,13130,1.830161
0,13131,1.794791
0,13132,1.760749
0,13133,1.72798
0,13134,1.696428
0,13135,1.666033
0,13136,1.636737
0,13137,1.608483
0,13138,1.581217
0,13139,1.554884
0,13140,1.529436
0,13141,1.504823
0,13142,1.481002
0,13143,1.45793
0,13144,1.435567
0,13145,1.413878
0,13146,1.392826
0,13147,1.372381
0,13148,1.352512
0,13149,1.33319
0,13150,1.314389
0,13151,1.29608
0,13152,1.278238
0,13153,1.260838
0,13154,1.243858
0,13155,1.227279
0,13156,1.211083
0,13157,1.195254
0,13158,1.179778
0,13159,1.16464
0,13160,1.149828
0,13161,1.135331
0,13162,1.121139
0,13163,1.10724
0,13164,1.093626
0,13165,1.080289
0,13166,1.067219
0,13167,1.054408
0,13168,1.04185
0,13169,1.029537
0,13170,1.017463
0,13171,1.005621
0,13172,0.9940048
0,13173,0.982609
0,13174,0.9714278
0,13175,0.9604558
0,13176,0.9496877
0,13177,0.9391186
0,13178,0.9287439
0,13179,0.9185588
0,13180,0.9085591
0,13181,0.8987404
0,13182,0.8890987
0,13183,0.87963
0,13184,0.8703305
0,13185,0.8611963
0,13186,0.8522239
0,13187,0.8434099
0,13188,0.8347508
0,13189,0.8262433
0,13190,0.8178843
0,13191,0.8096707
0,13192,0.8015994
0,13193,0.7936676
0,13194,0.7858723
0,13195,0.7782109
0,13196,0.7706805
0,13197,0.7632787
0,13198,0.7560029
0,13199,0.7488505
0,13200,0.7418191
0,13201,0.7349063
0,13202,0.7281098
0,13203,0.7214275
0,13204,0.714857
0,13205,0.7083962
0,13206,0.702043
0,13207,0.6957954
0,13208,0.6896514
0,13209,0.6836089
0,13210,0.6776661
0,13211,0.6718212
0,13212,0.6660722
0,13213,0.6604174
0,13214,0.6548551
0,13215,0.6493834
0,13216,0.6440009
0,13217,0.6387057
0,13218,0.6334963
0,13219,0.6283711
0,13220,0.6233286
0,13221,0.6183673
0,13222,0.6134856
0,13223,0.6086822
0,13224,0.6039557
0,13225,0.5993045
0,13226,0.5947275
0,13227,0.5902231
0,13228,0.5857902
0,13229,0.5814274
0,13230,0.5771335
0,13231,0.5729073
0,13232,0.5687476
0,13233,0.564653
0,13234,0.5606226
0,13235,0.5566552
0,13236,0.5527496
0,13237,0.5489048
0,13238,0.5451196
0,13239,0.541393
0,13240,0.5377241
0,13241,0.5341117
0,13242,0.5305549
0,13243,0.5270526
0,13244,0.5236041
0,13245,0.5202082
0,13246,0.5168641
0,13247,0.5135708
0,13248,0.5103276
0,13249,0.5071334
0,13250,0.5039876
0,13251,0.5008891
0,13252,0.4978372
0,13253,0.494831
0,13254,0.4918699
0,13255,0.4889529
0,13256,0.4860794
0,13257,0.4832485
0,13258,0.4804596
0,13259,0.4777119
0,13260,0.4750047
0,13261,0.4723373
0,13262,0.469709
0,13263,0.4671191
0,13264,0.464567
0,13265,0.4620521
0,13266,0.4595736
0,13267,0.457131
0,13268,0.4547236
0,13269,0.4523509
0,13270,0.4500121
0,13271,0.4477069
0,13272,0.4454345
0,13273,0.4431945
0,13274,0.4409862
0,13275,0.4388092
0,13276,0.4366628
0,13277,0.4345466
0,13278,0.43246
0,13279,0.4304026
0,13280,0.4283738
0,13281,0.4263732
0,13282,0.4244002
0,13283,0.4224545
0,13284,0.4205355
0,13285,0.4186428
0,13286,0.4167759
0,13287,0.4149345
0,13288,0.413118
0,13289,0.411326
0,13290,0.4095582
0,13291,0.4078141
0,13292,0.4060933
0,13293,0.4043955
0,13294,0.4027202
0,13295,0.401067
0,13296,0.3994356
0,13297,0.3978257
0,13298,0.3962367
0,13299,0.3946685
0,13300,0.3931207
0,13301,0.3915928
0,13302,0.3900846
0,13303,0.3885958
0,13304,0.3871259
0,13305,0.3856748
0,13306,0.384242
0,13307,0.3828273
0,13308,0.3814304
0,13309,0.380051
0,13310,0.3786887
0,13311,0.3773433
0,13312,0.3760145
0,13313,0.374702
0,13314,0.3734057
0,13315,0.3721251
0,13316,0.37086
0,13317,0.3696102
0,13318,0.3683754
0,13319,0.3671553
0,13320,0.3659498
0,13321,0.3647586
0,13322,0.3635814
0,13323,0.362418
0,13324,0.3612682
0,13325,0.3601317
0,13326,0.3590084
0,13327,0.357898
0,13328,0.3568003
0,13329,0.355715
0,13330,0.3546421
0,13331,0.3535812
0,13332,0.3525323
0,13333,0.351495
0,13334,0.3504692
0,13335,0.3494547
0,13336,0.3484514
0,13337,0.347459
0,13338,0.3464773
0,13339,0.3455062
0,13340,0.3445455
0,13341,0.3435951
0,13342,0.3426548
0,13343,0.3417243
0,13344,0.3408037
0,13345,0.3398925
0,13346,0.3389909
0,13347,0.3380985
0,13348,0.3372152
0,13349,0.3363409
0,13350,0.3354755
0,13351,0.3346187
0,13352,0.3337706
0,13353,0.3329308
0,13354,0.3320993
0,13355,0.3312759
0,13356,0.3304606
0,13357,0.3296531
0,13358,0.3288535
0,13359,0.3280614
0,13360,0.3272769
0,13361,0.3264997
0,13362,0.3257298
0,13363,0.3249671
0,13364,0.3242115
0,13365,0.3234628
0,13366,0.3227208
0,13367,0.3219856
0,13368,0.3212571
0,13369,0.320535
0,13370,0.3198193
0,13371,0.3191099
0,13372,0.3184068
0,13373,0.3177097
0,13374,0.3170187
0,13375,0.3163335
0,13376,0.3156542
0,13377,0.3149806
0,13378,0.3143127
0,13379,0.3136503
0,13380,0.3129933
0,13381,0.3123418
0,13382,0.3116956
0,13383,0.3110545
0,13384,0.3104187
0,13385,0.3097878
0,13386,0.309162
0,13387,0.308541
0,13388,0.3079249
0,13389,0.3073136
0,13390,0.3067069
0,13391,0.3061048
0,13392,0.3055073
0,13393,0.3049142
0,13394,0.3043256
0,13395,0.3037413
0,13396,0.3031612
0,13397,0.3025854
0,13398,0.3020137
0,13399,0.3014461
0,13400,0.3008825
0,13401,0.3003229
0,13402,0.2997671
0,13403,0.2992153
0,13404,0.2986672
0,13405,0.2981228
0,13406,0.2975821
0,13407,0.2970451
0,13408,0.2965116
0,13409,0.2959816
0,13410,0.2954551
0,13411,0.2949319
0,13412,0.2944122
0,13413,0.2938958
0,13414,0.2933826
0,13415,0.2928727
0,13416,0.2923659
0,13417,0.2918623
0,13418,0.2913617
0,13419,0.2908642
0,13420,0.2903697
0,13421,0.2898782
0,13422,0.2893895
0,13423,0.2889037
0,13424,0.2884208
0,13425,0.2879406
0,13426,0.2874632
0,13427,0.2869885
0,13428,0.2865165
0,13429,0.2860471
0,13430,0.2855803
0,13431,0.2851161
0,13432,0.2846544
0,13433,0.2841952
0,13434,0.2837385
0,13435,0.2832842
0,13436,0.2828322
0,13437,0.2823827
0,13438,0.2819355
0,13439,0.2814906
0,13440,0.2810479
0,13441,0.2806075
0,13442,0.2801693
0,13443,0.2797332
0,13444,0.2792994
0,13445,0.2788676
0,13446,0.2784379
0,13447,0.2780104
0,13448,0.2775848
0,13449,0.2771612
0,13450,0.2767397
0,13451,0.2763201
0,13452,0.2759025
0,13453,0.2754867
0,13454,0.2750728
0,13455,0.2746608
0,13456,0.2742507
0,13457,0.2738423
0,13458,0.2734358
0,13459,0.273031
0,13460,0.272628
0,13461,0.2722267
0,13462,0.2718271
0,13463,0.2714292
0,13464,0.2710329
0,13465,0.2706383
0,13466,0.2702453
0,13467,0.269854
0,13468,0.2694642
0,13469,0.269076
0,13470,0.2686893
0,13471,0.2683042
0,13472,0.2679206
0,13473,0.2675385
0,13474,0.2671578
0,13475,0.2667786
0,13476,0.2664009
0,13477,0.2660246
0,13478,0.2656496
0,13479,0.2652761
0,13480,0.264904
0,13481,0.2645333
0,13482,0.2641638
0,13483,0.2637958
0,13484,0.263429
0,13485,0.2630635
0,13486,0.2626994
0,13487,0.2623365
0,13488,0.2619748
0,13489,0.2616144
0,13490,0.2612553
0,13491,0.2608973
0,13492,0.2605406
0,13493,0.2601851
0,13494,0.2598308
0,13495,0.2594776
0,13496,0.2591256
0,13497,0.2587748
0,13498,0.2584251
0,13499,0.2580765
0,13500,0.257729
0,13501,0.2573827
0,13502,0.2570374
0,13503,0.2566932
0,13504,0.25635
0,13505,0.2560079
0,13506,0.2556669
0,13507,0.2553269
0,13508,0.2549879
0,13509,0.2546499
0,13510,0.254313
0,13511,0.253977
0,13512,0.2536421
0,13513,0.2533081
0,13514,0.252975
0,13515,0.252643
0,13516,0.2523119
0,13517,0.2519817
0,13518,0.2516525
0,13519,0.2513242
0,13520,0.2509968
0,13521,0.2506703
0,13522,0.2503447
0,13523,0.2500201
0,13524,0.2496963
0,13525,0.2493733
0,13526,0.2490513
0,13527,0.2487301
0,13528,0.2484098
0,13529,0.2480903
0,13530,0.2477717
0,13531,0.2474539
0,13532,0.2471369
0,13533,0.2468208
0,13534,0.2465055
0,13535,0.246191
0,13536,0.2458772
0,13537,0.2455643
0,13538,0.2452522
0,13539,0.2449409
0,13540,0.2446303
0,13541,0.2443205
0,13542,0.2440115
0,13543,0.2437032
0,13544,0.2433957
0,13545,0.243089
0,13546,0.242783
0,13547,0.2424777
0,13548,0.2421732
0,13549,0.2418694
0,13550,0.2415663
0,13551,0.2412639
0,13552,0.2409623
0,13553,0.2406613
0,13554,0.2403611
0,13555,0.2400615
0,13556,0.2397627
0,13557,0.2394645
0,13558,0.239167
0,13559,0.2388702
0,13560,0.2385741
0,13561,0.2382787
0,13562,0.2379839
0,13563,0.2376898
0,13564,0.2373963
0,13565,0.2371035
0,13566,0.2368114
0,13567,0.2365198
0,13568,0.236229
0,13569,0.2359387
0,13570,0.2356491
0,13571,0.2353602
0,13572,0.2350718
0,13573,0.2347841
0,13574,0.234497
0,13575,0.2342105
0,13576,0.2339246
0,13577,0.2336393
0,13578,0.2333546
0,13579,0.2330705
0,13580,0.232787
0,13581,0.2325042
0,13582,0.2322219
0,13583,0.2319402
0,13584,0.2316591
0,13585,0.2313785
0,13586,0.2310986
0,13587,0.2308192
0,13588,0.2305404
0,13589,0.2302621
0,13590,0.2299844
0,13591,0.2297073
0,13592,0.2294308
0,13593,0.2291547
0,13594,0.2288793
0,13595,0.2286043
0,13596,0.2283299
0,13597,0.2280561
0,13598,0.2277828
0,13599,0.22751
0,13600,0.2272379
0,13601,0.2269662
0,13602,0.226695
0,13603,0.2264244
0,13604,0.2261544
0,13605,0.2258848
0,13606,0.2256158
0,13607,0.2253473
0,13608,0.2250792
0,13609,0.2248117
0,13610,0.2245448
0,13611,0.2242783
0,13612,0.2240123
0,13613,0.2237469
0,13614,0.2234819
0,13615,0.2232174
0,13616,0.2229534
0,13617,0.22269
0,13618,0.222427
0,13619,0.2221645
0,13620,0.2219025
0,13621,0.221641
0,13622,0.22138
0,13623,0.2211194
0,13624,0.2208594
0,13625,0.2205998
0,13626,0.2203407
0,13627,0.2200821
0,13628,0.2198239
0,13629,0.2195663
0,13630,0.2193091
0,13631,0.2190523
0,13632,0.2187961
0,13633,0.2185403
0,13634,0.2182849
0,13635,0.21803
0,13636,0.2177756
0,13637,0.2175217
0,13638,0.2172681
0,13639,0.2170151
0,13640,0.2167625
0,13641,0.2165104
0,13642,0.2162587
0,13643,0.2160074
0,13644,0.2157566
0,13645,0.2155063
0,13646,0.2152564
0,13647,0.2150069
0,13648,0.2147579
0,13649,0.2145093
0,13650,0.2142611
0,13651,0.2140134
0,13652,0.2137662
0,13653,0.2135193
0,13654,0.2132729
0,13655,0.213027
0,13656,0.2127814
0,13657,0.2125363
0,13658,0.2122916
0,13659,0.2120473
0,13660,0.2118035
0,13661,0.2115601
0,13662,0.2113171
0,13663,0.2110745
0,13664,0.2108324
0,13665,0.2105906
0,13666,0.2103493
0,13667,0.2101084
0,13668,0.2098679
0,13669,0.2096278
0,13670,0.2093882
0,13671,0.2091489
0,13672,0.20891
0,13673,0.2086716
0,13674,0.2084336
0,13675,0.2081959
0,13676,0.2079587
0,13677,0.2077219
0,13678,0.2074855
0,13679,0.2072495
0,13680,0.2070138
0,13681,0.2067786
0,13682,0.2065438
0,13683,0.2063094
0,13684,0.2060754
0,13685,0.2058417
0,13686,0.2056085
0,13687,0.2053757
0,13688,0.2051432
0,13689,0.2049111
0,13690,0.2046795
0,13691,0.2044482
0,13692,0.2042173
0,13693,0.2039867
0,13694,0.2037566
0,13695,0.2035269
0,13696,0.2032975
0,13697,0.2030685
0,13698,0.2028399
0,13699,0.2026117
0,13700,0.2023838
0,13701,0.2021563
0,13702,0.2019292
0,13703,0.2017025
0,13704,0.2014761
0,13705,0.2012501
0,13706,0.2010245
0,13707,0.2007993
0,13708,0.2005744
0,13709,0.2003499
0,13710,0.2001258
0,13711,0.1999021
0,13712,0.1996787
0,13713,0.1994557
0,13714,0.199233
0,13715,0.1990107
0,13716,0.1987888
0,13717,0.1985673
0,13718,0.1983461
0,13719,0.1981252
0,13720,0.1979048
0,13721,0.1976846
0,13722,0.1974649
0,13723,0.1972455
0,13724,0.1970264
0,13725,0.1968077
0,13726,0.1965894
0,13727,0.1963714
0,13728,0.1961537
0,13729,0.1959364
0,13730,0.1957195
0,13731,0.1955029
0,13732,0.1952866
0,13733,0.1950707
0,13734,0.1948552
0,13735,0.19464
0,13736,0.1944251
0,13737,0.1942105
0,13738,0.1939963
0,13739,0.1937825
0,13740,0.193569
0,13741,0.1933559
0,13742,0.1931431
0,13743,0.1929307
0,13744,0.1927186
0,13745,0.1925068
0,13746,0.1922953
0,13747,0.1920842
0,13748,0.1918735
0,13749,0.191663
0,13750,0.191453
0,13751,0.1912432
0,13752,0.1910338
0,13753,0.1908247
0,13754,0.1906159
0,13755,0.1904075
0,13756,0.1901994
0,13757,0.1899916
0,13758,0.1897841
0,13759,0.189577
0,13760,0.1893702
0,13761,0.1891637
0,13762,0.1889576
0,13763,0.1887518
0,13764,0.1885463
0,13765,0.1883411
0,13766,0.1881362
0,13767,0.1879317
0,13768,0.1877275
0,13769,0.1875236
0,13770,0.18732
0,13771,0.1871168
0,13772,0.1869139
0,13773,0.1867113
0,13774,0.186509
0,13775,0.186307
0,13776,0.1861054
0,13777,0.185904
0,13778,0.185703
0,13779,0.1855023
0,13780,0.1853019
0,13781,0.1851018
0,13782,0.1849021
0,13783,0.1847026
0,13784,0.1845035
0,13785,0.1843046
0,13786,0.1841061
0,13787,0.1839079
0,13788,0.18371
0,13789,0.1835124
0,13790,0.1833151
0,13791,0.1831181
0,13792,0.1829215
0,13793,0.1827251
0,13794,0.182529
0,13795,0.1823333
0,13796,0.1821378
0,13797,0.1819426
0,13798,0.1817478
0,13799,0.1815532
0,13800,0.181359
0,13801,0.1811651
0,13802,0.1809714
0,13803,0.1807781
0,13804,0.180585
0,13805,0.1803923
0,13806,0.1801998
0,13807,0.1800077
0,13808,0.1798158
0,13809,0.1796242
0,13810,0.179433
0,13811,0.179242
0,13812,0.1790513
0,13813,0.178861
0,13814,0.1786709
0,13815,0.1784811
0,13816,0.1782916
0,13817,0.1781024
0,13818,0.1779135
0,13819,0.1777248
0,13820,0.1775365
0,13821,0.1773484
0,13822,0.1771607
0,13823,0.1769732
0,13824,0.1767861
0,13825,0.1765992
0,13826,0.1764126
0,13827,0.1762262
0,13828,0.1760402
0,13829,0.1758545
0,13830,0.175669
0,13831,0.1754838
0,13832,0.1752989
0,13833,0.1751143
0,13834,0.17493
0,13835,0.1747459
0,13836,0.1745622
0,13837,0.1743787
0,13838,0.1741955
0,13839,0.1740125
0,13840,0.1738299
0,13841,0.1736475
0,13842,0.1734654
0,13843,0.1732836
0,13844,0.1731021
0,13845,0.1729208
0,13846,0.1727398
0,13847,0.1725591
0,13848,0.1723787
0,13849,0.1721985
0,13850,0.1720186
0,13851,0.171839
0,13852,0.1716597
0,13853,0.1714806
0,13854,0.1713018
0,13855,0.1711233
0,13856,0.170945
0,13857,0.1707671
0,13858,0.1705893
0,13859,0.1704119
0,13860,0.1702347
0,13861,0.1700578
0,13862,0.1698812
0,13863,0.1697048
0,13864,0.1695287
0,13865,0.1693528
0,13866,0.1691773
0,13867,0.169002
0,13868,0.1688269
0,13869,0.1686521
0,13870,0.1684776
0,13871,0.1683033
0,13872,0.1681294
0,13873,0.1679556
0,13874,0.1677821
0,13875,0.1676089
0,13876,0.167436
0,13877,0.1672633
0,13878,0.1670909
0,13879,0.1669187
0,13880,0.1667468
0,13881,0.1665751
0,13882,0.1664037
0,13883,0.1662326
0,13884,0.1660617
0,13885,0.1658911
0,13886,0.1657207
0,13887,0.1655506
0,13888,0.1653807
0,13889,0.1652111
0,13890,0.1650417
0,13891,0.1648726
0,13892,0.1647038
0,13893,0.1645351
0,13894,0.1643668
0,13895,0.1641987
0,13896,0.1640309
0,13897,0.1638633
0,13898,0.1636959
0,13899,0.1635288
0,13900,0.163362
0,13901,0.1631954
0,13902,0.163029
0,13903,0.1628629
0,13904,0.162697
0,13905,0.1625314
0,13906,0.1623661
0,13907,0.1622009
0,13908,0.1620361
0,13909,0.1618714
0,13910,0.161707
0,13911,0.1615429
0,13912,0.161379
0,13913,0.1612153
0,13914,0.1610519
0,13915,0.1608887
0,13916,0.1607258
0,13917,0.1605631
0,13918,0.1604007
0,13919,0.1602384
0,13920,0.1600765
0,13921,0.1599147
0,13922,0.1597532
0,13923,0.159592
0,13924,0.159431
0,13925,0.1592702
0,13926,0.1591096
0,13927,0.1589493
0,13928,0.1587893
0,13929,0.1586294
0,13930,0.1584698
0,13931,0.1583104
0,13932,0.1581513
0,13933,0.1579924
0,13934,0.1578338
0,13935,0.1576753
0,13936,0.1575171
0,13937,0.1573592
0,13938,0.1572014
0,13939,0.1570439
0,13940,0.1568866
0,13941,0.1567296
0,13942,0.1565728
0,13943,0.1564162
0,13944,0.1562598
0,13945,0.1561037
0,13946,0.1559478
0,13947,0.1557921
0,13948,0.1556367
0,13949,0.1554815
0,13950,0.1553265
0,13951,0.1551718
0,13952,0.1550172
0,13953,0.1548629
0,13954,0.1547088
0,13955,0.154555
0,13956,0.1544013
0,13957,0.1542479
0,13958,0.1540947
0,13959,0.1539418
0,13960,0.153789
0,13961,0.1536365
0,13962,0.1534842
0,13963,0.1533321
0,13964,0.1531802
0,13965,0.1530286
0,13966,0.1528772
0,13967,0.152726
0,13968,0.152575
0,13969,0.1524242
0,13970,0.1522737
0,13971,0.1521234
0,13972,0.1519733
0,13973,0.1518234
0,13974,0.1516737
0,13975,0.1515242
0,13976,0.151375
0,13977,0.151226
0,13978,0.1510772
0,13979,0.1509286
0,13980,0.1507802
0,13981,0.150632
0,13982,0.1504841
0,13983,0.1503364
0,13984,0.1501888
0,13985,0.1500415
0,13986,0.1498944
0,13987,0.1497475
0,13988,0.1496009
0,13989,0.1494544
0,13990,0.1493082
0,13991,0.1491621
0,13992,0.1490163
0,13993,0.1488707
0,13994,0.1487253
0,13995,0.1485801
0,13996,0.1484351
0,13997,0.1482903
0,13998,0.1481457
0,13999,0.1480014
0,14000,0.1478572
0,14001,0.1477132
0,14002,0.1475695
0,14003,0.1474259
0,14004,0.1472826
0,14005,0.1471394
0,14006,0.1469965
0,14007,0.1468538
0,14008,0.1467113
0,14009,0.1465689
0,14010,0.1464268
0,14011,0.1462849
0,14012,0.1461432
0,14013,0.1460017
0,14014,0.1458604
0,14015,0.1457193
0,14016,0.1455784
0,14017,0.1454377
0,14018,0.1452972
0,14019,0.1451568
0,14020,0.1450167
0,14021,0.1448768
0,14022,0.1447371
0,14023,0.1445976
0,14024,0.1444583
0,14025,0.1443192
0,14026,0.1441803
0,14027,0.1440416
0,14028,0.1439031
0,14029,0.1437647
0,14030,0.1436266
0,14031,0.1434887
0,14032,0.1433509
0,14033,0.1432134
0,14034,0.1430761
0,14035,0.1429389
0,14036,0.142802
0,14037,0.1426652
0,14038,0.1425286
0,14039,0.1423923
0,14040,0.1422561
0,14041,0.1421201
0,14042,0.1419843
0,14043,0.1418487
0,14044,0.1417133
0,14045,0.1415781
0,14046,0.141443
0,14047,0.1413082
0,14048,0.1411735
0,14049,0.1410391
0,14050,0.1409048
0,14051,0.1407707
0,14052,0.1406368
0,14053,0.1405031
0,14054,0.1403696
0,14055,0.1402362
0,14056,0.1401031
0,14057,0.1399701
0,14058,0.1398373
0,14059,0.1397047
0,14060,0.1395723
0,14061,0.1394401
0,14062,0.1393081
0,14063,0.1391762
0,14064,0.1390446
0,14065,0.1389131
0,14066,0.1387818
0,14067,0.1386507
0,14068,0.1385197
0,14069,0.138389
0,14070,0.1382584
0,14071,0.1381281
0,14072,0.1379979
0,14073,0.1378678
0,14074,0.137738
0,14075,0.1376083
0,14076,0.1374789
0,14077,0.1373496
0,14078,0.1372205
0,14079,0.1370915
0,14080,0.1369628
0,14081,0.1368342
0,14082,0.1367058
0,14083,0.1365776
0,14084,0.1364495
0,14085,0.1363217
0,14086,0.136194
0,14087,0.1360665
0,14088,0.1359391
0,14089,0.135812
0,14090,0.135685
0,14091,0.1355582
0,14092,0.1354316
0,14093,0.1353051
0,14094,0.1351788
0,14095,0.1350527
0,14096,0.1349268
0,14097,0.134801
0,14098,0.1346754
0,14099,0.13455
0,14100,0.1344248
0,14101,0.1342997
0,14102,0.1341748
0,14103,0.1340501
0,14104,0.1339256
0,14105,0.1338012
0,14106,0.133677
0,14107,0.1335529
0,14108,0.1334291
0,14109,0.1333054
0,14110,0.1331819
0,14111,0.1330585
0,14112,0.1329353
0,14113,0.1328123
0,14114,0.1326894
0,14115,0.1325668
0,14116,0.1324442
0,14117,0.1323219
0,14118,0.1321997
0,14119,0.1320777
0,14120,0.1319559
0,14121,0.1318342
0,14122,0.1317127
0,14123,0.1315913
0,14124,0.1314702
0,14125,0.1313491
0,14126,0.1312283
0,14127,0.1311076
0,14128,0.1309871
0,14129,0.1308668
0,14130,0.1307466
0,14131,0.1306265
0,14132,0.1305067
0,14133,0.130387
0,14134,0.1302674
0,14135,0.1301481
0,14136,0.1300288
0,14137,0.1299098
0,14138,0.1297909
0,14139,0.1296722
0,14140,0.1295536
0,14141,0.1294352
0,14142,0.129317
0,14143,0.1291989
0,14144,0.1290809
0,14145,0.1289632
0,14146,0.1288456
0,14147,0.1287281
0,14148,0.1286108
0,14149,0.1284937
0,14150,0.1283767
0,14151,0.1282599
0,14152,0.1281433
0,14153,0.1280268
0,14154,0.1279104
0,14155,0.1277942
0,14156,0.1276782
0,14157,0.1275623
0,14158,0.1274466
0,14159,0.127331
0,14160,0.1272157
0,14161,0.1271004
0,14162,0.1269853
0,14163,0.1268704
0,14164,0.1267556
0,14165,0.1266409
0,14166,0.1265265
0,14167,0.1264121
0,14168,0.126298
0,14169,0.126184
0,14170,0.1260701
0,14171,0.1259564
0,14172,0.1258428
0,14173,0.1257294
0,14174,0.1256161
0,14175,0.125503
0,14176,0.1253901
0,14177,0.1252773
0,14178,0.1251646
0,14179,0.1250521
0,14180,0.1249398
0,14181,0.1248276
0,14182,0.1247155
0,14183,0.1246036
0,14184,0.1244919
0,14185,0.1243803
0,14186,0.1242688
0,14187,0.1241575
0,14188,0.1240464
0,14189,0.1239353
0,14190,0.1238245
0,14191,0.1237138
0,14192,0.1236032
0,14193,0.1234928
0,14194,0.1233825
0,14195,0.1232724
0,14196,0.1231624
0,14197,0.1230526
0,14198,0.1229429
0,14199,0.1228333
0,14200,0.1227239
0,14201,0.1226147
0,14202,0.1225056
0,14203,0.1223966
0,14204,0.1222878
0,14205,0.1221791
0,14206,0.1220705
0,14207,0.1219621
0,14208,0.1218539
0,14209,0.1217458
0,14210,0.1216378
0,14211,0.12153
0,14212,0.1214223
0,14213,0.1213148
0,14214,0.1212074
0,14215,0.1211001
0,14216,0.120993
0,14217,0.120886
0,14218,0.1207792
0,14219,0.1206725
0,14220,0.1205659
0,14221,0.1204595
0,14222,0.1203532
0,14223,0.1202471
0,14224,0.1201411
0,14225,0.1200352
0,14226,0.1199295
0,14227,0.1198239
0,14228,0.1197185
0,14229,0.1196132
0,14230,0.119508
0,14231,0.119403
0,14232,0.1192981
0,14233,0.1191933
0,14234,0.1190887
0,14235,0.1189842
0,14236,0.1188799
0,14237,0.1187757
0,14238,0.1186716
0,14239,0.1185677
0,14240,0.1184639
0,14241,0.1183602
0,14242,0.1182567
0,14243,0.1181533
0,14244,0.11805
0,14245,0.1179469
0,14246,0.1178439
0,14247,0.117741
0,14248,0.1176383
0,14249,0.1175357
0,14250,0.1174332
0,14251,0.1173309
0,14252,0.1172287
0,14253,0.1171266
0,14254,0.1170247
0,14255,0.1169229
0,14256,0.1168213
0,14257,0.1167197
0,14258,0.1166183
0,14259,0.116517
0,14260,0.1164159
0,14261,0.1163149
0,14262,0.116214
0,14263,0.1161132
0,14264,0.1160126
0,14265,0.1159121
0,14266,0.1158118
0,14267,0.1157115
0,14268,0.1156114
0,14269,0.1155114
0,14270,0.1154116
0,14271,0.1153119
0,14272,0.1152123
0,14273,0.1151128
0,14274,0.1150135
0,14275,0.1149142
0,14276,0.1148152
0,14277,0.1147162
0,14278,0.1146174
0,14279,0.1145187
0,14280,0.1144201
0,14281,0.1143216
0,14282,0.1142233
0,14283,0.1141251
0,14284,0.114027
0,14285,0.1139291
0,14286,0.1138313
0,14287,0.1137336
0,14288,0.113636
0,14289,0.1135385
0,14290,0.1134412
0,14291,0.113344
0,14292,0.1132469
0,14293,0.11315
0,14294,0.1130531
0,14295,0.1129564
0,14296,0.1128598
0,14297,0.1127634
0,14298,0.112667
0,14299,0.1125708
0,14300,0.1124747
0,14301,0.1123788
0,14302,0.1122829
0,14303,0.1121872
0,14304,0.1120916
0,14305,0.1119961
0,14306,0.1119007
0,14307,0.1118055
0,14308,0.1117103
0,14309,0.1116153
0,14310,0.1115204
0,14311,0.1114257
0,14312,0.111331
0,14313,0.1112365
0,14314,0.1111421
0,14315,0.1110478
0,14316,0.1109537
0,14317,0.1108596
0,14318,0.1107657
0,14319,0.1106719
0,14320,0.1105782
0,14321,0.1104846
0,14322,0.1103911
0,14323,0.1102978
0,14324,0.1102046
0,14325,0.1101114
0,14326,0.1100184
0,14327,0.1099256
0,14328,0.1098328
0,14329,0.1097402
0,14330,0.1096476
0,14331,0.1095552
0,14332,0.1094629
0,14333,0.1093707
0,14334,0.1092787
0,14335,0.1091867
0,14336,0.1090949
0,14337,0.1090032
0,14338,0.1089116
0,14339,0.1088201
0,14340,0.1087287
0,14341,0.1086374
0,14342,0.1085463
0,14343,0.1084552
0,14344,0.1083643
0,14345,0.1082735
0,14346,0.1081828
0,14347,0.1080922
0,14348,0.1080017
0,14349,0.1079114
0,14350,0.1078211
0,14351,0.107731
0,14352,0.107641
0,14353,0.1075511
0,14354,0.1074613
0,14355,0.1073716
0,14356,0.107282
0,14357,0.1071925
0,14358,0.1071032
0,14359,0.1070139
0,14360,0.1069248
0,14361,0.1068357
0,14362,0.1067468
0,14363,0.106658
0,14364,0.1065693
0,14365,0.1064807
0,14366,0.1063922
0,14367,0.1063039
0,14368,0.1062156
0,14369,0.1061275
0,14370,0.1060394
0,14371,0.1059515
0,14372,0.1058637
0,14373,0.1057759
0,14374,0.1056883
0,14375,0.1056008
0,14376,0.1055134
0,14377,0.1054261
0,14378,0.105339
0,14379,0.1052519
0,14380,0.1051649
0,14381,0.105078
0,14382,0.1049913
0,14383,0.1049046
0,14384,0.1048181
0,14385,0.1047317
0,14386,0.1046453
0,14387,0.1045591
0,14388,0.104473
0,14389,0.1043869
0,14390,0.104301
0,14391,0.1042152
0,14392,0.1041295
0,14393,0.1040439
0,14394,0.1039584
0,14395,0.103873
0,14396,0.1037877
0,14397,0.1037026
0,14398,0.1036175
0,14399,0.1035325
0,14400,0.1034476
0,14401,0.1033638
0,14402,0.1033665
0,14403,0.1040163
0,14404,0.1064504
0,14405,0.1120185
0,14406,0.1219708
0,14407,0.1372934
0,14408,0.1586405
0,14409,0.1863282
0,14410,0.2203648
0,14411,0.2605079
0,14412,0.3063308
0,14413,0.3572855
0,14414,0.4127581
0,14415,0.4721104
0,14416,0.5347111
0,14417,0.5999563
0,14418,0.667282
0,14419,0.7361711
0,14420,0.8061564
0,14421,0.8768206
0,14422,0.947795
0,14423,1.018757
0,14424,1.089426
0,14425,1.159562
0,14426,1.22896
0,14427,1.297446
0,14428,1.364877
0,14429,1.431135
0,14430,1.496123
0,14431,1.559767
0,14432,1.622008
0,14433,1.682804
0,14434,1.742126
0,14435,1.799956
0,14436,1.856285
0,14437,1.911116
0,14438,1.964457
0,14439,2.016322
0,14440,2.06673
0,14441,2.115704
0,14442,2.163271
0,14443,2.209461
0,14444,2.254305
0,14445,2.297836
0,14446,2.340089
0,14447,2.381099
0,14448,2.420903
0,14449,2.459536
0,14450,2.497034
0,14451,2.533433
0,14452,2.568769
0,14453,2.603077
0,14454,2.636392
0,14455,2.668746
0,14456,2.700172
0,14457,2.730704
0,14458,2.760371
0,14459,2.789205
0,14460,2.817233
0,14461,2.844484
0,14462,2.870987
0,14463,2.896767
0,14464,2.921849
0,14465,2.946259
0,14466,2.97002
0,14467,2.993154
0,14468,3.015682
0,14469,3.037627
0,14470,3.059008
0,14471,3.079844
0,14472,3.100154
0,14473,3.119955
0,14474,3.139264
0,14475,3.158098
0,14476,3.176471
0,14477,3.194401
0,14478,3.2119
0,14479,3.228983
0,14480,3.245663
0,14481,3.261951
0,14482,3.277861
0,14483,3.293404
0,14484,3.30859
0,14485,3.323431
0,14486,3.337936
0,14487,3.352117
0,14488,3.365983
0,14489,3.379542
0,14490,3.392804
0,14491,3.405777
0,14492,3.418469
0,14493,3.430887
0,14494,3.443038
0,14495,3.454931
0,14496,3.466571
0,14497,3.477967
0,14498,3.489124
0,14499,3.500049
0,14500,3.510748
0,14501,3.521226
0,14502,3.53149
0,14503,3.541543
0,14504,3.551391
0,14505,3.561037
0,14506,3.570483
0,14507,3.579704
0,14508,3.588549
0,14509,3.596726
0,14510,3.603899
0,14511,3.609772
0,14512,3.614115
0,14513,3.616765
0,14514,3.617618
0,14515,3.616616
0,14516,3.613746
0,14517,3.609011
0,14518,3.602442
0,14519,3.594078
0,14520,3.583956
0,14521,3.572132
0,14522,3.558652
0,14523,3.543572
0,14524,3.526946
0,14525,3.508828
0,14526,3.489275
0,14527,3.468338
0,14528,3.446073
0,14529,3.42253
0,14530,3.397756
0,14531,3.371803
0,14532,3.344711
0,14533,3.316526
0,14534,3.287287
0,14535,3.257034
0,14536,3.225803
0,14537,3.193629
0,14538,3.160546
0,14539,3.126586
0,14540,3.091782
0,14541,3.056162
0,14542,3.019754
0,14543,2.982587
0,14544,2.944686
0,14545,2.906076
0,14546,2.866782
0,14547,2.826825
0,14548,2.786228
0,14549,2.745011
0,14550,2.703196
0,14551,2.6608
0,14552,2.617842
0,14553,2.574339
0,14554,2.53031
0,14555,2.485769
0,14556,2.440733
0,14557,2.395217
0,14558,2.349236
0,14559,2.302809
0,14560,2.256033
0,14561,2.209185
0,14562,2.162643
0,14563,2.116771
0,14564,2.071862
0,14565,2.028131
0,14566,1.985715
0,14567,1.944695
0,14568,1.905106
0,14569,1.86695
0,14570,1.830206
0,14571,1.794836
0,14572,1.760794
0,14573,1.728025
0,14574,1.696473
0,14575,1.666078
0,14576,1.636782
0,14577,1.608528
0,14578,1.581262
0,14579,1.554929
0,14580,1.52948
0,14581,1.504868
0,14582,1.481047
0,14583,1.457975
0,14584,1.435612
0,14585,1.413923
0,14586,1.392871
0,14587,1.372426
0,14588,1.352556
0,14589,1.333235
0,14590,1.314433
0,14591,1.296125
0,14592,1.278283
0,14593,1.260882
0,14594,1.243903
0,14595,1.227324
0,14596,1.211128
0,14597,1.195299
0,14598,1.179822
0,14599,1.164684
0,14600,1.149873
0,14601,1.135376
0,14602,1.121183
0,14603,1.107285
0,14604,1.093671
0,14605,1.080333
0,14606,1.067263
0,14607,1.054453
0,14608,1.041894
0,14609,1.029581
0,14610,1.017507
0,14611,1.005665
0,14612,0.994049
0,14613,0.9826533
0,14614,0.971472
0,14615,0.9605
0,14616,0.9497319
0,14617,0.9391628
0,14618,0.928788
0,14619,0.9186029
0,14620,0.9086032
0,14621,0.8987845
0,14622,0.8891428
0,14623,0.8796741
0,14624,0.8703745
0,14625,0.8612403
0,14626,0.8522679
0,14627,0.8434539
0,14628,0.8347948
0,14629,0.8262873
0,14630,0.8179282
0,14631,0.8097146
0,14632,0.8016433
0,14633,0.7937114
0,14634,0.7859161
0,14635,0.7782547
0,14636,0.7707244
0,14637,0.7633225
0,14638,0.7560467
0,14639,0.7488942
0,14640,0.7418628
0,14641,0.73495
0,14642,0.7281535
0,14643,0.7214711
0,14644,0.7149006
0,14645,0.7084398
0,14646,0.7020866
0,14647,0.695839
0,14648,0.6896949
0,14649,0.6836525
0,14650,0.6777097
0,14651,0.6718647
0,14652,0.6661157
0,14653,0.6604609
0,14654,0.6548985
0,14655,0.6494269
0,14656,0.6440443
0,14657,0.6387491
0,14658,0.6335397
0,14659,0.6284145
0,14660,0.623372
0,14661,0.6184106
0,14662,0.613529
0,14663,0.6087255
0,14664,0.603999
0,14665,0.5993478
0,14666,0.5947707
0,14667,0.5902663
0,14668,0.5858334
0,14669,0.5814706
0,14670,0.5771767
0,14671,0.5729505
0,14672,0.5687907
0,14673,0.5646962
0,14674,0.5606657
0,14675,0.5566983
0,14676,0.5527927
0,14677,0.5489478
0,14678,0.5451626
0,14679,0.5414361
0,14680,0.5377671
0,14681,0.5341547
0,14682,0.5305978
0,14683,0.5270956
0,14684,0.523647
0,14685,0.5202511
0,14686,0.516907
0,14687,0.5136137
0,14688,0.5103704
0,14689,0.5071763
0,14690,0.5040303
0,14691,0.5009319
0,14692,0.4978799
0,14693,0.4948738
0,14694,0.4919126
0,14695,0.4889956
0,14696,0.4861221
0,14697,0.4832912
0,14698,0.4805023
0,14699,0.4777546
0,14700,0.4750473
0,14701,0.4723799
0,14702,0.4697516
0,14703,0.4671617
0,14704,0.4646096
0,14705,0.4620946
0,14706,0.4596161
0,14707,0.4571735
0,14708,0.4547661
0,14709,0.4523934
0,14710,0.4500546
0,14711,0.4477493
0,14712,0.445477
0,14713,0.4432369
0,14714,0.4410286
0,14715,0.4388515
0,14716,0.4367051
0,14717,0.4345889
0,14718,0.4325023
0,14719,0.4304449
0,14720,0.4284161
0,14721,0.4264154
0,14722,0.4244425
0,14723,0.4224967
0,14724,0.4205777
0,14725,0.418685
0,14726,0.4168181
0,14727,0.4149766
0,14728,0.4131601
0,14729,0.4113682
0,14730,0.4096003
0,14731,0.4078562
0,14732,0.4061354
0,14733,0.4044375
0,14734,0.4027622
0,14735,0.401109
0,14736,0.3994776
0,14737,0.3978676
0,14738,0.3962787
0,14739,0.3947105
0,14740,0.3931626
0,14741,0.3916347
0,14742,0.3901265
0,14743,0.3886377
0,14744,0.3871678
0,14745,0.3857166
0,14746,0.3842838
0,14747,0.3828691
0,14748,0.3814722
0,14749,0.3800927
0,14750,0.3787304
0,14751,0.377385
0,14752,0.3760562
0,14753,0.3747438
0,14754,0.3734473
0,14755,0.3721667
0,14756,0.3709016
0,14757,0.3696518
0,14758,0.368417
0,14759,0.3671969
0,14760,0.3659914
0,14761,0.3648002
0,14762,0.3636229
0,14763,0.3624595
0,14764,0.3613097
0,14765,0.3601732
0,14766,0.3590499
0,14767,0.3579394
0,14768,0.3568417
0,14769,0.3557565
0,14770,0.3546835
0,14771,0.3536226
0,14772,0.3525737
0,14773,0.3515363
0,14774,0.3505105
0,14775,0.349496
0,14776,0.3484927
0,14777,0.3475002
0,14778,0.3465185
0,14779,0.3455475
0,14780,0.3445868
0,14781,0.3436363
0,14782,0.342696
0,14783,0.3417655
0,14784,0.3408448
0,14785,0.3399337
0,14786,0.339032
0,14787,0.3381396
0,14788,0.3372563
0,14789,0.336382
0,14790,0.3355166
0,14791,0.3346598
0,14792,0.3338116
0,14793,0.3329718
0,14794,0.3321403
0,14795,0.3313169
0,14796,0.3305016
0,14797,0.3296941
0,14798,0.3288944
0,14799,0.3281023
0,14800,0.3273178
0,14801,0.3265406
0,14802,0.3257707
0,14803,0.325008
0,14804,0.3242523
0,14805,0.3235036
0,14806,0.3227616
0,14807,0.3220264
0,14808,0.3212978
0,14809,0.3205757
0,14810,0.31986
0,14811,0.3191507
0,14812,0.3184475
0,14813,0.3177504
0,14814,0.3170593
0,14815,0.3163742
0,14816,0.3156948
0,14817,0.3150212
0,14818,0.3143533
0,14819,0.3136908
0,14820,0.3130339
0,14821,0.3123823
0,14822,0.3117361
0,14823,0.3110951
0,14824,0.3104591
0,14825,0.3098283
0,14826,0.3092024
0,14827,0.3085815
0,14828,0.3079653
0,14829,0.307354
0,14830,0.3067473
0,14831,0.3061452
0,14832,0.3055477
0,14833,0.3049546
0,14834,0.3043659
0,14835,0.3037816
0,14836,0.3032015
0,14837,0.3026257
0,14838,0.302054
0,14839,0.3014863
0,14840,0.3009227
0,14841,0.3003631
0,14842,0.2998073
0,14843,0.2992554
0,14844,0.2987073
0,14845,0.298163
0,14846,0.2976223
0,14847,0.2970852
0,14848,0.2965516
0,14849,0.2960216
0,14850,0.2954951
0,14851,0.294972
0,14852,0.2944523
0,14853,0.2939358
0,14854,0.2934226
0,14855,0.2929127
0,14856,0.2924059
0,14857,0.2919022
0,14858,0.2914017
0,14859,0.2909041
0,14860,0.2904096
0,14861,0.289918
0,14862,0.2894294
0,14863,0.2889436
0,14864,0.2884606
0,14865,0.2879804
0,14866,0.287503
0,14867,0.2870283
0,14868,0.2865562
0,14869,0.2860868
0,14870,0.28562
0,14871,0.2851558
0,14872,0.2846941
0,14873,0.2842349
0,14874,0.2837781
0,14875,0.2833238
0,14876,0.2828719
0,14877,0.2824223
0,14878,0.2819751
0,14879,0.2815301
0,14880,0.2810875
0,14881,0.280647
0,14882,0.2802088
0,14883,0.2797728
0,14884,0.2793389
0,14885,0.2789071
0,14886,0.2784774
0,14887,0.2780498
0,14888,0.2776242
0,14889,0.2772007
0,14890,0.2767791
0,14891,0.2763595
0,14892,0.2759418
0,14893,0.275526
0,14894,0.2751122
0,14895,0.2747002
0,14896,0.27429
0,14897,0.2738816
0,14898,0.2734751
0,14899,0.2730703
0,14900,0.2726672
0,14901,0.2722659
0,14902,0.2718663
0,14903,0.2714684
0,14904,0.2710721
0,14905,0.2706775
0,14906,0.2702845
0,14907,0.2698931
0,14908,0.2695033
0,14909,0.2691151
0,14910,0.2687284
0,14911,0.2683433
0,14912,0.2679596
0,14913,0.2675775
0,14914,0.2671968
0,14915,0.2668176
0,14916,0.2664399
0,14917,0.2660635
0,14918,0.2656886
0,14919,0.2653151
0,14920,0.2649429
0,14921,0.2645721
0,14922,0.2642027
0,14923,0.2638346
0,14924,0.2634678
0,14925,0.2631024
0,14926,0.2627382
0,14927,0.2623753
0,14928,0.2620136
0,14929,0.2616532
0,14930,0.261294
0,14931,0.2609361
0,14932,0.2605794
0,14933,0.2602238
0,14934,0.2598695
0,14935,0.2595163
0,14936,0.2591643
0,14937,0.2588135
0,14938,0.2584637
0,14939,0.2581151
0,14940,0.2577676
0,14941,0.2574213
0,14942,0.257076
0,14943,0.2567317
0,14944,0.2563886
0,14945,0.2560465
0,14946,0.2557054
0,14947,0.2553654
0,14948,0.2550264
0,14949,0.2546884
0,14950,0.2543514
0,14951,0.2540154
0,14952,0.2536805
0,14953,0.2533465
0,14954,0.2530134
0,14955,0.2526814
0,14956,0.2523502
0,14957,0.2520201
0,14958,0.2516908
0,14959,0.2513625
0,14960,0.2510351
0,14961,0.2507086
0,14962,0.250383
0,14963,0.2500583
0,14964,0.2497345
0,14965,0.2494116
0,14966,0.2490895
0,14967,0.2487683
0,14968,0.248448
0,14969,0.2481285
0,14970,0.2478098
0,14971,0.247492
0,14972,0.247175
0,14973,0.2468589
0,14974,0.2465435
0,14975,0.246229
0,14976,0.2459153
0,14977,0.2456024
0,14978,0.2452902
0,14979,0.2449789
0,14980,0.2446683
0,14981,0.2443585
0,14982,0.2440494
0,14983,0.2437412
0,14984,0.2434337
0,14985,0.2431269
0,14986,0.2428209
0,14987,0.2425156
0,14988,0.242211
0,14989,0.2419072
0,14990,0.2416041
0,14991,0.2413017
0,14992,0.2410001
0,14993,0.2406991
0,14994,0.2403988
0,14995,0.2400993
0,14996,0.2398004
0,14997,0.2395022
0,14998,0.2392047
0,14999,0.2389079
0,15000,0.2386118
0,15001,0.2383163
0,15002,0.2380215
0,15003,0.2377274
0,15004,0.2374339
0,15005,0.2371411
0,15006,0.2368489
0,15007,0.2365574
0,15008,0.2362665
0,15009,0.2359763
0,15010,0.2356867
0,15011,0.2353977
0,15012,0.2351093
0,15013,0.2348216
0,15014,0.2345344
0,15015,0.2342479
0,15016,0.233962
0,15017,0.2336767
0,15018,0.233392
0,15019,0.2331079
0,15020,0.2328244
0,15021,0.2325415
0,15022,0.2322592
0,15023,0.2319775
0,15024,0.2316964
0,15025,0.2314158
0,15026,0.2311359
0,15027,0.2308565
0,15028,0.2305776
0,15029,0.2302994
0,15030,0.2300217
0,15031,0.2297445
0,15032,0.2294679
0,15033,0.2291919
0,15034,0.2289164
0,15035,0.2286415
0,15036,0.2283671
0,15037,0.2280932
0,15038,0.2278199
0,15039,0.2275471
0,15040,0.2272749
0,15041,0.2270032
0,15042,0.2267321
0,15043,0.2264615
0,15044,0.2261914
0,15045,0.2259218
0,15046,0.2256528
0,15047,0.2253842
0,15048,0.2251162
0,15049,0.2248487
0,15050,0.2245817
0,15051,0.2243152
0,15052,0.2240492
0,15053,0.2237837
0,15054,0.2235188
0,15055,0.2232543
0,15056,0.2229903
0,15057,0.2227268
0,15058,0.2224638
0,15059,0.2222013
0,15060,0.2219393
0,15061,0.2216778
0,15062,0.2214167
0,15063,0.2211562
0,15064,0.2208961
0,15065,0.2206365
0,15066,0.2203774
0,15067,0.2201188
0,15068,0.2198606
0,15069,0.2196029
0,15070,0.2193457
0,15071,0.2190889
0,15072,0.2188327
0,15073,0.2185768
0,15074,0.2183215
0,15075,0.2180666
0,15076,0.2178122
0,15077,0.2175582
0,15078,0.2173046
0,15079,0.2170516
0,15080,0.216799
0,15081,0.2165468
0,15082,0.2162951
0,15083,0.2160439
0,15084,0.215793
0,15085,0.2155427
0,15086,0.2152928
0,15087,0.2150433
0,15088,0.2147942
0,15089,0.2145456
0,15090,0.2142975
0,15091,0.2140498
0,15092,0.2138025
0,15093,0.2135556
0,15094,0.2133092
0,15095,0.2130632
0,15096,0.2128177
0,15097,0.2125725
0,15098,0.2123278
0,15099,0.2120835
0,15100,0.2118397
0,15101,0.2115963
0,15102,0.2113532
0,15103,0.2111107
0,15104,0.2108685
0,15105,0.2106267
0,15106,0.2103854
0,15107,0.2101445
0,15108,0.209904
0,15109,0.2096639
0,15110,0.2094242
0,15111,0.2091849
0,15112,0.2089461
0,15113,0.2087076
0,15114,0.2084696
0,15115,0.2082319
0,15116,0.2079947
0,15117,0.2077578
0,15118,0.2075214
0,15119,0.2072854
0,15120,0.2070497
0,15121,0.2068145
0,15122,0.2065797
0,15123,0.2063452
0,15124,0.2061112
0,15125,0.2058776
0,15126,0.2056443
0,15127,0.2054114
0,15128,0.205179
0,15129,0.2049469
0,15130,0.2047152
0,15131,0.2044839
0,15132,0.204253
0,15133,0.2040225
0,15134,0.2037923
0,15135,0.2035626
0,15136,0.2033332
0,15137,0.2031042
0,15138,0.2028755
0,15139,0.2026473
0,15140,0.2024194
0,15141,0.2021919
0,15142,0.2019648
0,15143,0.2017381
0,15144,0.2015117
0,15145,0.2012857
0,15146,0.20106
0,15147,0.2008348
0,15148,0.2006099
0,15149,0.2003854
0,15150,0.2001613
0,15151,0.1999375
0,15152,0.1997141
0,15153,0.1994911
0,15154,0.1992684
0,15155,0.1990461
0,15156,0.1988242
0,15157,0.1986026
0,15158,0.1983814
0,15159,0.1981606
0,15160,0.1979401
0,15161,0.1977199
0,15162,0.1975002
0,15163,0.1972807
0,15164,0.1970617
0,15165,0.196843
0,15166,0.1966246
0,15167,0.1964066
0,15168,0.196189
0,15169,0.1959716
0,15170,0.1957547
0,15171,0.1955381
0,15172,0.1953218
0,15173,0.1951059
0,15174,0.1948903
0,15175,0.1946751
0,15176,0.1944602
0,15177,0.1942456
0,15178,0.1940314
0,15179,0.1938176
0,15180,0.1936041
0,15181,0.1933909
0,15182,0.1931781
0,15183,0.1929657
0,15184,0.1927535
0,15185,0.1925417
0,15186,0.1923303
0,15187,0.1921192
0,15188,0.1919084
0,15189,0.191698
0,15190,0.1914879
0,15191,0.1912781
0,15192,0.1910686
0,15193,0.1908595
0,15194,0.1906508
0,15195,0.1904423
0,15196,0.1902342
0,15197,0.1900264
0,15198,0.1898189
0,15199,0.1896118
0,15200,0.189405
0,15201,0.1891985
0,15202,0.1889924
0,15203,0.1887865
0,15204,0.188581
0,15205,0.1883758
0,15206,0.1881709
0,15207,0.1879664
0,15208,0.1877622
0,15209,0.1875582
0,15210,0.1873547
0,15211,0.1871514
0,15212,0.1869485
0,15213,0.1867459
0,15214,0.1865436
0,15215,0.1863416
0,15216,0.1861399
0,15217,0.1859386
0,15218,0.1857375
0,15219,0.1855368
0,15220,0.1853364
0,15221,0.1851363
0,15222,0.1849365
0,15223,0.1847371
0,15224,0.1845379
0,15225,0.1843391
0,15226,0.1841405
0,15227,0.1839423
0,15228,0.1837444
0,15229,0.1835468
0,15230,0.1833495
0,15231,0.1831525
0,15232,0.1829558
0,15233,0.1827594
0,15234,0.1825633
0,15235,0.1823676
0,15236,0.1821721
0,15237,0.1819769
0,15238,0.1817821
0,15239,0.1815875
0,15240,0.1813932
0,15241,0.1811993
0,15242,0.1810056
0,15243,0.1808123
0,15244,0.1806192
0,15245,0.1804264
0,15246,0.180234
0,15247,0.1800418
0,15248,0.1798499
0,15249,0.1796584
0,15250,0.1794671
0,15251,0.1792761
0,15252,0.1790854
0,15253,0.178895
0,15254,0.1787049
0,15255,0.1785151
0,15256,0.1783256
0,15257,0.1781364
0,15258,0.1779474
0,15259,0.1777588
0,15260,0.1775705
0,15261,0.1773824
0,15262,0.1771946
0,15263,0.1770072
0,15264,0.17682
0,15265,0.1766331
0,15266,0.1764464
0,15267,0.1762601
0,15268,0.1760741
0,15269,0.1758883
0,15270,0.1757028
0,15271,0.1755176
0,15272,0.1753327
0,15273,0.1751481
0,15274,0.1749637
0,15275,0.1747797
0,15276,0.1745959
0,15277,0.1744124
0,15278,0.1742292
0,15279,0.1740462
0,15280,0.1738636
0,15281,0.1736812
0,15282,0.1734991
0,15283,0.1733173
0,15284,0.1731357
0,15285,0.1729544
0,15286,0.1727735
0,15287,0.1725927
0,15288,0.1724123
0,15289,0.1722321
0,15290,0.1720522
0,15291,0.1718726
0,15292,0.1716932
0,15293,0.1715141
0,15294,0.1713353
0,15295,0.1711568
0,15296,0.1709785
0,15297,0.1708005
0,15298,0.1706228
0,15299,0.1704453
0,15300,0.1702681
0,15301,0.1700912
0,15302,0.1699146
0,15303,0.1697382
0,15304,0.1695621
0,15305,0.1693862
0,15306,0.1692106
0,15307,0.1690353
0,15308,0.1688602
0,15309,0.1686854
0,15310,0.1685109
0,15311,0.1683366
0,15312,0.1681626
0,15313,0.1679889
0,15314,0.1678154
0,15315,0.1676422
0,15316,0.1674692
0,15317,0.1672965
0,15318,0.1671241
0,15319,0.1669519
0,15320,0.16678
0,15321,0.1666083
0,15322,0.1664369
0,15323,0.1662657
0,15324,0.1660948
0,15325,0.1659242
0,15326,0.1657538
0,15327,0.1655836
0,15328,0.1654138
0,15329,0.1652441
0,15330,0.1650748
0,15331,0.1649056
0,15332,0.1647368
0,15333,0.1645682
0,15334,0.1643998
0,15335,0.1642317
0,15336,0.1640638
0,15337,0.1638962
0,15338,0.1637288
0,15339,0.1635617
0,15340,0.1633949
0,15341,0.1632283
0,15342,0.1630619
0,15343,0.1628958
0,15344,0.1627299
0,15345,0.1625643
0,15346,0.1623989
0,15347,0.1622338
0,15348,0.1620689
0,15349,0.1619042
0,15350,0.1617398
0,15351,0.1615757
0,15352,0.1614117
0,15353,0.1612481
0,15354,0.1610847
0,15355,0.1609215
0,15356,0.1607585
0,15357,0.1605958
0,15358,0.1604333
0,15359,0.1602711
0,15360,0.1601091
0,15361,0.1599474
0,15362,0.1597859
0,15363,0.1596246
0,15364,0.1594636
0,15365,0.1593028
0,15366,0.1591422
0,15367,0.1589819
0,15368,0.1588218
0,15369,0.158662
0,15370,0.1585023
0,15371,0.158343
0,15372,0.1581838
0,15373,0.1580249
0,15374,0.1578662
0,15375,0.1577078
0,15376,0.1575496
0,15377,0.1573916
0,15378,0.1572338
0,15379,0.1570763
0,15380,0.156919
0,15381,0.156762
0,15382,0.1566052
0,15383,0.1564486
0,15384,0.1562922
0,15385,0.1561361
0,15386,0.1559801
0,15387,0.1558245
0,15388,0.155669
0,15389,0.1555138
0,15390,0.1553588
0,15391,0.155204
0,15392,0.1550495
0,15393,0.1548951
0,15394,0.154741
0,15395,0.1545872
0,15396,0.1544335
0,15397,0.1542801
0,15398,0.1541269
0,15399,0.1539739
0,15400,0.1538212
0,15401,0.1536686
0,15402,0.1535163
0,15403,0.1533642
0,15404,0.1532123
0,15405,0.1530607
0,15406,0.1529092
0,15407,0.152758
0,15408,0.152607
0,15409,0.1524563
0,15410,0.1523057
0,15411,0.1521554
0,15412,0.1520053
0,15413,0.1518553
0,15414,0.1517057
0,15415,0.1515562
0,15416,0.151407
0,15417,0.1512579
0,15418,0.1511091
0,15419,0.1509605
0,15420,0.1508121
0,15421,0.1506639
0,15422,0.150516
0,15423,0.1503682
0,15424,0.1502207
0,15425,0.1500734
0,15426,0.1499262
0,15427,0.1497793
0,15428,0.1496327
0,15429,0.1494862
0,15430,0.1493399
0,15431,0.1491939
0,15432,0.149048
0,15433,0.1489024
0,15434,0.148757
0,15435,0.1486118
0,15436,0.1484668
0,15437,0.148322
0,15438,0.1481774
0,15439,0.148033
0,15440,0.1478888
0,15441,0.1477449
0,15442,0.1476011
0,15443,0.1474575
0,15444,0.1473142
0,15445,0.147171
0,15446,0.1470281
0,15447,0.1468854
0,15448,0.1467428
0,15449,0.1466005
0,15450,0.1464584
0,15451,0.1463164
0,15452,0.1461747
0,15453,0.1460332
0,15454,0.1458919
0,15455,0.1457507
0,15456,0.1456098
0,15457,0.1454691
0,15458,0.1453286
0,15459,0.1451883
0,15460,0.1450482
0,15461,0.1449082
0,15462,0.1447685
0,15463,0.144629
0,15464,0.1444897
0,15465,0.1443506
0,15466,0.1442116
0,15467,0.1440729
0,15468,0.1439344
0,15469,0.143796
0,15470,0.1436579
0,15471,0.14352
0,15472,0.1433822
0,15473,0.1432447
0,15474,0.1431073
0,15475,0.1429701
0,15476,0.1428332
0,15477,0.1426964
0,15478,0.1425598
0,15479,0.1424234
0,15480,0.1422872
0,15481,0.1421513
0,15482,0.1420154
0,15483,0.1418798
0,15484,0.1417444
0,15485,0.1416092
0,15486,0.1414741
0,15487,0.1413393
0,15488,0.1412046
0,15489,0.1410701
0,15490,0.1409358
0,15491,0.1408017
0,15492,0.1406678
0,15493,0.1405341
0,15494,0.1404006
0,15495,0.1402672
0,15496,0.1401341
0,15497,0.1400011
0,15498,0.1398683
0,15499,0.1397357
0,15500,0.1396033
0,15501,0.139471
0,15502,0.139339
0,15503,0.1392071
0,15504,0.1390755
0,15505,0.138944
0,15506,0.1388126
0,15507,0.1386815
0,15508,0.1385506
0,15509,0.1384198
0,15510,0.1382892
0,15511,0.1381589
0,15512,0.1380286
0,15513,0.1378986
0,15514,0.1377688
0,15515,0.1376391
0,15516,0.1375096
0,15517,0.1373803
0,15518,0.1372512
0,15519,0.1371222
0,15520,0.1369935
0,15521,0.1368649
0,15522,0.1367365
0,15523,0.1366082
0,15524,0.1364802
0,15525,0.1363523
0,15526,0.1362246
0,15527,0.1360971
0,15528,0.1359697
0,15529,0.1358426
0,15530,0.1357156
0,15531,0.1355888
0,15532,0.1354621
0,15533,0.1353357
0,15534,0.1352094
0,15535,0.1350832
0,15536,0.1349573
0,15537,0.1348315
0,15538,0.1347059
0,15539,0.1345805
0,15540,0.1344553
0,15541,0.1343302
0,15542,0.1342053
0,15543,0.1340805
0,15544,0.133956
0,15545,0.1338316
0,15546,0.1337074
0,15547,0.1335833
0,15548,0.1334594
0,15549,0.1333357
0,15550,0.1332122
0,15551,0.1330888
0,15552,0.1329656
0,15553,0.1328426
0,15554,0.1327197
0,15555,0.132597
0,15556,0.1324745
0,15557,0.1323522
0,15558,0.13223
0,15559,0.132108
0,15560,0.1319861
0,15561,0.1318644
0,15562,0.1317429
0,15563,0.1316215
0,15564,0.1315003
0,15565,0.1313793
0,15566,0.1312585
0,15567,0.1311378
0,15568,0.1310172
0,15569,0.1308969
0,15570,0.1307767
0,15571,0.1306566
0,15572,0.1305367
0,15573,0.130417
0,15574,0.1302975
0,15575,0.1301781
0,15576,0.1300589
0,15577,0.1299398
0,15578,0.1298209
0,15579,0.1297022
0,15580,0.1295836
0,15581,0.1294652
0,15582,0.1293469
0,15583,0.1292288
0,15584,0.1291109
0,15585,0.1289931
0,15586,0.1288755
0,15587,0.128758
0,15588,0.1286407
0,15589,0.1285236
0,15590,0.1284066
0,15591,0.1282898
0,15592,0.1281731
0,15593,0.1280566
0,15594,0.1279403
0,15595,0.1278241
0,15596,0.127708
0,15597,0.1275921
0,15598,0.1274764
0,15599,0.1273608
0,15600,0.1272454
0,15601,0.1271302
0,15602,0.1270151
0,15603,0.1269001
0,15604,0.1267853
0,15605,0.1266707
0,15606,0.1265562
0,15607,0.1264418
0,15608,0.1263276
0,15609,0.1262136
0,15610,0.1260998
0,15611,0.125986
0,15612,0.1258724
0,15613,0.125759
0,15614,0.1256458
0,15615,0.1255327
0,15616,0.1254197
0,15617,0.1253069
0,15618,0.1251942
0,15619,0.1250817
0,15620,0.1249693
0,15621,0.1248571
0,15622,0.1247451
0,15623,0.1246331
0,15624,0.1245214
0,15625,0.1244098
0,15626,0.1242983
0,15627,0.124187
0,15628,0.1240758
0,15629,0.1239648
0,15630,0.1238539
0,15631,0.1237432
0,15632,0.1236326
0,15633,0.1235222
0,15634,0.1234119
0,15635,0.1233018
0,15636,0.1231918
0,15637,0.1230819
0,15638,0.1229722
0,15639,0.1228627
0,15640,0.1227532
0,15641,0.122644
0,15642,0.1225348
0,15643,0.1224259
0,15644,0.122317
0,15645,0.1222083
0,15646,0.1220998
0,15647,0.1219914
0,15648,0.1218831
0,15649,0.121775
0,15650,0.121667
0,15651,0.1215592
0,15652,0.1214515
0,15653,0.1213439
0,15654,0.1212365
0,15655,0.1211293
0,15656,0.1210221
0,15657,0.1209151
0,15658,0.1208083
0,15659,0.1207016
0,15660,0.120595
0,15661,0.1204886
0,15662,0.1203823
0,15663,0.1202762
0,15664,0.1201702
0,15665,0.1200643
0,15666,0.1199586
0,15667,0.119853
0,15668,0.1197475
0,15669,0.1196422
0,15670,0.119537
0,15671,0.119432
0,15672,0.1193271
0,15673,0.1192223
0,15674,0.1191177
0,15675,0.1190132
0,15676,0.1189088
0,15677,0.1188046
0,15678,0.1187005
0,15679,0.1185966
0,15680,0.1184928
0,15681,0.1183891
0,15682,0.1182855
0,15683,0.1181821
0,15684,0.1180788
0,15685,0.1179757
0,15686,0.1178727
0,15687,0.1177698
0,15688,0.1176671
0,15689,0.1175645
0,15690,0.117462
0,15691,0.1173597
0,15692,0.1172575
0,15693,0.1171554
0,15694,0.1170534
0,15695,0.1169516
0,15696,0.11685
0,15697,0.1167484
0,15698,0.116647
0,15699,0.1165457
0,15700,0.1164446
0,15701,0.1163435
0,15702,0.1162426
0,15703,0.1161419
0,15704,0.1160412
0,15705,0.1159407
0,15706,0.1158404
0,15707,0.1157401
0,15708,0.11564
0,15709,0.11554
0,15710,0.1154401
0,15711,0.1153404
0,15712,0.1152408
0,15713,0.1151413
0,15714,0.115042
0,15715,0.1149427
0,15716,0.1148437
0,15717,0.1147447
0,15718,0.1146458
0,15719,0.1145471
0,15720,0.1144485
0,15721,0.1143501
0,15722,0.1142517
0,15723,0.1141535
0,15724,0.1140554
0,15725,0.1139575
0,15726,0.1138596
0,15727,0.1137619
0,15728,0.1136643
0,15729,0.1135669
0,15730,0.1134695
0,15731,0.1133723
0,15732,0.1132752
0,15733,0.1131783
0,15734,0.1130814
0,15735,0.1129847
0,15736,0.1128881
0,15737,0.1127916
0,15738,0.1126953
0,15739,0.1125991
0,15740,0.112503
0,15741,0.112407
0,15742,0.1123111
0,15743,0.1122154
0,15744,0.1121198
0,15745,0.1120243
0,15746,0.1119289
0,15747,0.1118336
0,15748,0.1117385
0,15749,0.1116435
0,15750,0.1115486
0,15751,0.1114538
0,15752,0.1113591
0,15753,0.1112646
0,15754,0.1111702
0,15755,0.1110759
0,15756,0.1109817
0,15757,0.1108877
0,15758,0.1107937
0,15759,0.1106999
0,15760,0.1106062
0,15761,0.1105126
0,15762,0.1104191
0,15763,0.1103258
0,15764,0.1102325
0,15765,0.1101394
0,15766,0.1100464
0,15767,0.1099535
0,15768,0.1098608
0,15769,0.1097681
0,15770,0.1096756
0,15771,0.1095831
0,15772,0.1094908
0,15773,0.1093986
0,15774,0.1093066
0,15775,0.1092146
0,15776,0.1091228
0,15777,0.109031
0,15778,0.1089394
0,15779,0.1088479
0,15780,0.1087565
0,15781,0.1086652
0,15782,0.1085741
0,15783,0.108483
0,15784,0.1083921
0,15785,0.1083013
0,15786,0.1082106
0,15787,0.10812
0,15788,0.1080295
0,15789,0.1079391
0,15790,0.1078488
0,15791,0.1077587
0,15792,0.1076687
0,15793,0.1075787
0,15794,0.1074889
0,15795,0.1073992
0,15796,0.1073096
0,15797,0.1072202
0,15798,0.1071308
0,15799,0.1070415
0,15800,0.1069524
0,15801,0.1068633
0,15802,0.1067744
0,15803,0.1066856
0,15804,0.1065969
0,15805,0.1065083
0,15806,0.1064198
0,15807,0.1063314
0,15808,0.1062432
0,15809,0.106155
0,15810,0.1060669
0,15811,0.105979
0,15812,0.1058912
0,15813,0.1058034
0,15814,0.1057158
0,15815,0.1056283
0,15816,0.1055409
0,15817,0.1054536
0,15818,0.1053664
0,15819,0.1052793
0,15820,0.1051923
0,15821,0.1051055
0,15822,0.1050187
0,15823,0.104932
0,15824,0.1048455
0,15825,0.104759
0,15826,0.1046727
0,15827,0.1045864
0,15828,0.1045003
0,15829,0.1044143
0,15830,0.1043283
0,15831,0.1042425
0,15832,0.1041568
0,15833,0.1040712
0,15834,0.1039857
0,15835,0.1039003
0,15836,0.103815
0,15837,0.1037298
0,15838,0.1036447
0,15839,0.1035597
0,15840,0.1034748
0,15841,0.103391
0,15842,0.1033937
0,15843,0.1040435
0,15844,0.1064775
0,15845,0.1120457
0,15846,0.1219979
0,15847,0.1373205
0,15848,0.1586677
0,15849,0.1863554
0,15850,0.2203919
0,15851,0.2605349
0,15852,0.3063579
0,15853,0.3573126
0,15854,0.4127851
0,15855,0.4721375
0,15856,0.5347381
0,15857,0.5999834
0,15858,0.667309
0,15859,0.7361981
0,15860,0.8061834
0,15861,0.8768476
0,15862,0.947822
0,15863,1.018784
0,15864,1.089453
0,15865,1.159589
0,15866,1.228987
0,15867,1.297473
0,15868,1.364904
0,15869,1.431162
0,15870,1.49615
0,15871,1.559794
0,15872,1.622035
0,15873,1.682831
0,15874,1.742153
0,15875,1.799983
0,15876,1.856312
0,15877,1.911143
0,15878,1.964484
0,15879,2.016348
0,15880,2.066757
0,15881,2.115731
0,15882,2.163298
0,15883,2.209488
0,15884,2.254332
0,15885,2.297863
0,15886,2.340116
0,15887,2.381126
0,15888,2.42093
0,15889,2.459562
0,15890,2.49706
0,15891,2.53346
0,15892,2.568796
0,15893,2.603104
0,15894,2.636418
0,15895,2.668772
0,15896,2.700199
0,15897,2.730731
0,15898,2.760398
0,15899,2.789231
0,15900,2.817259
0,15901,2.844511
0,15902,2.871013
0,15903,2.896793
0,15904,2.921876
0,15905,2.946286
0,15906,2.970047
0,15907,2.993181
0,15908,3.015709
0,15909,3.037653
0,15910,3.059034
0,15911,3.07987
0,15912,3.10018
0,15913,3.119981
0,15914,3.13929
0,15915,3.158124
0,15916,3.176498
0,15917,3.194427
0,15918,3.211927
0,15919,3.229009
0,15920,3.245689
0,15921,3.261978
0,15922,3.277888
0,15923,3.29343
0,15924,3.308616
0,15925,3.323457
0,15926,3.337963
0,15927,3.352144
0,15928,3.366009
0,15929,3.379568
0,15930,3.39283
0,15931,3.405803
0,15932,3.418495
0,15933,3.430913
0,15934,3.443064
0,15935,3.454957
0,15936,3.466598
0,15937,3.477993
0,15938,3.48915
0,15939,3.500075
0,15940,3.510774
0,15941,3.521253
0,15942,3.531516
0,15943,3.541569
0,15944,3.551417
0,15945,3.561064
0,15946,3.570509
0,15947,3.57973
0,15948,3.588575
0,15949,3.596752
0,15950,3.603925
0,15951,3.609798
0,15952,3.614141
0,15953,3.616791
0,15954,3.617644
0,15955,3.616642
0,15956,3.613772
0,15957,3.609037
0,15958,3.602468
0,15959,3.594104
0,15960,3.583982
0,15961,3.572158
0,15962,3.558678
0,15963,3.543598
0,15964,3.526972
0,15965,3.508854
0,15966,3.489301
0,15967,3.468364
0,15968,3.446099
0,15969,3.422556
0,15970,3.397782
0,15971,3.371829
0,15972,3.344737
0,15973,3.316551
0,15974,3.287313
0,15975,3.25706
0,15976,3.225829
0,15977,3.193655
0,15978,3.160572
0,15979,3.126612
0,15980,3.091808
0,15981,3.056188
0,15982,3.01978
0,15983,2.982613
0,15984,2.944712
0,15985,2.906102
0,15986,2.866807
0,15987,2.826851
0,15988,2.786254
0,15989,2.745037
0,15990,2.703222
0,15991,2.660826
0,15992,2.617868
0,15993,2.574365
0,15994,2.530335
0,15995,2.485795
0,15996,2.440759
0,15997,2.395243
0,15998,2.349262
0,15999,2.302835
0,16000,2.256059
0,16001,2.209211
0,16002,2.162668
0,16003,2.116796
0,16004,2.071888
0,16005,2.028156
0,16006,1.98574
0,16007,1.944721
0,16008,1.905131
0,16009,1.866975
0,16010,1.830231
0,16011,1.794862
0,16012,1.76082
0,16013,1.728051
0,16014,1.696498
0,16015,1.666103
0,16016,1.636807
0,16017,1.608554
0,16018,1.581287
0,16019,1.554955
0,16020,1.529506
0,16021,1.504893
0,16022,1.481072
0,16023,1.458
0,16024,1.435638
0,16025,1.413948
0,16026,1.392896
0,16027,1.372451
0,16028,1.352582
0,16029,1.33326
0,16030,1.314459
0,16031,1.29615
0,16032,1.278308
0,16033,1.260908
0,16034,1.243928
0,16035,1.227349
0,16036,1.211153
0,16037,1.195324
0,16038,1.179847
0,16039,1.164709
0,16040,1.149898
0,16041,1.135401
0,16042,1.121208
0,16043,1.10731
0,16044,1.093696
0,16045,1.080358
0,16046,1.067288
0,16047,1.054478
0,16048,1.041919
0,16049,1.029607
0,16050,1.017532
0,16051,1.00569
0,16052,0.9940742
0,16053,0.9826784
0,16054,0.9714972
0,16055,0.9605252
0,16056,0.949757
0,16057,0.9391879
0,16058,0.9288132
0,16059,0.918628
0,16060,0.9086283
0,16061,0.8988096
0,16062,0.8891679
0,16063,0.8796992
0,16064,0.8703996
0,16065,0.8612654
0,16066,0.852293
0,16067,0.8434789
0,16068,0.8348198
0,16069,0.8263123
0,16070,0.8179532
0,16071,0.8097396
0,16072,0.8016683
0,16073,0.7937364
0,16074,0.7859411
0,16075,0.7782797
0,16076,0.7707493
0,16077,0.7633475
0,16078,0.7560716
0,16079,0.7489192
0,16080,0.7418877
0,16081,0.7349749
0,16082,0.7281784
0,16083,0.721496
0,16084,0.7149255
0,16085,0.7084647
0,16086,0.7021115
0,16087,0.6958639
0,16088,0.6897198
0,16089,0.6836773
0,16090,0.6777346
0,16091,0.6718895
0,16092,0.6661406
0,16093,0.6604857
0,16094,0.6549234
0,16095,0.6494517
0,16096,0.6440691
0,16097,0.6387739
0,16098,0.6335645
0,16099,0.6284392
0,16100,0.6233968
0,16101,0.6184354
0,16102,0.6135537
0,16103,0.6087503
0,16104,0.6040237
0,16105,0.5993725
0,16106,0.5947954
0,16107,0.590291
0,16108,0.5858581
0,16109,0.5814953
0,16110,0.5772014
0,16111,0.5729752
0,16112,0.5688154
0,16113,0.5647208
0,16114,0.5606904
0,16115,0.5567229
0,16116,0.5528173
0,16117,0.5489724
0,16118,0.5451872
0,16119,0.5414606
0,16120,0.5377917
0,16121,0.5341793
0,16122,0.5306224
0,16123,0.5271202
0,16124,0.5236716
0,16125,0.5202757
0,16126,0.5169315
0,16127,0.5136383
0,16128,0.510395
0,16129,0.5072008
0,16130,0.5040548
0,16131,0.5009564
0,16132,0.4979044
0,16133,0.4948983
0,16134,0.4919371
0,16135,0.4890201
0,16136,0.4861465
0,16137,0.4833156
0,16138,0.4805267
0,16139,0.477779
0,16140,0.4750717
0,16141,0.4724043
0,16142,0.469776
0,16143,0.4671861
0,16144,0.464634
0,16145,0.462119
0,16146,0.4596405
0,16147,0.4571978
0,16148,0.4547904
0,16149,0.4524177
0,16150,0.4500789
0,16151,0.4477737
0,16152,0.4455013
0,16153,0.4432612
0,16154,0.4410529
0,16155,0.4388758
0,16156,0.4367294
0,16157,0.4346132
0,16158,0.4325266
0,16159,0.4304691
0,16160,0.4284403
0,16161,0.4264397
0,16162,0.4244667
0,16163,0.422521
0,16164,0.4206019
0,16165,0.4187092
0,16166,0.4168423
0,16167,0.4150008
0,16168,0.4131843
0,16169,0.4113923
0,16170,0.4096245
0,16171,0.4078803
0,16172,0.4061595
0,16173,0.4044617
0,16174,0.4027863
0,16175,0.4011331
0,16176,0.3995017
0,16177,0.3978918
0,16178,0.3963028
0,16179,0.3947346
0,16180,0.3931867
0,16181,0.3916588
0,16182,0.3901506
0,16183,0.3886617
0,16184,0.3871918
0,16185,0.3857407
0,16186,0.3843079
0,16187,0.3828931
0,16188,0.3814962
0,16189,0.3801167
0,16190,0.3787544
0,16191,0.377409
0,16192,0.3760802
0,16193,0.3747677
0,16194,0.3734713
0,16195,0.3721907
0,16196,0.3709256
0,16197,0.3696757
0,16198,0.3684409
0,16199,0.3672208
0,16200,0.3660153
0,16201,0.3648241
0,16202,0.3636468
0,16203,0.3624834
0,16204,0.3613335
0,16205,0.3601971
0,16206,0.3590737
0,16207,0.3579633
0,16208,0.3568655
0,16209,0.3557803
0,16210,0.3547073
0,16211,0.3536465
0,16212,0.3525974
0,16213,0.3515601
0,16214,0.3505343
0,16215,0.3495198
0,16216,0.3485164
0,16217,0.347524
0,16218,0.3465423
0,16219,0.3455712
0,16220,0.3446105
0,16221,0.3436601
0,16222,0.3427197
0,16223,0.3417892
0,16224,0.3408685
0,16225,0.3399574
0,16226,0.3390557
0,16227,0.3381633
0,16228,0.33728
0,16229,0.3364057
0,16230,0.3355402
0,16231,0.3346834
0,16232,0.3338352
0,16233,0.3329954
0,16234,0.3321639
0,16235,0.3313405
0,16236,0.3305252
0,16237,0.3297177
0,16238,0.328918
0,16239,0.3281259
0,16240,0.3273413
0,16241,0.3265642
0,16242,0.3257943
0,16243,0.3250315
0,16244,0.3242759
0,16245,0.3235271
0,16246,0.3227851
0,16247,0.3220499
0,16248,0.3213213
0,16249,0.3205992
0,16250,0.3198835
0,16251,0.3191741
0,16252,0.3184709
0,16253,0.3177738
0,16254,0.3170828
0,16255,0.3163976
0,16256,0.3157183
0,16257,0.3150446
0,16258,0.3143767
0,16259,0.3137143
0,16260,0.3130573
0,16261,0.3124057
0,16262,0.3117595
0,16263,0.3111184
0,16264,0.3104825
0,16265,0.3098517
0,16266,0.3092258
0,16267,0.3086048
0,16268,0.3079887
0,16269,0.3073773
0,16270,0.3067706
0,16271,0.3061685
0,16272,0.305571
0,16273,0.3049779
0,16274,0.3043892
0,16275,0.3038049
0,16276,0.3032248
0,16277,0.3026489
0,16278,0.3020772
0,16279,0.3015096
0,16280,0.300946
0,16281,0.3003863
0,16282,0.2998306
0,16283,0.2992787
0,16284,0.2987306
0,16285,0.2981862
0,16286,0.2976454
0,16287,0.2971084
0,16288,0.2965748
0,16289,0.2960448
0,16290,0.2955183
0,16291,0.2949952
0,16292,0.2944754
0,16293,0.2939589
0,16294,0.2934458
0,16295,0.2929358
0,16296,0.292429
0,16297,0.2919253
0,16298,0.2914248
0,16299,0.2909272
0,16300,0.2904327
0,16301,0.2899411
0,16302,0.2894524
0,16303,0.2889666
0,16304,0.2884836
0,16305,0.2880035
0,16306,0.287526
0,16307,0.2870513
0,16308,0.2865793
0,16309,0.2861098
0,16310,0.285643
0,16311,0.2851788
0,16312,0.2847171
0,16313,0.2842579
0,16314,0.2838011
0,16315,0.2833468
0,16316,0.2828948
0,16317,0.2824453
0,16318,0.281998
0,16319,0.2815531
0,16320,0.2811104
0,16321,0.28067
0,16322,0.2802317
0,16323,0.2797957
0,16324,0.2793618
0,16325,0.27893
0,16326,0.2785003
0,16327,0.2780727
0,16328,0.2776471
0,16329,0.2772235
0,16330,0.2768019
0,16331,0.2763823
0,16332,0.2759646
0,16333,0.2755489
0,16334,0.275135
0,16335,0.274723
0,16336,0.2743128
0,16337,0.2739044
0,16338,0.2734978
0,16339,0.273093
0,16340,0.27269
0,16341,0.2722887
0,16342,0.271889
0,16343,0.2714911
0,16344,0.2710949
0,16345,0.2707002
0,16346,0.2703072
0,16347,0.2699158
0,16348,0.269526
0,16349,0.2691378
0,16350,0.2687511
0,16351,0.2683659
0,16352,0.2679823
0,16353,0.2676001
0,16354,0.2672195
0,16355,0.2668402
0,16356,0.2664625
0,16357,0.2660862
0,16358,0.2657112
0,16359,0.2653377
0,16360,0.2649655
0,16361,0.2645948
0,16362,0.2642253
0,16363,0.2638572
0,16364,0.2634904
0,16365,0.2631249
0,16366,0.2627608
0,16367,0.2623978
0,16368,0.2620362
0,16369,0.2616757
0,16370,0.2613166
0,16371,0.2609586
0,16372,0.2606019
0,16373,0.2602463
0,16374,0.259892
0,16375,0.2595388
0,16376,0.2591868
0,16377,0.2588359
0,16378,0.2584862
0,16379,0.2581376
0,16380,0.2577901
0,16381,0.2574437
0,16382,0.2570984
0,16383,0.2567542
0,16384,0.256411
0,16385,0.2560689
0,16386,0.2557278
0,16387,0.2553878
0,16388,0.2550488
0,16389,0.2547108
0,16390,0.2543738
0,16391,0.2540378
0,16392,0.2537028
0,16393,0.2533688
0,16394,0.2530358
0,16395,0.2527037
0,16396,0.2523726
0,16397,0.2520424
0,16398,0.2517131
0,16399,0.2513848
0,16400,0.2510574
0,16401,0.2507309
0,16402,0.2504053
0,16403,0.2500806
0,16404,0.2497568
0,16405,0.2494338
0,16406,0.2491117
0,16407,0.2487905
0,16408,0.2484702
0,16409,0.2481507
0,16410,0.247832
0,16411,0.2475142
0,16412,0.2471972
0,16413,0.2468811
0,16414,0.2465657
0,16415,0.2462512
0,16416,0.2459375
0,16417,0.2456245
0,16418,0.2453124
0,16419,0.245001
0,16420,0.2446904
0,16421,0.2443806
0,16422,0.2440716
0,16423,0.2437633
0,16424,0.2434558
0,16425,0.243149
0,16426,0.242843
0,16427,0.2425377
0,16428,0.2422331
0,16429,0.2419293
0,16430,0.2416262
0,16431,0.2413238
0,16432,0.2410221
0,16433,0.2407212
0,16434,0.2404209
0,16435,0.2401213
0,16436,0.2398224
0,16437,0.2395243
0,16438,0.2392268
0,16439,0.2389299
0,16440,0.2386338
0,16441,0.2383383
0,16442,0.2380435
0,16443,0.2377494
0,16444,0.2374559
0,16445,0.2371631
0,16446,0.2368709
0,16447,0.2365794
0,16448,0.2362885
0,16449,0.2359982
0,16450,0.2357086
0,16451,0.2354196
0,16452,0.2351312
0,16453,0.2348435
0,16454,0.2345563
0,16455,0.2342698
0,16456,0.2339839
0,16457,0.2336986
0,16458,0.2334138
0,16459,0.2331298
0,16460,0.2328463
0,16461,0.2325634
0,16462,0.2322811
0,16463,0.2319993
0,16464,0.2317182
0,16465,0.2314376
0,16466,0.2311577
0,16467,0.2308783
0,16468,0.2305994
0,16469,0.2303212
0,16470,0.2300434
0,16471,0.2297663
0,16472,0.2294897
0,16473,0.2292137
0,16474,0.2289382
0,16475,0.2286632
0,16476,0.2283888
0,16477,0.2281149
0,16478,0.2278416
0,16479,0.2275688
0,16480,0.2272966
0,16481,0.2270249
0,16482,0.2267538
0,16483,0.2264832
0,16484,0.2262131
0,16485,0.2259435
0,16486,0.2256744
0,16487,0.2254059
0,16488,0.2251378
0,16489,0.2248703
0,16490,0.2246033
0,16491,0.2243368
0,16492,0.2240708
0,16493,0.2238053
0,16494,0.2235404
0,16495,0.2232759
0,16496,0.2230119
0,16497,0.2227484
0,16498,0.2224853
0,16499,0.2222228
0,16500,0.2219608
0,16501,0.2216993
0,16502,0.2214383
0,16503,0.2211777
0,16504,0.2209176
0,16505,0.220658
0,16506,0.2203989
0,16507,0.2201403
0,16508,0.2198821
0,16509,0.2196244
0,16510,0.2193672
0,16511,0.2191104
0,16512,0.2188541
0,16513,0.2185983
0,16514,0.2183429
0,16515,0.218088
0,16516,0.2178336
0,16517,0.2175796
0,16518,0.2173261
0,16519,0.217073
0,16520,0.2168204
0,16521,0.2165682
0,16522,0.2163165
0,16523,0.2160652
0,16524,0.2158144
0,16525,0.2155641
0,16526,0.2153141
0,16527,0.2150646
0,16528,0.2148156
0,16529,0.214567
0,16530,0.2143188
0,16531,0.2140711
0,16532,0.2138238
0,16533,0.2135769
0,16534,0.2133305
0,16535,0.2130845
0,16536,0.2128389
0,16537,0.2125938
0,16538,0.2123491
0,16539,0.2121048
0,16540,0.211861
0,16541,0.2116175
0,16542,0.2113745
0,16543,0.2111319
0,16544,0.2108897
0,16545,0.210648
0,16546,0.2104066
0,16547,0.2101657
0,16548,0.2099252
0,16549,0.2096851
0,16550,0.2094454
0,16551,0.2092061
0,16552,0.2089672
0,16553,0.2087288
0,16554,0.2084907
0,16555,0.2082531
0,16556,0.2080158
0,16557,0.207779
0,16558,0.2075425
0,16559,0.2073065
0,16560,0.2070709
0,16561,0.2068356
0,16562,0.2066008
0,16563,0.2063663
0,16564,0.2061323
0,16565,0.2058987
0,16566,0.2056654
0,16567,0.2054325
0,16568,0.2052001
0,16569,0.204968
0,16570,0.2047363
0,16571,0.204505
0,16572,0.204274
0,16573,0.2040435
0,16574,0.2038133
0,16575,0.2035836
0,16576,0.2033542
0,16577,0.2031252
0,16578,0.2028966
0,16579,0.2026683
0,16580,0.2024404
0,16581,0.2022129
0,16582,0.2019858
0,16583,0.201759
0,16584,0.2015326
0,16585,0.2013066
0,16586,0.201081
0,16587,0.2008557
0,16588,0.2006308
0,16589,0.2004063
0,16590,0.2001822
0,16591,0.1999584
0,16592,0.199735
0,16593,0.199512
0,16594,0.1992893
0,16595,0.199067
0,16596,0.1988451
0,16597,0.1986235
0,16598,0.1984023
0,16599,0.1981814
0,16600,0.1979609
0,16601,0.1977408
0,16602,0.197521
0,16603,0.1973016
0,16604,0.1970825
0,16605,0.1968638
0,16606,0.1966454
0,16607,0.1964274
0,16608,0.1962097
0,16609,0.1959924
0,16610,0.1957755
0,16611,0.1955588
0,16612,0.1953426
0,16613,0.1951266
0,16614,0.194911
0,16615,0.1946958
0,16616,0.1944809
0,16617,0.1942663
0,16618,0.1940521
0,16619,0.1938383
0,16620,0.1936248
0,16621,0.1934116
0,16622,0.1931988
0,16623,0.1929864
0,16624,0.1927742
0,16625,0.1925624
0,16626,0.192351
0,16627,0.1921398
0,16628,0.1919291
0,16629,0.1917186
0,16630,0.1915085
0,16631,0.1912987
0,16632,0.1910893
0,16633,0.1908802
0,16634,0.1906714
0,16635,0.1904629
0,16636,0.1902548
0,16637,0.190047
0,16638,0.1898395
0,16639,0.1896324
0,16640,0.1894256
0,16641,0.1892191
0,16642,0.1890129
0,16643,0.1888071
0,16644,0.1886016
0,16645,0.1883963
0,16646,0.1881915
0,16647,0.1879869
0,16648,0.1877827
0,16649,0.1875788
0,16650,0.1873752
0,16651,0.1871719
0,16652,0.186969
0,16653,0.1867664
0,16654,0.186564
0,16655,0.1863621
0,16656,0.1861604
0,16657,0.185959
0,16658,0.185758
0,16659,0.1855573
0,16660,0.1853569
0,16661,0.1851567
0,16662,0.184957
0,16663,0.1847575
0,16664,0.1845583
0,16665,0.1843595
0,16666,0.1841609
0,16667,0.1839627
0,16668,0.1837648
0,16669,0.1835672
0,16670,0.1833698
0,16671,0.1831729
0,16672,0.1829762
0,16673,0.1827798
0,16674,0.1825837
0,16675,0.1823879
0,16676,0.1821924
0,16677,0.1819972
0,16678,0.1818024
0,16679,0.1816078
0,16680,0.1814135
0,16681,0.1812196
0,16682,0.1810259
0,16683,0.1808325
0,16684,0.1806395
0,16685,0.1804467
0,16686,0.1802542
0,16687,0.1800621
0,16688,0.1798702
0,16689,0.1796786
0,16690,0.1794873
0,16691,0.1792963
0,16692,0.1791056
0,16693,0.1789152
0,16694,0.1787251
0,16695,0.1785353
0,16696,0.1783458
0,16697,0.1781566
0,16698,0.1779676
0,16699,0.177779
0,16700,0.1775906
0,16701,0.1774026
0,16702,0.1772148
0,16703,0.1770273
0,16704,0.1768401
0,16705,0.1766532
0,16706,0.1764666
0,16707,0.1762802
0,16708,0.1760942
0,16709,0.1759084
0,16710,0.1757229
0,16711,0.1755377
0,16712,0.1753528
0,16713,0.1751682
0,16714,0.1749838
0,16715,0.1747998
0,16716,0.174616
0,16717,0.1744325
0,16718,0.1742492
0,16719,0.1740663
0,16720,0.1738836
0,16721,0.1737012
0,16722,0.1735191
0,16723,0.1733373
0,16724,0.1731557
0,16725,0.1729745
0,16726,0.1727934
0,16727,0.1726127
0,16728,0.1724323
0,16729,0.1722521
0,16730,0.1720722
0,16731,0.1718925
0,16732,0.1717132
0,16733,0.1715341
0,16734,0.1713553
0,16735,0.1711767
0,16736,0.1709985
0,16737,0.1708204
0,16738,0.1706427
0,16739,0.1704652
0,16740,0.170288
0,16741,0.1701111
0,16742,0.1699345
0,16743,0.1697581
0,16744,0.1695819
0,16745,0.1694061
0,16746,0.1692305
0,16747,0.1690551
0,16748,0.1688801
0,16749,0.1687053
0,16750,0.1685307
0,16751,0.1683565
0,16752,0.1681824
0,16753,0.1680087
0,16754,0.1678352
0,16755,0.167662
0,16756,0.167489
0,16757,0.1673163
0,16758,0.1671439
0,16759,0.1669717
0,16760,0.1667997
0,16761,0.166628
0,16762,0.1664566
0,16763,0.1662855
0,16764,0.1661146
0,16765,0.1659439
0,16766,0.1657735
0,16767,0.1656034
0,16768,0.1654335
0,16769,0.1652638
0,16770,0.1650945
0,16771,0.1649253
0,16772,0.1647565
0,16773,0.1645878
0,16774,0.1644195
0,16775,0.1642514
0,16776,0.1640835
0,16777,0.1639159
0,16778,0.1637485
0,16779,0.1635814
0,16780,0.1634145
0,16781,0.1632479
0,16782,0.1630815
0,16783,0.1629154
0,16784,0.1627495
0,16785,0.1625839
0,16786,0.1624185
0,16787,0.1622534
0,16788,0.1620885
0,16789,0.1619238
0,16790,0.1617594
0,16791,0.1615952
0,16792,0.1614313
0,16793,0.1612676
0,16794,0.1611042
0,16795,0.160941
0,16796,0.1607781
0,16797,0.1606153
0,16798,0.1604529
0,16799,0.1602906
0,16800,0.1601287
0,16801,0.1599669
0,16802,0.1598054
0,16803,0.1596441
0,16804,0.1594831
0,16805,0.1593223
0,16806,0.1591617
0,16807,0.1590014
0,16808,0.1588413
0,16809,0.1586814
0,16810,0.1585218
0,16811,0.1583624
0,16812,0.1582033
0,16813,0.1580443
0,16814,0.1578857
0,16815,0.1577272
0,16816,0.157569
0,16817,0.157411
0,16818,0.1572533
0,16819,0.1570957
0,16820,0.1569384
0,16821,0.1567814
0,16822,0.1566245
0,16823,0.1564679
0,16824,0.1563116
0,16825,0.1561554
0,16826,0.1559995
0,16827,0.1558438
0,16828,0.1556884
0,16829,0.1555331
0,16830,0.1553781
0,16831,0.1552233
0,16832,0.1550688
0,16833,0.1549145
0,16834,0.1547604
0,16835,0.1546065
0,16836,0.1544528
0,16837,0.1542994
0,16838,0.1541462
0,16839,0.1539932
0,16840,0.1538404
0,16841,0.1536879
0,16842,0.1535356
0,16843,0.1533834
0,16844,0.1532316
0,16845,0.1530799
0,16846,0.1529285
0,16847,0.1527773
0,16848,0.1526263
0,16849,0.1524755
0,16850,0.1523249
0,16851,0.1521746
0,16852,0.1520244
0,16853,0.1518745
0,16854,0.1517249
0,16855,0.1515754
0,16856,0.1514261
0,16857,0.1512771
0,16858,0.1511282
0,16859,0.1509796
0,16860,0.1508313
0,16861,0.1506831
0,16862,0.1505351
0,16863,0.1503873
0,16864,0.1502398
0,16865,0.1500925
0,16866,0.1499454
0,16867,0.1497985
0,16868,0.1496518
0,16869,0.1495053
0,16870,0.149359
0,16871,0.149213
0,16872,0.1490671
0,16873,0.1489215
0,16874,0.148776
0,16875,0.1486308
0,16876,0.1484858
0,16877,0.148341
0,16878,0.1481964
0,16879,0.148052
0,16880,0.1479079
0,16881,0.1477639
0,16882,0.1476201
0,16883,0.1474766
0,16884,0.1473332
0,16885,0.14719
0,16886,0.1470471
0,16887,0.1469043
0,16888,0.1467618
0,16889,0.1466195
0,16890,0.1464773
0,16891,0.1463354
0,16892,0.1461937
0,16893,0.1460521
0,16894,0.1459108
0,16895,0.1457697
0,16896,0.1456288
0,16897,0.145488
0,16898,0.1453475
0,16899,0.1452072
0,16900,0.1450671
0,16901,0.1449271
0,16902,0.1447874
0,16903,0.1446479
0,16904,0.1445086
0,16905,0.1443694
0,16906,0.1442305
0,16907,0.1440918
0,16908,0.1439532
0,16909,0.1438149
0,16910,0.1436767
0,16911,0.1435388
0,16912,0.143401
0,16913,0.1432635
0,16914,0.1431261
0,16915,0.142989
0,16916,0.142852
0,16917,0.1427152
0,16918,0.1425786
0,16919,0.1424422
0,16920,0.142306
0,16921,0.14217
0,16922,0.1420342
0,16923,0.1418986
0,16924,0.1417632
0,16925,0.1416279
0,16926,0.1414929
0,16927,0.141358
0,16928,0.1412233
0,16929,0.1410889
0,16930,0.1409546
0,16931,0.1408204
0,16932,0.1406865
0,16933,0.1405528
0,16934,0.1404193
0,16935,0.1402859
0,16936,0.1401527
0,16937,0.1400198
0,16938,0.139887
0,16939,0.1397544
0,16940,0.1396219
0,16941,0.1394897
0,16942,0.1393576
0,16943,0.1392258
0,16944,0.1390941
0,16945,0.1389626
0,16946,0.1388313
0,16947,0.1387001
0,16948,0.1385692
0,16949,0.1384384
0,16950,0.1383079
0,16951,0.1381775
0,16952,0.1380472
0,16953,0.1379172
0,16954,0.1377873
0,16955,0.1376577
0,16956,0.1375282
0,16957,0.1373989
0,16958,0.1372697
0,16959,0.1371408
0,16960,0.137012
0,16961,0.1368834
0,16962,0.136755
0,16963,0.1366268
0,16964,0.1364987
0,16965,0.1363708
0,16966,0.1362431
0,16967,0.1361156
0,16968,0.1359882
0,16969,0.1358611
0,16970,0.1357341
0,16971,0.1356072
0,16972,0.1354806
0,16973,0.1353541
0,16974,0.1352278
0,16975,0.1351017
0,16976,0.1349757
0,16977,0.13485
0,16978,0.1347244
0,16979,0.1345989
0,16980,0.1344737
0,16981,0.1343486
0,16982,0.1342237
0,16983,0.1340989
0,16984,0.1339744
0,16985,0.13385
0,16986,0.1337258
0,16987,0.1336017
0,16988,0.1334778
0,16989,0.1333541
0,16990,0.1332306
0,16991,0.1331072
0,16992,0.132984
0,16993,0.132861
0,16994,0.1327381
0,16995,0.1326154
0,16996,0.1324929
0,16997,0.1323705
0,16998,0.1322483
0,16999,0.1321263
0,17000,0.1320044
0,17001,0.1318827
0,17002,0.1317612
0,17003,0.1316398
0,17004,0.1315186
0,17005,0.1313976
0,17006,0.1312767
0,17007,0.131156
0,17008,0.1310355
0,17009,0.1309151
0,17010,0.1307949
0,17011,0.1306749
0,17012,0.130555
0,17013,0.1304353
0,17014,0.1303157
0,17015,0.1301963
0,17016,0.1300771
0,17017,0.129958
0,17018,0.1298391
0,17019,0.1297204
0,17020,0.1296018
0,17021,0.1294834
0,17022,0.1293651
0,17023,0.129247
0,17024,0.1291291
0,17025,0.1290113
0,17026,0.1288937
0,17027,0.1287762
0,17028,0.1286589
0,17029,0.1285417
0,17030,0.1284247
0,17031,0.1283079
0,17032,0.1281912
0,17033,0.1280747
0,17034,0.1279584
0,17035,0.1278422
0,17036,0.1277261
0,17037,0.1276102
0,17038,0.1274945
0,17039,0.1273789
0,17040,0.1272635
0,17041,0.1271482
0,17042,0.1270331
0,17043,0.1269182
0,17044,0.1268034
0,17045,0.1266887
0,17046,0.1265742
0,17047,0.1264599
0,17048,0.1263457
0,17049,0.1262317
0,17050,0.1261178
0,17051,0.126004
0,17052,0.1258905
0,17053,0.1257771
0,17054,0.1256638
0,17055,0.1255506
0,17056,0.1254377
0,17057,0.1253249
0,17058,0.1252122
0,17059,0.1250997
0,17060,0.1249873
0,17061,0.1248751
0,17062,0.124763
0,17063,0.1246511
0,17064,0.1245393
0,17065,0.1244277
0,17066,0.1243162
0,17067,0.1242049
0,17068,0.1240937
0,17069,0.1239827
0,17070,0.1238718
0,17071,0.1237611
0,17072,0.1236505
0,17073,0.1235401
0,17074,0.1234298
0,17075,0.1233196
0,17076,0.1232096
0,17077,0.1230998
0,17078,0.1229901
0,17079,0.1228805
0,17080,0.1227711
0,17081,0.1226618
0,17082,0.1225527
0,17083,0.1224437
0,17084,0.1223349
0,17085,0.1222262
0,17086,0.1221176
0,17087,0.1220092
0,17088,0.1219009
0,17089,0.1217928
0,17090,0.1216848
0,17091,0.121577
0,17092,0.1214693
0,17093,0.1213617
0,17094,0.1212543
0,17095,0.121147
0,17096,0.1210399
0,17097,0.1209329
0,17098,0.1208261
0,17099,0.1207193
0,17100,0.1206128
0,17101,0.1205063
0,17102,0.1204
0,17103,0.1202939
0,17104,0.1201879
0,17105,0.120082
0,17106,0.1199763
0,17107,0.1198707
0,17108,0.1197652
0,17109,0.1196599
0,17110,0.1195547
0,17111,0.1194497
0,17112,0.1193448
0,17113,0.11924
0,17114,0.1191353
0,17115,0.1190308
0,17116,0.1189265
0,17117,0.1188223
0,17118,0.1187182
0,17119,0.1186142
0,17120,0.1185104
0,17121,0.1184067
0,17122,0.1183032
0,17123,0.1181997
0,17124,0.1180965
0,17125,0.1179933
0,17126,0.1178903
0,17127,0.1177874
0,17128,0.1176847
0,17129,0.1175821
0,17130,0.1174796
0,17131,0.1173773
0,17132,0.117275
0,17133,0.117173
0,17134,0.117071
0,17135,0.1169692
0,17136,0.1168675
0,17137,0.116766
0,17138,0.1166645
0,17139,0.1165632
0,17140,0.1164621
0,17141,0.1163611
0,17142,0.1162602
0,17143,0.1161594
0,17144,0.1160587
0,17145,0.1159582
0,17146,0.1158579
0,17147,0.1157576
0,17148,0.1156575
0,17149,0.1155575
0,17150,0.1154576
0,17151,0.1153579
0,17152,0.1152583
0,17153,0.1151588
0,17154,0.1150594
0,17155,0.1149602
0,17156,0.1148611
0,17157,0.1147621
0,17158,0.1146633
0,17159,0.1145646
0,17160,0.114466
0,17161,0.1143675
0,17162,0.1142691
0,17163,0.1141709
0,17164,0.1140728
0,17165,0.1139749
0,17166,0.113877
0,17167,0.1137793
0,17168,0.1136817
0,17169,0.1135843
0,17170,0.1134869
0,17171,0.1133897
0,17172,0.1132926
0,17173,0.1131956
0,17174,0.1130988
0,17175,0.1130021
0,17176,0.1129055
0,17177,0.112809
0,17178,0.1127126
0,17179,0.1126164
0,17180,0.1125203
0,17181,0.1124243
0,17182,0.1123284
0,17183,0.1122327
0,17184,0.112137
0,17185,0.1120415
0,17186,0.1119462
0,17187,0.1118509
0,17188,0.1117558
0,17189,0.1116607
0,17190,0.1115658
0,17191,0.1114711
0,17192,0.1113764
0,17193,0.1112819
0,17194,0.1111874
0,17195,0.1110931
0,17196,0.110999
0,17197,0.1109049
0,17198,0.1108109
0,17199,0.1107171
0,17200,0.1106234
0,17201,0.1105298
0,17202,0.1104363
0,17203,0.110343
0,17204,0.1102497
0,17205,0.1101566
0,17206,0.1100636
0,17207,0.1099707
0,17208,0.1098779
0,17209,0.1097853
0,17210,0.1096927
0,17211,0.1096003
0,17212,0.109508
0,17213,0.1094158
0,17214,0.1093237
0,17215,0.1092317
0,17216,0.1091399
0,17217,0.1090481
0,17218,0.1089565
0,17219,0.108865
0,17220,0.1087736
0,17221,0.1086823
0,17222,0.1085912
0,17223,0.1085001
0,17224,0.1084092
0,17225,0.1083183
0,17226,0.1082276
0,17227,0.108137
0,17228,0.1080465
0,17229,0.1079562
0,17230,0.1078659
0,17231,0.1077757
0,17232,0.1076857
0,17233,0.1075958
0,17234,0.107506
0,17235,0.1074162
0,17236,0.1073267
0,17237,0.1072372
0,17238,0.1071478
0,17239,0.1070585
0,17240,0.1069694
0,17241,0.1068803
0,17242,0.1067914
0,17243,0.1067026
0,17244,0.1066139
0,17245,0.1065253
0,17246,0.1064368
0,17247,0.1063484
0,17248,0.1062601
0,17249,0.1061719
0,17250,0.1060839
0,17251,0.1059959
0,17252,0.1059081
0,17253,0.1058204
0,17254,0.1057327
0,17255,0.1056452
0,17256,0.1055578
0,17257,0.1054705
0,17258,0.1053833
0,17259,0.1052962
0,17260,0.1052092
0,17261,0.1051223
0,17262,0.1050356
0,17263,0.1049489
0,17264,0.1048623
0,17265,0.1047759
0,17266,0.1046895
0,17267,0.1046033
0,17268,0.1045172
0,17269,0.1044311
0,17270,0.1043452
0,17271,0.1042594
0,17272,0.1041736
0,17273,0.104088
0,17274,0.1040025
0,17275,0.1039171
0,17276,0.1038318
0,17277,0.1037466
0,17278,0.1036615
0,17279,0.1035765
0,17280,0.1034916
0,17281,0.1034078
0,17282,0.1034105
0,17283,0.1040602
0,17284,0.1064943
0,17285,0.1120625
0,17286,0.1220147
0,17287,0.1373373
0,17288,0.1586844
0,17289,0.1863721
0,17290,0.2204086
0,17291,0.2605517
0,17292,0.3063746
0,17293,0.3573293
0,17294,0.4128019
0,17295,0.4721542
0,17296,0.5347549
0,17297,0.6000001
0,17298,0.6673257
0,17299,0.7362148
0,17300,0.8062001
0,17301,0.8768643
0,17302,0.9478387
0,17303,1.0188
0,17304,1.08947
0,17305,1.159606
0,17306,1.229003
0,17307,1.29749
0,17308,1.364921
0,17309,1.431178
0,17310,1.496167
0,17311,1.55981
0,17312,1.622052
0,17313,1.682848
0,17314,1.74217
0,17315,1.8
0,17316,1.856329
0,17317,1.91116
0,17318,1.9645
0,17319,2.016365
0,17320,2.066773
0,17321,2.115747
0,17322,2.163315
0,17323,2.209505
0,17324,2.254348
0,17325,2.297879
0,17326,2.340132
0,17327,2.381143
0,17328,2.420946
0,17329,2.459579
0,17330,2.497077
0,17331,2.533476
0,17332,2.568813
0,17333,2.603121
0,17334,2.636435
0,17335,2.668789
0,17336,2.700216
0,17337,2.730747
0,17338,2.760414
0,17339,2.789248
0,17340,2.817276
0,17341,2.844527
0,17342,2.87103
0,17343,2.89681
0,17344,2.921892
0,17345,2.946302
0,17346,2.970063
0,17347,2.993197
0,17348,3.015726
0,17349,3.03767
0,17350,3.059051
0,17351,3.079887
0,17352,3.100197
0,17353,3.119998
0,17354,3.139307
0,17355,3.15814
0,17356,3.176514
0,17357,3.194444
0,17358,3.211943
0,17359,3.229026
0,17360,3.245705
0,17361,3.261994
0,17362,3.277904
0,17363,3.293447
0,17364,3.308633
0,17365,3.323473
0,17366,3.337979
0,17367,3.35216
0,17368,3.366025
0,17369,3.379585
0,17370,3.392847
0,17371,3.40582
0,17372,3.418511
0,17373,3.430929
0,17374,3.443081
0,17375,3.454973
0,17376,3.466614
0,17377,3.47801
0,17378,3.489167
0,17379,3.500092
0,17380,3.51079
0,17381,3.521269
0,17382,3.531533
0,17383,3.541586
0,17384,3.551434
0,17385,3.56108
0,17386,3.570526
0,17387,3.579746
0,17388,3.588591
0,17389,3.596768
0,17390,3.603942
0,17391,3.609814
0,17392,3.614157
0,17393,3.616807
0,17394,3.617661
0,17395,3.616658
0,17396,3.613789
0,17397,3.609053
0,17398,3.602484
0,17399,3.59412
0,17400,3.583998
0,17401,3.572174
0,17402,3.558695
0,17403,3.543615
0,17404,3.526988
0,17405,3.508871
0,17406,3.489318
0,17407,3.46838
0,17408,3.446115
0,17409,3.422572
0,17410,3.397798
0,17411,3.371845
0,17412,3.344754
0,17413,3.316568
0,17414,3.28733
0,17415,3.257076
0,17416,3.225845
0,17417,3.193671
0,17418,3.160588
0,17419,3.126628
0,17420,3.091824
0,17421,3.056204
0,17422,3.019796
0,17423,2.982629
0,17424,2.944728
0,17425,2.906118
0,17426,2.866823
0,17427,2.826867
0,17428,2.78627
0,17429,2.745053
0,17430,2.703238
0,17431,2.660842
0,17432,2.617884
0,17433,2.574381
0,17434,2.530352
0,17435,2.485811
0,17436,2.440775
0,17437,2.395259
0,17438,2.349278
0,17439,2.30285
0,17440,2.256075
0,17441,2.209227
0,17442,2.162684
0,17443,2.116812
0,17444,2.071904
0,17445,2.028172
0,17446,1.985756
0,17447,1.944736
0,17448,1.905147
0,17449,1.866991
0,17450,1.830247
0,17451,1.794878
0,17452,1.760836
0,17453,1.728067
0,17454,1.696514
0,17455,1.666119
0,17456,1.636823
0,17457,1.60857
0,17458,1.581303
0,17459,1.554971
0,17460,1.529522
0,17461,1.504909
0,17462,1.481088
0,17463,1.458016
0,17464,1.435654
0,17465,1.413964
0,17466,1.392912
0,17467,1.372467
0,17468,1.352598
0,17469,1.333276
0,17470,1.314475
0,17471,1.296166
0,17472,1.278324
0,17473,1.260924
0,17474,1.243944
0,17475,1.227365
0,17476,1.211169
0,17477,1.19534
0,17478,1.179863
0,17479,1.164725
0,17480,1.149914
0,17481,1.135417
0,17482,1.121224
0,17483,1.107326
0,17484,1.093712
0,17485,1.080374
0,17486,1.067304
0,17487,1.054494
0,17488,1.041935
0,17489,1.029622
0,17490,1.017548
0,17491,1.005706
0,17492,0.99409
0,17493,0.9826942
0,17494,0.971513
0,17495,0.9605409
0,17496,0.9497728
0,17497,0.9392037
0,17498,0.9288289
0,17499,0.9186438
0,17500,0.908644
0,17501,0.8988253
0,17502,0.8891836
0,17503,0.8797149
0,17504,0.8704153
0,17505,0.8612811
0,17506,0.8523088
0,17507,0.8434947
0,17508,0.8348355
0,17509,0.826328
0,17510,0.817969
0,17511,0.8097553
0,17512,0.801684
0,17513,0.7937521
0,17514,0.7859568
0,17515,0.7782953
0,17516,0.770765
0,17517,0.7633632
0,17518,0.7560872
0,17519,0.7489348
0,17520,0.7419034
0,17521,0.7349906
0,17522,0.7281941
0,17523,0.7215117
0,17524,0.7149411
0,17525,0.7084804
0,17526,0.7021272
0,17527,0.6958795
0,17528,0.6897354
0,17529,0.6836929
0,17530,0.6777502
0,17531,0.6719052
0,17532,0.6661562
0,17533,0.6605013
0,17534,0.6549389
0,17535,0.6494673
0,17536,0.6440847
0,17537,0.6387895
0,17538,0.63358
0,17539,0.6284548
0,17540,0.6234123
0,17541,0.6184509
0,17542,0.6135693
0,17543,0.6087658
0,17544,0.6040392
0,17545,0.599388
0,17546,0.5948109
0,17547,0.5903066
0,17548,0.5858736
0,17549,0.5815108
0,17550,0.5772169
0,17551,0.5729907
0,17552,0.5688308
0,17553,0.5647363
0,17554,0.5607059
0,17555,0.5567384
0,17556,0.5528328
0,17557,0.5489879
0,17558,0.5452027
0,17559,0.5414761
0,17560,0.5378071
0,17561,0.5341947
0,17562,0.5306379
0,17563,0.5271356
0,17564,0.523687
0,17565,0.5202911
0,17566,0.516947
0,17567,0.5136537
0,17568,0.5104104
0,17569,0.5072162
0,17570,0.5040703
0,17571,0.5009717
0,17572,0.4979198
0,17573,0.4949137
0,17574,0.4919525
0,17575,0.4890355
0,17576,0.4861619
0,17577,0.483331
0,17578,0.4805421
0,17579,0.4777943
0,17580,0.4750871
0,17581,0.4724197
0,17582,0.4697914
0,17583,0.4672015
0,17584,0.4646493
0,17585,0.4621344
0,17586,0.4596559
0,17587,0.4572132
0,17588,0.4548058
0,17589,0.452433
0,17590,0.4500943
0,17591,0.447789
0,17592,0.4455166
0,17593,0.4432765
0,17594,0.4410682
0,17595,0.4388911
0,17596,0.4367447
0,17597,0.4346285
0,17598,0.4325419
0,17599,0.4304844
0,17600,0.4284556
0,17601,0.426455
0,17602,0.424482
0,17603,0.4225362
0,17604,0.4206172
0,17605,0.4187244
0,17606,0.4168576
0,17607,0.4150161
0,17608,0.4131995
0,17609,0.4114076
0,17610,0.4096397
0,17611,0.4078956
0,17612,0.4061748
0,17613,0.4044769
0,17614,0.4028015
0,17615,0.4011483
0,17616,0.3995169
0,17617,0.397907
0,17618,0.396318
0,17619,0.3947498
0,17620,0.3932019
0,17621,0.391674
0,17622,0.3901658
0,17623,0.3886769
0,17624,0.387207
0,17625,0.3857558
0,17626,0.384323
0,17627,0.3829083
0,17628,0.3815114
0,17629,0.3801319
0,17630,0.3787696
0,17631,0.3774242
0,17632,0.3760953
0,17633,0.3747829
0,17634,0.3734864
0,17635,0.3722058
0,17636,0.3709407
0,17637,0.3696909
0,17638,0.368456
0,17639,0.367236
0,17640,0.3660304
0,17641,0.3648392
0,17642,0.3636619
0,17643,0.3624985
0,17644,0.3613487
0,17645,0.3602122
0,17646,0.3590888
0,17647,0.3579784
0,17648,0.3568806
0,17649,0.3557954
0,17650,0.3547224
0,17651,0.3536615
0,17652,0.3526125
0,17653,0.3515752
0,17654,0.3505494
0,17655,0.3495349
0,17656,0.3485315
0,17657,0.347539
0,17658,0.3465573
0,17659,0.3455862
0,17660,0.3446256
0,17661,0.3436751
0,17662,0.3427347
0,17663,0.3418042
0,17664,0.3408835
0,17665,0.3399724
0,17666,0.3390707
0,17667,0.3381783
0,17668,0.337295
0,17669,0.3364207
0,17670,0.3355552
0,17671,0.3346984
0,17672,0.3338502
0,17673,0.3330104
0,17674,0.3321789
0,17675,0.3313555
0,17676,0.3305401
0,17677,0.3297327
0,17678,0.3289329
0,17679,0.3281409
0,17680,0.3273563
0,17681,0.3265791
0,17682,0.3258092
0,17683,0.3250464
0,17684,0.3242908
0,17685,0.323542
0,17686,0.3228001
0,17687,0.3220648
0,17688,0.3213362
0,17689,0.3206141
0,17690,0.3198984
0,17691,0.319189
0,17692,0.3184858
0,17693,0.3177887
0,17694,0.3170976
0,17695,0.3164125
0,17696,0.3157331
0,17697,0.3150595
0,17698,0.3143915
0,17699,0.3137291
0,17700,0.3130722
0,17701,0.3124206
0,17702,0.3117743
0,17703,0.3111333
0,17704,0.3104974
0,17705,0.3098665
0,17706,0.3092406
0,17707,0.3086196
0,17708,0.3080035
0,17709,0.3073921
0,17710,0.3067854
0,17711,0.3061833
0,17712,0.3055858
0,17713,0.3049927
0,17714,0.304404
0,17715,0.3038197
0,17716,0.3032396
0,17717,0.3026637
0,17718,0.302092
0,17719,0.3015244
0,17720,0.3009607
0,17721,0.3004011
0,17722,0.2998453
0,17723,0.2992934
0,17724,0.2987453
0,17725,0.2982009
0,17726,0.2976602
0,17727,0.2971231
0,17728,0.2965896
0,17729,0.2960595
0,17730,0.295533
0,17731,0.2950099
0,17732,0.2944901
0,17733,0.2939737
0,17734,0.2934605
0,17735,0.2929505
0,17736,0.2924437
0,17737,0.2919401
0,17738,0.2914395
0,17739,0.2909419
0,17740,0.2904474
0,17741,0.2899558
0,17742,0.2894671
0,17743,0.2889813
0,17744,0.2884983
0,17745,0.2880181
0,17746,0.2875407
0,17747,0.287066
0,17748,0.2865939
0,17749,0.2861245
0,17750,0.2856577
0,17751,0.2851934
0,17752,0.2847317
0,17753,0.2842725
0,17754,0.2838157
0,17755,0.2833614
0,17756,0.2829095
0,17757,0.2824599
0,17758,0.2820126
0,17759,0.2815677
0,17760,0.281125
0,17761,0.2806846
0,17762,0.2802463
0,17763,0.2798103
0,17764,0.2793764
0,17765,0.2789446
0,17766,0.2785149
0,17767,0.2780873
0,17768,0.2776617
0,17769,0.2772381
0,17770,0.2768165
0,17771,0.2763969
0,17772,0.2759792
0,17773,0.2755634
0,17774,0.2751495
0,17775,0.2747375
0,17776,0.2743273
0,17777,0.273919
0,17778,0.2735124
0,17779,0.2731076
0,17780,0.2727045
0,17781,0.2723032
0,17782,0.2719035
0,17783,0.2715056
0,17784,0.2711093
0,17785,0.2707147
0,17786,0.2703217
0,17787,0.2699303
0,17788,0.2695405
0,17789,0.2691523
0,17790,0.2687656
0,17791,0.2683804
0,17792,0.2679968
0,17793,0.2676146
0,17794,0.2672339
0,17795,0.2668547
0,17796,0.266477
0,17797,0.2661006
0,17798,0.2657257
0,17799,0.2653522
0,17800,0.26498
0,17801,0.2646092
0,17802,0.2642398
0,17803,0.2638716
0,17804,0.2635049
0,17805,0.2631394
0,17806,0.2627752
0,17807,0.2624123
0,17808,0.2620506
0,17809,0.2616902
0,17810,0.261331
0,17811,0.260973
0,17812,0.2606163
0,17813,0.2602607
0,17814,0.2599064
0,17815,0.2595532
0,17816,0.2592012
0,17817,0.2588503
0,17818,0.2585006
0,17819,0.258152
0,17820,0.2578045
0,17821,0.2574581
0,17822,0.2571127
0,17823,0.2567685
0,17824,0.2564254
0,17825,0.2560832
0,17826,0.2557422
0,17827,0.2554021
0,17828,0.2550631
0,17829,0.2547251
0,17830,0.2543881
0,17831,0.2540522
0,17832,0.2537172
0,17833,0.2533831
0,17834,0.2530501
0,17835,0.252718
0,17836,0.2523869
0,17837,0.2520567
0,17838,0.2517274
0,17839,0.2513991
0,17840,0.2510717
0,17841,0.2507451
0,17842,0.2504196
0,17843,0.2500949
0,17844,0.249771
0,17845,0.2494481
0,17846,0.249126
0,17847,0.2488048
0,17848,0.2484844
0,17849,0.248165
0,17850,0.2478463
0,17851,0.2475285
0,17852,0.2472115
0,17853,0.2468953
0,17854,0.24658
0,17855,0.2462654
0,17856,0.2459517
0,17857,0.2456387
0,17858,0.2453266
0,17859,0.2450152
0,17860,0.2447046
0,17861,0.2443948
0,17862,0.2440858
0,17863,0.2437775
0,17864,0.24347
0,17865,0.2431632
0,17866,0.2428571
0,17867,0.2425518
0,17868,0.2422473
0,17869,0.2419435
0,17870,0.2416403
0,17871,0.241338
0,17872,0.2410363
0,17873,0.2407353
0,17874,0.240435
0,17875,0.2401355
0,17876,0.2398366
0,17877,0.2395384
0,17878,0.2392409
0,17879,0.2389441
0,17880,0.2386479
0,17881,0.2383524
0,17882,0.2380576
0,17883,0.2377635
0,17884,0.23747
0,17885,0.2371772
0,17886,0.236885
0,17887,0.2365935
0,17888,0.2363026
0,17889,0.2360123
0,17890,0.2357227
0,17891,0.2354337
0,17892,0.2351453
0,17893,0.2348575
0,17894,0.2345704
0,17895,0.2342839
0,17896,0.233998
0,17897,0.2337126
0,17898,0.2334279
0,17899,0.2331438
0,17900,0.2328603
0,17901,0.2325774
0,17902,0.2322951
0,17903,0.2320134
0,17904,0.2317322
0,17905,0.2314517
0,17906,0.2311717
0,17907,0.2308923
0,17908,0.2306134
0,17909,0.2303352
0,17910,0.2300574
0,17911,0.2297803
0,17912,0.2295037
0,17913,0.2292276
0,17914,0.2289522
0,17915,0.2286772
0,17916,0.2284028
0,17917,0.2281289
0,17918,0.2278556
0,17919,0.2275828
0,17920,0.2273106
0,17921,0.2270389
0,17922,0.2267677
0,17923,0.2264971
0,17924,0.226227
0,17925,0.2259574
0,17926,0.2256884
0,17927,0.2254198
0,17928,0.2251518
0,17929,0.2248843
0,17930,0.2246173
0,17931,0.2243508
0,17932,0.2240848
0,17933,0.2238193
0,17934,0.2235543
0,17935,0.2232898
0,17936,0.2230258
0,17937,0.2227623
0,17938,0.2224993
0,17939,0.2222367
0,17940,0.2219747
0,17941,0.2217132
0,17942,0.2214521
0,17943,0.2211916
0,17944,0.2209315
0,17945,0.2206719
0,17946,0.2204128
0,17947,0.2201541
0,17948,0.219896
0,17949,0.2196383
0,17950,0.219381
0,17951,0.2191243
0,17952,0.218868
0,17953,0.2186121
0,17954,0.2183568
0,17955,0.2181019
0,17956,0.2178474
0,17957,0.2175934
0,17958,0.2173399
0,17959,0.2170868
0,17960,0.2168342
0,17961,0.216582
0,17962,0.2163303
0,17963,0.2160791
0,17964,0.2158282
0,17965,0.2155779
0,17966,0.2153279
0,17967,0.2150784
0,17968,0.2148294
0,17969,0.2145808
0,17970,0.2143326
0,17971,0.2140849
0,17972,0.2138376
0,17973,0.2135907
0,17974,0.2133443
0,17975,0.2130983
0,17976,0.2128527
0,17977,0.2126076
0,17978,0.2123629
0,17979,0.2121186
0,17980,0.2118747
0,17981,0.2116313
0,17982,0.2113882
0,17983,0.2111456
0,17984,0.2109035
0,17985,0.2106617
0,17986,0.2104204
0,17987,0.2101794
0,17988,0.2099389
0,17989,0.2096988
0,17990,0.2094591
0,17991,0.2092198
0,17992,0.2089809
0,17993,0.2087425
0,17994,0.2085044
0,17995,0.2082668
0,17996,0.2080295
0,17997,0.2077927
0,17998,0.2075562
0,17999,0.2073202
0,18000,0.2070845
0,18001,0.2068493
0,18002,0.2066145
0,18003,0.20638
0,18004,0.206146
0,18005,0.2059123
0,18006,0.205679
0,18007,0.2054462
0,18008,0.2052137
0,18009,0.2049816
0,18010,0.2047499
0,18011,0.2045186
0,18012,0.2042877
0,18013,0.2040571
0,18014,0.203827
0,18015,0.2035972
0,18016,0.2033678
0,18017,0.2031388
0,18018,0.2029101
0,18019,0.2026819
0,18020,0.202454
0,18021,0.2022265
0,18022,0.2019994
0,18023,0.2017726
0,18024,0.2015462
0,18025,0.2013202
0,18026,0.2010946
0,18027,0.2008693
0,18028,0.2006444
0,18029,0.2004199
0,18030,0.2001957
0,18031,0.199972
0,18032,0.1997486
0,18033,0.1995255
0,18034,0.1993029
0,18035,0.1990806
0,18036,0.1988586
0,18037,0.198637
0,18038,0.1984158
0,18039,0.198195
0,18040,0.1979745
0,18041,0.1977543
0,18042,0.1975345
0,18043,0.1973151
0,18044,0.197096
0,18045,0.1968773
0,18046,0.1966589
0,18047,0.1964409
0,18048,0.1962232
0,18049,0.1960059
0,18050,0.1957889
0,18051,0.1955723
0,18052,0.1953561
0,18053,0.1951401
0,18054,0.1949245
0,18055,0.1947093
0,18056,0.1944944
0,18057,0.1942798
0,18058,0.1940656
0,18059,0.1938517
0,18060,0.1936383
0,18061,0.1934251
0,18062,0.1932123
0,18063,0.1929998
0,18064,0.1927877
0,18065,0.1925759
0,18066,0.1923644
0,18067,0.1921533
0,18068,0.1919425
0,18069,0.191732
0,18070,0.1915219
0,18071,0.1913121
0,18072,0.1911027
0,18073,0.1908936
0,18074,0.1906848
0,18075,0.1904763
0,18076,0.1902682
0,18077,0.1900604
0,18078,0.1898529
0,18079,0.1896458
0,18080,0.189439
0,18081,0.1892325
0,18082,0.1890263
0,18083,0.1888204
0,18084,0.1886149
0,18085,0.1884097
0,18086,0.1882048
0,18087,0.1880003
0,18088,0.187796
0,18089,0.1875921
0,18090,0.1873885
0,18091,0.1871853
0,18092,0.1869823
0,18093,0.1867797
0,18094,0.1865774
0,18095,0.1863754
0,18096,0.1861737
0,18097,0.1859723
0,18098,0.1857713
0,18099,0.1855706
0,18100,0.1853702
0,18101,0.1851701
0,18102,0.1849703
0,18103,0.1847708
0,18104,0.1845716
0,18105,0.1843728
0,18106,0.1841742
0,18107,0.183976
0,18108,0.1837781
0,18109,0.1835804
0,18110,0.1833831
0,18111,0.1831861
0,18112,0.1829894
0,18113,0.182793
0,18114,0.1825969
0,18115,0.1824012
0,18116,0.1822057
0,18117,0.1820105
0,18118,0.1818156
0,18119,0.181621
0,18120,0.1814268
0,18121,0.1812328
0,18122,0.1810391
0,18123,0.1808458
0,18124,0.1806527
0,18125,0.1804599
0,18126,0.1802675
0,18127,0.1800753
0,18128,0.1798834
0,18129,0.1796918
0,18130,0.1795005
0,18131,0.1793095
0,18132,0.1791188
0,18133,0.1789284
0,18134,0.1787383
0,18135,0.1785485
0,18136,0.178359
0,18137,0.1781698
0,18138,0.1779808
0,18139,0.1777922
0,18140,0.1776038
0,18141,0.1774157
0,18142,0.177228
0,18143,0.1770405
0,18144,0.1768533
0,18145,0.1766663
0,18146,0.1764797
0,18147,0.1762934
0,18148,0.1761073
0,18149,0.1759215
0,18150,0.1757361
0,18151,0.1755509
0,18152,0.1753659
0,18153,0.1751813
0,18154,0.1749969
0,18155,0.1748129
0,18156,0.1746291
0,18157,0.1744456
0,18158,0.1742623
0,18159,0.1740794
0,18160,0.1738967
0,18161,0.1737143
0,18162,0.1735322
0,18163,0.1733504
0,18164,0.1731688
0,18165,0.1729875
0,18166,0.1728065
0,18167,0.1726258
0,18168,0.1724453
0,18169,0.1722651
0,18170,0.1720852
0,18171,0.1719056
0,18172,0.1717262
0,18173,0.1715471
0,18174,0.1713683
0,18175,0.1711898
0,18176,0.1710115
0,18177,0.1708335
0,18178,0.1706557
0,18179,0.1704783
0,18180,0.1703011
0,18181,0.1701241
0,18182,0.1699475
0,18183,0.1697711
0,18184,0.1695949
0,18185,0.1694191
0,18186,0.1692435
0,18187,0.1690682
0,18188,0.1688931
0,18189,0.1687183
0,18190,0.1685437
0,18191,0.1683695
0,18192,0.1681954
0,18193,0.1680217
0,18194,0.1678482
0,18195,0.167675
0,18196,0.167502
0,18197,0.1673293
0,18198,0.1671568
0,18199,0.1669846
0,18200,0.1668127
0,18201,0.166641
0,18202,0.1664696
0,18203,0.1662984
0,18204,0.1661275
0,18205,0.1659569
0,18206,0.1657865
0,18207,0.1656163
0,18208,0.1654464
0,18209,0.1652768
0,18210,0.1651074
0,18211,0.1649383
0,18212,0.1647694
0,18213,0.1646008
0,18214,0.1644324
0,18215,0.1642643
0,18216,0.1640964
0,18217,0.1639288
0,18218,0.1637614
0,18219,0.1635943
0,18220,0.1634274
0,18221,0.1632608
0,18222,0.1630944
0,18223,0.1629283
0,18224,0.1627624
0,18225,0.1625968
0,18226,0.1624314
0,18227,0.1622662
0,18228,0.1621013
0,18229,0.1619367
0,18230,0.1617723
0,18231,0.1616081
0,18232,0.1614442
0,18233,0.1612805
0,18234,0.1611171
0,18235,0.1609538
0,18236,0.1607909
0,18237,0.1606282
0,18238,0.1604657
0,18239,0.1603035
0,18240,0.1601415
0,18241,0.1599797
0,18242,0.1598182
0,18243,0.1596569
0,18244,0.1594959
0,18245,0.1593351
0,18246,0.1591745
0,18247,0.1590142
0,18248,0.1588541
0,18249,0.1586942
0,18250,0.1585346
0,18251,0.1583752
0,18252,0.158216
0,18253,0.1580571
0,18254,0.1578984
0,18255,0.15774
0,18256,0.1575818
0,18257,0.1574238
0,18258,0.157266
0,18259,0.1571085
0,18260,0.1569512
0,18261,0.1567941
0,18262,0.1566373
0,18263,0.1564807
0,18264,0.1563243
0,18265,0.1561682
0,18266,0.1560122
0,18267,0.1558565
0,18268,0.1557011
0,18269,0.1555458
0,18270,0.1553908
0,18271,0.1552361
0,18272,0.1550815
0,18273,0.1549272
0,18274,0.1547731
0,18275,0.1546192
0,18276,0.1544655
0,18277,0.1543121
0,18278,0.1541589
0,18279,0.1540059
0,18280,0.1538531
0,18281,0.1537006
0,18282,0.1535482
0,18283,0.1533961
0,18284,0.1532443
0,18285,0.1530926
0,18286,0.1529412
0,18287,0.1527899
0,18288,0.1526389
0,18289,0.1524881
0,18290,0.1523376
0,18291,0.1521872
0,18292,0.1520371
0,18293,0.1518872
0,18294,0.1517375
0,18295,0.151588
0,18296,0.1514388
0,18297,0.1512897
0,18298,0.1511409
0,18299,0.1509923
0,18300,0.1508439
0,18301,0.1506957
0,18302,0.1505477
0,18303,0.1504
0,18304,0.1502524
0,18305,0.1501051
0,18306,0.149958
0,18307,0.1498111
0,18308,0.1496644
0,18309,0.1495179
0,18310,0.1493716
0,18311,0.1492255
0,18312,0.1490797
0,18313,0.1489341
0,18314,0.1487886
0,18315,0.1486434
0,18316,0.1484984
0,18317,0.1483536
0,18318,0.148209
0,18319,0.1480646
0,18320,0.1479204
0,18321,0.1477765
0,18322,0.1476327
0,18323,0.1474891
0,18324,0.1473457
0,18325,0.1472026
0,18326,0.1470596
0,18327,0.1469169
0,18328,0.1467743
0,18329,0.146632
0,18330,0.1464898
0,18331,0.1463479
0,18332,0.1462062
0,18333,0.1460646
0,18334,0.1459233
0,18335,0.1457822
0,18336,0.1456413
0,18337,0.1455005
0,18338,0.14536
0,18339,0.1452197
0,18340,0.1450796
0,18341,0.1449396
0,18342,0.1447999
0,18343,0.1446604
0,18344,0.144521
0,18345,0.1443819
0,18346,0.144243
0,18347,0.1441042
0,18348,0.1439657
0,18349,0.1438273
0,18350,0.1436892
0,18351,0.1435513
0,18352,0.1434135
0,18353,0.1432759
0,18354,0.1431386
0,18355,0.1430014
0,18356,0.1428644
0,18357,0.1427276
0,18358,0.1425911
0,18359,0.1424547
0,18360,0.1423185
0,18361,0.1421825
0,18362,0.1420466
0,18363,0.141911
0,18364,0.1417756
0,18365,0.1416403
0,18366,0.1415053
0,18367,0.1413704
0,18368,0.1412358
0,18369,0.1411013
0,18370,0.140967
0,18371,0.1408329
0,18372,0.1406989
0,18373,0.1405652
0,18374,0.1404316
0,18375,0.1402983
0,18376,0.1401651
0,18377,0.1400321
0,18378,0.1398993
0,18379,0.1397667
0,18380,0.1396343
0,18381,0.1395021
0,18382,0.13937
0,18383,0.1392381
0,18384,0.1391065
0,18385,0.1389749
0,18386,0.1388436
0,18387,0.1387125
0,18388,0.1385815
0,18389,0.1384508
0,18390,0.1383202
0,18391,0.1381898
0,18392,0.1380596
0,18393,0.1379295
0,18394,0.1377997
0,18395,0.13767
0,18396,0.1375405
0,18397,0.1374112
0,18398,0.137282
0,18399,0.1371531
0,18400,0.1370243
0,18401,0.1368957
0,18402,0.1367673
0,18403,0.136639
0,18404,0.136511
0,18405,0.1363831
0,18406,0.1362554
0,18407,0.1361279
0,18408,0.1360005
0,18409,0.1358733
0,18410,0.1357463
0,18411,0.1356195
0,18412,0.1354929
0,18413,0.1353664
0,18414,0.1352401
0,18415,0.135114
0,18416,0.134988
0,18417,0.1348622
0,18418,0.1347366
0,18419,0.1346112
0,18420,0.1344859
0,18421,0.1343608
0,18422,0.1342359
0,18423,0.1341112
0,18424,0.1339866
0,18425,0.1338622
0,18426,0.133738
0,18427,0.1336139
0,18428,0.13349
0,18429,0.1333663
0,18430,0.1332428
0,18431,0.1331194
0,18432,0.1329962
0,18433,0.1328732
0,18434,0.1327503
0,18435,0.1326276
0,18436,0.1325051
0,18437,0.1323827
0,18438,0.1322605
0,18439,0.1321385
0,18440,0.1320166
0,18441,0.1318949
0,18442,0.1317734
0,18443,0.131652
0,18444,0.1315308
0,18445,0.1314098
0,18446,0.1312889
0,18447,0.1311682
0,18448,0.1310477
0,18449,0.1309273
0,18450,0.1308071
0,18451,0.130687
0,18452,0.1305671
0,18453,0.1304474
0,18454,0.1303279
0,18455,0.1302085
0,18456,0.1300892
0,18457,0.1299702
0,18458,0.1298513
0,18459,0.1297325
0,18460,0.1296139
0,18461,0.1294955
0,18462,0.1293772
0,18463,0.1292591
0,18464,0.1291412
0,18465,0.1290234
0,18466,0.1289058
0,18467,0.1287883
0,18468,0.128671
0,18469,0.1285538
0,18470,0.1284368
0,18471,0.12832
0,18472,0.1282033
0,18473,0.1280868
0,18474,0.1279704
0,18475,0.1278542
0,18476,0.1277382
0,18477,0.1276223
0,18478,0.1275066
0,18479,0.127391
0,18480,0.1272756
0,18481,0.1271603
0,18482,0.1270452
0,18483,0.1269302
0,18484,0.1268154
0,18485,0.1267008
0,18486,0.1265863
0,18487,0.1264719
0,18488,0.1263577
0,18489,0.1262437
0,18490,0.1261298
0,18491,0.1260161
0,18492,0.1259025
0,18493,0.1257891
0,18494,0.1256758
0,18495,0.1255627
0,18496,0.1254497
0,18497,0.1253369
0,18498,0.1252242
0,18499,0.1251117
0,18500,0.1249993
0,18501,0.1248871
0,18502,0.124775
0,18503,0.1246631
0,18504,0.1245513
0,18505,0.1244397
0,18506,0.1243282
0,18507,0.1242169
0,18508,0.1241057
0,18509,0.1239947
0,18510,0.1238838
0,18511,0.1237731
0,18512,0.1236625
0,18513,0.123552
0,18514,0.1234417
0,18515,0.1233316
0,18516,0.1232216
0,18517,0.1231117
0,18518,0.123002
0,18519,0.1228925
0,18520,0.122783
0,18521,0.1226738
0,18522,0.1225646
0,18523,0.1224556
0,18524,0.1223468
0,18525,0.1222381
0,18526,0.1221295
0,18527,0.1220211
0,18528,0.1219129
0,18529,0.1218047
0,18530,0.1216967
0,18531,0.1215889
0,18532,0.1214812
0,18533,0.1213736
0,18534,0.1212662
0,18535,0.1211589
0,18536,0.1210518
0,18537,0.1209448
0,18538,0.1208379
0,18539,0.1207312
0,18540,0.1206247
0,18541,0.1205182
0,18542,0.1204119
0,18543,0.1203058
0,18544,0.1201998
0,18545,0.1200939
0,18546,0.1199881
0,18547,0.1198825
0,18548,0.1197771
0,18549,0.1196717
0,18550,0.1195666
0,18551,0.1194615
0,18552,0.1193566
0,18553,0.1192518
0,18554,0.1191472
0,18555,0.1190427
0,18556,0.1189383
0,18557,0.1188341
0,18558,0.11873
0,18559,0.118626
0,18560,0.1185222
0,18561,0.1184185
0,18562,0.118315
0,18563,0.1182116
0,18564,0.1181083
0,18565,0.1180051
0,18566,0.1179021
0,18567,0.1177992
0,18568,0.1176965
0,18569,0.1175939
0,18570,0.1174914
0,18571,0.117389
0,18572,0.1172868
0,18573,0.1171847
0,18574,0.1170828
0,18575,0.116981
0,18576,0.1168793
0,18577,0.1167777
0,18578,0.1166763
0,18579,0.116575
0,18580,0.1164739
0,18581,0.1163728
0,18582,0.1162719
0,18583,0.1161711
0,18584,0.1160705
0,18585,0.11597
0,18586,0.1158696
0,18587,0.1157693
0,18588,0.1156692
0,18589,0.1155692
0,18590,0.1154693
0,18591,0.1153696
0,18592,0.11527
0,18593,0.1151705
0,18594,0.1150711
0,18595,0.1149719
0,18596,0.1148728
0,18597,0.1147738
0,18598,0.114675
0,18599,0.1145763
0,18600,0.1144777
0,18601,0.1143792
0,18602,0.1142808
0,18603,0.1141826
0,18604,0.1140845
0,18605,0.1139866
0,18606,0.1138887
0,18607,0.113791
0,18608,0.1136934
0,18609,0.1135959
0,18610,0.1134986
0,18611,0.1134014
0,18612,0.1133043
0,18613,0.1132073
0,18614,0.1131105
0,18615,0.1130137
0,18616,0.1129171
0,18617,0.1128206
0,18618,0.1127243
0,18619,0.112628
0,18620,0.1125319
0,18621,0.1124359
0,18622,0.1123401
0,18623,0.1122443
0,18624,0.1121487
0,18625,0.1120532
0,18626,0.1119578
0,18627,0.1118625
0,18628,0.1117674
0,18629,0.1116724
0,18630,0.1115775
0,18631,0.1114827
0,18632,0.111388
0,18633,0.1112935
0,18634,0.111199
0,18635,0.1111047
0,18636,0.1110106
0,18637,0.1109165
0,18638,0.1108225
0,18639,0.1107287
0,18640,0.110635
0,18641,0.1105414
0,18642,0.1104479
0,18643,0.1103546
0,18644,0.1102613
0,18645,0.1101682
0,18646,0.1100752
0,18647,0.1099823
0,18648,0.1098895
0,18649,0.1097968
0,18650,0.1097043
0,18651,0.1096119
0,18652,0.1095195
0,18653,0.1094273
0,18654,0.1093353
0,18655,0.1092433
0,18656,0.1091514
0,18657,0.1090597
0,18658,0.1089681
0,18659,0.1088765
0,18660,0.1087852
0,18661,0.1086939
0,18662,0.1086027
0,18663,0.1085116
0,18664,0.1084207
0,18665,0.1083299
0,18666,0.1082392
0,18667,0.1081485
0,18668,0.1080581
0,18669,0.1079677
0,18670,0.1078774
0,18671,0.1077873
0,18672,0.1076972
0,18673,0.1076073
0,18674,0.1075175
0,18675,0.1074277
0,18676,0.1073381
0,18677,0.1072487
0,18678,0.1071593
0,18679,0.10707
0,18680,0.1069809
0,18681,0.1068918
0,18682,0.1068029
0,18683,0.1067141
0,18684,0.1066253
0,18685,0.1065367
0,18686,0.1064482
0,18687,0.1063598
0,18688,0.1062716
0,18689,0.1061834
0,18690,0.1060953
0,18691,0.1060074
0,18692,0.1059195
0,18693,0.1058318
0,18694,0.1057442
0,18695,0.1056566
0,18696,0.1055692
0,18697,0.1054819
0,18698,0.1053947
0,18699,0.1053076
0,18700,0.1052206
0,18701,0.1051338
0,18702,0.105047
0,18703,0.1049603
0,18704,0.1048738
0,18705,0.1047873
0,18706,0.1047009
0,18707,0.1046147
0,18708,0.1045286
0,18709,0.1044425
0,18710,0.1043566
0,18711,0.1042708
0,18712,0.104185
0,18713,0.1040994
0,18714,0.1040139
0,18715,0.1039285
0,18716,0.1038432
0,18717,0.103758
0,18718,0.1036729
0,18719,0.1035879
0,18720,0.103503
0,18721,0.1034191
0,18722,0.1034219
0,18723,0.1040716
0,18724,0.1065057
0,18725,0.1120738
0,18726,0.122026
0,18727,0.1373486
0,18728,0.1586958
0,18729,0.1863834
0,18730,0.22042
0,18731,0.260563
0,18732,0.3063859
0,18733,0.3573406
0,18734,0.4128132
0,18735,0.4721655
0,18736,0.5347661
0,18737,0.6000114
0,18738,0.6673371
0,18739,0.7362261
0,18740,0.8062114
0,18741,0.8768756
0,18742,0.94785
0,18743,1.018812
0,18744,1.089481
0,18745,1.159617
0,18746,1.229015
0,18747,1.297501
0,18748,1.364932
0,18749,1.431189
0,18750,1.496178
0,18751,1.559822
0,18752,1.622063
0,18753,1.682859
0,18754,1.742181
0,18755,1.800011
0,18756,1.85634
0,18757,1.911171
0,18758,1.964512
0,18759,2.016376
0,18760,2.066785
0,18761,2.115759
0,18762,2.163326
0,18763,2.209516
0,18764,2.254359
0,18765,2.297891
0,18766,2.340144
0,18767,2.381154
0,18768,2.420957
0,18769,2.45959
0,18770,2.497088
0,18771,2.533488
0,18772,2.568824
0,18773,2.603132
0,18774,2.636446
0,18775,2.6688
0,18776,2.700227
0,18777,2.730758
0,18778,2.760426
0,18779,2.789259
0,18780,2.817287
0,18781,2.844539
0,18782,2.871041
0,18783,2.896821
0,18784,2.921904
0,18785,2.946314
0,18786,2.970074
0,18787,2.993208
0,18788,3.015737
0,18789,3.037681
0,18790,3.059062
0,18791,3.079898
0,18792,3.100208
0,18793,3.120009
0,18794,3.139318
0,18795,3.158152
0,18796,3.176525
0,18797,3.194455
0,18798,3.211954
0,18799,3.229037
0,18800,3.245717
0,18801,3.262005
0,18802,3.277915
0,18803,3.293458
0,18804,3.308644
0,18805,3.323485
0,18806,3.33799
0,18807,3.352171
0,18808,3.366036
0,18809,3.379596
0,18810,3.392858
0,18811,3.405831
0,18812,3.418522
0,18813,3.43094
0,18814,3.443092
0,18815,3.454985
0,18816,3.466625
0,18817,3.478021
0,18818,3.489178
0,18819,3.500103
0,18820,3.510802
0,18821,3.52128
0,18822,3.531543
0,18823,3.541597
0,18824,3.551445
0,18825,3.561091
0,18826,3.570537
0,18827,3.579757
0,18828,3.588602
0,18829,3.596779
0,18830,3.603953
0,18831,3.609825
0,18832,3.614168
0,18833,3.616818
0,18834,3.617672
0,18835,3.616669
0,18836,3.6138
0,18837,3.609064
0,18838,3.602495
0,18839,3.594131
0,18840,3.584009
0,18841,3.572185
0,18842,3.558706
0,18843,3.543626
0,18844,3.526999
0,18845,3.508882
0,18846,3.489329
0,18847,3.468391
0,18848,3.446126
0,18849,3.422583
0,18850,3.397809
0,18851,3.371856
0,18852,3.344764
0,18853,3.316579
0,18854,3.287341
0,18855,3.257087
0,18856,3.225856
0,18857,3.193682
0,18858,3.160599
0,18859,3.12664
0,18860,3.091835
0,18861,3.056215
0,18862,3.019807
0,18863,2.98264
0,18864,2.944739
0,18865,2.906129
0,18866,2.866834
0,18867,2.826878
0,18868,2.786281
0,18869,2.745064
0,18870,2.703249
0,18871,2.660853
0,18872,2.617895
0,18873,2.574392
0,18874,2.530363
0,18875,2.485822
0,18876,2.440786
0,18877,2.39527
0,18878,2.349289
0,18879,2.302861
0,18880,2.256086
0,18881,2.209238
0,18882,2.162695
0,18883,2.116823
0,18884,2.071915
0,18885,2.028183
0,18886,1.985767
0,18887,1.944747
0,18888,1.905158
0,18889,1.867002
0,18890,1.830258
0,18891,1.794889
0,18892,1.760846
0,18893,1.728078
0,18894,1.696525
0,18895,1.66613
0,18896,1.636834
0,18897,1.608581
0,18898,1.581314
0,18899,1.554982
0,18900,1.529533
0,18901,1.50492
0,18902,1.481099
0,18903,1.458027
0,18904,1.435664
0,18905,1.413975
0,18906,1.392923
0,18907,1.372478
0,18908,1.352609
0,18909,1.333287
0,18910,1.314485
0,18911,1.296177
0,18912,1.278335
0,18913,1.260935
0,18914,1.243955
0,18915,1.227376
0,18916,1.21118
0,18917,1.195351
0,18918,1.179874
0,18919,1.164736
0,18920,1.149925
0,18921,1.135428
0,18922,1.121235
0,18923,1.107337
0,18924,1.093723
0,18925,1.080385
0,18926,1.067315
0,18927,1.054504
0,18928,1.041946
0,18929,1.029633
0,18930,1.017559
0,18931,1.005717
0,18932,0.9941008
0,18933,0.982705
0,18934,0.9715238
0,18935,0.9605517
0,18936,0.9497836
0,18937,0.9392145
0,18938,0.9288397
0,18939,0.9186546
0,18940,0.9086548
0,18941,0.8988361
0,18942,0.8891944
0,18943,0.8797257
0,18944,0.8704261
0,18945,0.8612919
0,18946,0.8523195
0,18947,0.8435054
0,18948,0.8348463
0,18949,0.8263388
0,18950,0.8179797
0,18951,0.8097661
0,18952,0.8016947
0,18953,0.7937629
0,18954,0.7859675
0,18955,0.7783061
0,18956,0.7707757
0,18957,0.7633739
0,18958,0.756098
0,18959,0.7489455
0,18960,0.7419141
0,18961,0.7350013
0,18962,0.7282048
0,18963,0.7215225
0,18964,0.7149519
0,18965,0.7084911
0,18966,0.7021379
0,18967,0.6958902
0,18968,0.6897461
0,18969,0.6837037
0,18970,0.6777608
0,18971,0.6719159
0,18972,0.6661668
0,18973,0.660512
0,18974,0.6549497
0,18975,0.649478
0,18976,0.6440954
0,18977,0.6388001
0,18978,0.6335907
0,18979,0.6284655
0,18980,0.623423
0,18981,0.6184616
0,18982,0.6135799
0,18983,0.6087765
0,18984,0.6040499
0,18985,0.5993987
0,18986,0.5948216
0,18987,0.5903172
0,18988,0.5858843
0,18989,0.5815215
0,18990,0.5772276
0,18991,0.5730013
0,18992,0.5688415
0,18993,0.564747
0,18994,0.5607165
0,18995,0.556749
0,18996,0.5528435
0,18997,0.5489985
0,18998,0.5452133
0,18999,0.5414868
0,19000,0.5378178
0,19001,0.5342053
0,19002,0.5306485
0,19003,0.5271462
0,19004,0.5236976
0,19005,0.5203017
0,19006,0.5169576
0,19007,0.5136643
0,19008,0.510421
0,19009,0.5072268
0,19010,0.5040809
0,19011,0.5009823
0,19012,0.4979304
0,19013,0.4949243
0,19014,0.4919631
0,19015,0.4890461
0,19016,0.4861725
0,19017,0.4833416
0,19018,0.4805527
0,19019,0.4778049
0,19020,0.4750977
0,19021,0.4724303
0,19022,0.4698019
0,19023,0.4672121
0,19024,0.4646599
0,19025,0.4621449
0,19026,0.4596664
0,19027,0.4572238
0,19028,0.4548164
0,19029,0.4524436
0,19030,0.4501048
0,19031,0.4477996
0,19032,0.4455272
0,19033,0.4432871
0,19034,0.4410788
0,19035,0.4389017
0,19036,0.4367553
0,19037,0.434639
0,19038,0.4325524
0,19039,0.430495
0,19040,0.4284662
0,19041,0.4264655
0,19042,0.4244925
0,19043,0.4225467
0,19044,0.4206277
0,19045,0.418735
0,19046,0.4168681
0,19047,0.4150266
0,19048,0.4132101
0,19049,0.4114181
0,19050,0.4096502
0,19051,0.4079061
0,19052,0.4061853
0,19053,0.4044874
0,19054,0.4028121
0,19055,0.4011589
0,19056,0.3995275
0,19057,0.3979174
0,19058,0.3963285
0,19059,0.3947603
0,19060,0.3932124
0,19061,0.3916845
0,19062,0.3901763
0,19063,0.3886874
0,19064,0.3872175
0,19065,0.3857663
0,19066,0.3843335
0,19067,0.3829188
0,19068,0.3815218
0,19069,0.3801423
0,19070,0.37878
0,19071,0.3774346
0,19072,0.3761058
0,19073,0.3747933
0,19074,0.3734969
0,19075,0.3722163
0,19076,0.3709511
0,19077,0.3697013
0,19078,0.3684665
0,19079,0.3672464
0,19080,0.3660409
0,19081,0.3648496
0,19082,0.3636724
0,19083,0.362509
0,19084,0.3613591
0,19085,0.3602226
0,19086,0.3590992
0,19087,0.3579888
0,19088,0.356891
0,19089,0.3558058
0,19090,0.3547328
0,19091,0.3536719
0,19092,0.3526229
0,19093,0.3515856
0,19094,0.3505598
0,19095,0.3495453
0,19096,0.3485419
0,19097,0.3475494
0,19098,0.3465677
0,19099,0.3455966
0,19100,0.3446359
0,19101,0.3436855
0,19102,0.3427451
0,19103,0.3418146
0,19104,0.3408939
0,19105,0.3399828
0,19106,0.3390811
0,19107,0.3381886
0,19108,0.3373054
0,19109,0.3364311
0,19110,0.3355656
0,19111,0.3347088
0,19112,0.3338606
0,19113,0.3330208
0,19114,0.3321892
0,19115,0.3313659
0,19116,0.3305505
0,19117,0.329743
0,19118,0.3289433
0,19119,0.3281512
0,19120,0.3273666
0,19121,0.3265894
0,19122,0.3258196
0,19123,0.3250568
0,19124,0.3243011
0,19125,0.3235523
0,19126,0.3228104
0,19127,0.3220752
0,19128,0.3213466
0,19129,0.3206245
0,19130,0.3199087
0,19131,0.3191994
0,19132,0.3184961
0,19133,0.3177991
0,19134,0.317108
0,19135,0.3164228
0,19136,0.3157434
0,19137,0.3150698
0,19138,0.3144018
0,19139,0.3137394
0,19140,0.3130825
0,19141,0.3124309
0,19142,0.3117846
0,19143,0.3111436
0,19144,0.3105077
0,19145,0.3098768
0,19146,0.3092509
0,19147,0.3086299
0,19148,0.3080138
0,19149,0.3074024
0,19150,0.3067957
0,19151,0.3061936
0,19152,0.305596
0,19153,0.305003
0,19154,0.3044143
0,19155,0.3038299
0,19156,0.3032498
0,19157,0.302674
0,19158,0.3021023
0,19159,0.3015346
0,19160,0.300971
0,19161,0.3004113
0,19162,0.2998556
0,19163,0.2993037
0,19164,0.2987556
0,19165,0.2982112
0,19166,0.2976704
0,19167,0.2971333
0,19168,0.2965998
0,19169,0.2960698
0,19170,0.2955433
0,19171,0.2950201
0,19172,0.2945004
0,19173,0.2939839
0,19174,0.2934707
0,19175,0.2929607
0,19176,0.2924539
0,19177,0.2919503
0,19178,0.2914497
0,19179,0.2909521
0,19180,0.2904576
0,19181,0.289966
0,19182,0.2894773
0,19183,0.2889915
0,19184,0.2885085
0,19185,0.2880283
0,19186,0.2875509
0,19187,0.2870761
0,19188,0.2866041
0,19189,0.2861347
0,19190,0.2856679
0,19191,0.2852036
0,19192,0.2847419
0,19193,0.2842827
0,19194,0.2838259
0,19195,0.2833716
0,19196,0.2829196
0,19197,0.28247
0,19198,0.2820228
0,19199,0.2815779
0,19200,0.2811352
0,19201,0.2806947
0,19202,0.2802565
0,19203,0.2798204
0,19204,0.2793865
0,19205,0.2789547
0,19206,0.278525
0,19207,0.2780974
0,19208,0.2776718
0,19209,0.2772482
0,19210,0.2768266
0,19211,0.276407
0,19212,0.2759893
0,19213,0.2755736
0,19214,0.2751597
0,19215,0.2747476
0,19216,0.2743374
0,19217,0.2739291
0,19218,0.2735225
0,19219,0.2731177
0,19220,0.2727146
0,19221,0.2723133
0,19222,0.2719137
0,19223,0.2715157
0,19224,0.2711194
0,19225,0.2707248
0,19226,0.2703318
0,19227,0.2699404
0,19228,0.2695506
0,19229,0.2691624
0,19230,0.2687757
0,19231,0.2683905
0,19232,0.2680069
0,19233,0.2676247
0,19234,0.267244
0,19235,0.2668648
0,19236,0.266487
0,19237,0.2661107
0,19238,0.2657357
0,19239,0.2653622
0,19240,0.2649901
0,19241,0.2646193
0,19242,0.2642498
0,19243,0.2638817
0,19244,0.2635149
0,19245,0.2631494
0,19246,0.2627852
0,19247,0.2624223
0,19248,0.2620606
0,19249,0.2617002
0,19250,0.261341
0,19251,0.260983
0,19252,0.2606263
0,19253,0.2602708
0,19254,0.2599164
0,19255,0.2595632
0,19256,0.2592112
0,19257,0.2588603
0,19258,0.2585106
0,19259,0.258162
0,19260,0.2578145
0,19261,0.2574681
0,19262,0.2571228
0,19263,0.2567785
0,19264,0.2564354
0,19265,0.2560932
0,19266,0.2557522
0,19267,0.2554121
0,19268,0.2550731
0,19269,0.2547351
0,19270,0.2543981
0,19271,0.2540621
0,19272,0.2537272
0,19273,0.2533931
0,19274,0.2530601
0,19275,0.252728
0,19276,0.2523969
0,19277,0.2520667
0,19278,0.2517374
0,19279,0.2514091
0,19280,0.2510816
0,19281,0.2507551
0,19282,0.2504295
0,19283,0.2501048
0,19284,0.249781
0,19285,0.249458
0,19286,0.249136
0,19287,0.2488148
0,19288,0.2484944
0,19289,0.2481749
0,19290,0.2478562
0,19291,0.2475384
0,19292,0.2472214
0,19293,0.2469053
0,19294,0.2465899
0,19295,0.2462754
0,19296,0.2459616
0,19297,0.2456487
0,19298,0.2453365
0,19299,0.2450252
0,19300,0.2447146
0,19301,0.2444048
0,19302,0.2440957
0,19303,0.2437874
0,19304,0.2434799
0,19305,0.2431731
0,19306,0.2428671
0,19307,0.2425618
0,19308,0.2422572
0,19309,0.2419534
0,19310,0.2416503
0,19311,0.2413479
0,19312,0.2410462
0,19313,0.2407452
0,19314,0.2404449
0,19315,0.2401454
0,19316,0.2398465
0,19317,0.2395483
0,19318,0.2392508
0,19319,0.238954
0,19320,0.2386578
0,19321,0.2383623
0,19322,0.2380675
0,19323,0.2377734
0,19324,0.2374799
0,19325,0.2371871
0,19326,0.2368949
0,19327,0.2366033
0,19328,0.2363124
0,19329,0.2360222
0,19330,0.2357325
0,19331,0.2354435
0,19332,0.2351552
0,19333,0.2348674
0,19334,0.2345803
0,19335,0.2342937
0,19336,0.2340078
0,19337,0.2337225
0,19338,0.2334378
0,19339,0.2331537
0,19340,0.2328702
0,19341,0.2325873
0,19342,0.2323049
0,19343,0.2320232
0,19344,0.2317421
0,19345,0.2314615
0,19346,0.2311815
0,19347,0.2309021
0,19348,0.2306233
0,19349,0.230345
0,19350,0.2300673
0,19351,0.2297901
0,19352,0.2295135
0,19353,0.2292375
0,19354,0.228962
0,19355,0.228687
0,19356,0.2284126
0,19357,0.2281387
0,19358,0.2278654
0,19359,0.2275926
0,19360,0.2273204
0,19361,0.2270487
0,19362,0.2267776
0,19363,0.2265069
0,19364,0.2262368
0,19365,0.2259672
0,19366,0.2256982
0,19367,0.2254296
0,19368,0.2251616
0,19369,0.224894
0,19370,0.224627
0,19371,0.2243605
0,19372,0.2240945
0,19373,0.223829
0,19374,0.223564
0,19375,0.2232995
0,19376,0.2230355
0,19377,0.222772
0,19378,0.222509
0,19379,0.2222465
0,19380,0.2219845
0,19381,0.221723
0,19382,0.2214619
0,19383,0.2212013
0,19384,0.2209413
0,19385,0.2206817
0,19386,0.2204225
0,19387,0.2201639
0,19388,0.2199057
0,19389,0.219648
0,19390,0.2193908
0,19391,0.219134
0,19392,0.2188777
0,19393,0.2186219
0,19394,0.2183665
0,19395,0.2181116
0,19396,0.2178572
0,19397,0.2176032
0,19398,0.2173496
0,19399,0.2170966
0,19400,0.2168439
0,19401,0.2165918
0,19402,0.21634
0,19403,0.2160888
0,19404,0.2158379
0,19405,0.2155876
0,19406,0.2153376
0,19407,0.2150881
0,19408,0.2148391
0,19409,0.2145905
0,19410,0.2143423
0,19411,0.2140946
0,19412,0.2138473
0,19413,0.2136004
0,19414,0.213354
0,19415,0.213108
0,19416,0.2128624
0,19417,0.2126172
0,19418,0.2123725
0,19419,0.2121283
0,19420,0.2118844
0,19421,0.2116409
0,19422,0.2113979
0,19423,0.2111553
0,19424,0.2109131
0,19425,0.2106714
0,19426,0.21043
0,19427,0.2101891
0,19428,0.2099486
0,19429,0.2097085
0,19430,0.2094688
0,19431,0.2092295
0,19432,0.2089906
0,19433,0.2087521
0,19434,0.2085141
0,19435,0.2082764
0,19436,0.2080391
0,19437,0.2078023
0,19438,0.2075659
0,19439,0.2073298
0,19440,0.2070942
0,19441,0.2068589
0,19442,0.2066241
0,19443,0.2063896
0,19444,0.2061556
0,19445,0.2059219
0,19446,0.2056887
0,19447,0.2054558
0,19448,0.2052233
0,19449,0.2049912
0,19450,0.2047595
0,19451,0.2045282
0,19452,0.2042973
0,19453,0.2040667
0,19454,0.2038366
0,19455,0.2036068
0,19456,0.2033774
0,19457,0.2031484
0,19458,0.2029198
0,19459,0.2026915
0,19460,0.2024636
0,19461,0.2022361
0,19462,0.202009
0,19463,0.2017822
0,19464,0.2015558
0,19465,0.2013298
0,19466,0.2011041
0,19467,0.2008789
0,19468,0.200654
0,19469,0.2004295
0,19470,0.2002053
0,19471,0.1999816
0,19472,0.1997581
0,19473,0.1995351
0,19474,0.1993124
0,19475,0.1990901
0,19476,0.1988682
0,19477,0.1986466
0,19478,0.1984254
0,19479,0.1982045
0,19480,0.197984
0,19481,0.1977639
0,19482,0.1975441
0,19483,0.1973246
0,19484,0.1971056
0,19485,0.1968868
0,19486,0.1966685
0,19487,0.1964504
0,19488,0.1962328
0,19489,0.1960154
0,19490,0.1957985
0,19491,0.1955819
0,19492,0.1953656
0,19493,0.1951496
0,19494,0.1949341
0,19495,0.1947188
0,19496,0.1945039
0,19497,0.1942893
0,19498,0.1940751
0,19499,0.1938613
0,19500,0.1936478
0,19501,0.1934346
0,19502,0.1932218
0,19503,0.1930093
0,19504,0.1927972
0,19505,0.1925854
0,19506,0.1923739
0,19507,0.1921628
0,19508,0.191952
0,19509,0.1917415
0,19510,0.1915314
0,19511,0.1913216
0,19512,0.1911122
0,19513,0.1909031
0,19514,0.1906943
0,19515,0.1904858
0,19516,0.1902777
0,19517,0.1900699
0,19518,0.1898624
0,19519,0.1896552
0,19520,0.1894484
0,19521,0.1892419
0,19522,0.1890358
0,19523,0.1888299
0,19524,0.1886244
0,19525,0.1884192
0,19526,0.1882143
0,19527,0.1880097
0,19528,0.1878055
0,19529,0.1876016
0,19530,0.187398
0,19531,0.1871947
0,19532,0.1869918
0,19533,0.1867891
0,19534,0.1865868
0,19535,0.1863848
0,19536,0.1861832
0,19537,0.1859818
0,19538,0.1857807
0,19539,0.18558
0,19540,0.1853796
0,19541,0.1851795
0,19542,0.1849797
0,19543,0.1847802
0,19544,0.1845811
0,19545,0.1843822
0,19546,0.1841836
0,19547,0.1839854
0,19548,0.1837875
0,19549,0.1835898
0,19550,0.1833925
0,19551,0.1831955
0,19552,0.1829988
0,19553,0.1828024
0,19554,0.1826063
0,19555,0.1824106
0,19556,0.1822151
0,19557,0.1820199
0,19558,0.181825
0,19559,0.1816304
0,19560,0.1814362
0,19561,0.1812422
0,19562,0.1810485
0,19563,0.1808552
0,19564,0.1806621
0,19565,0.1804693
0,19566,0.1802768
0,19567,0.1800846
0,19568,0.1798928
0,19569,0.1797012
0,19570,0.1795099
0,19571,0.1793189
0,19572,0.1791282
0,19573,0.1789378
0,19574,0.1787477
0,19575,0.1785579
0,19576,0.1783683
0,19577,0.1781791
0,19578,0.1779902
0,19579,0.1778015
0,19580,0.1776132
0,19581,0.1774251
0,19582,0.1772373
0,19583,0.1770498
0,19584,0.1768626
0,19585,0.1766757
0,19586,0.1764891
0,19587,0.1763027
0,19588,0.1761166
0,19589,0.1759309
0,19590,0.1757454
0,19591,0.1755602
0,19592,0.1753753
0,19593,0.1751906
0,19594,0.1750063
0,19595,0.1748222
0,19596,0.1746384
0,19597,0.1744549
0,19598,0.1742717
0,19599,0.1740887
0,19600,0.173906
0,19601,0.1737236
0,19602,0.1735415
0,19603,0.1733597
0,19604,0.1731781
0,19605,0.1729968
0,19606,0.1728158
0,19607,0.1726351
0,19608,0.1724546
0,19609,0.1722744
0,19610,0.1720945
0,19611,0.1719149
0,19612,0.1717355
0,19613,0.1715564
0,19614,0.1713776
0,19615,0.1711991
0,19616,0.1710208
0,19617,0.1708428
0,19618,0.170665
0,19619,0.1704876
0,19620,0.1703103
0,19621,0.1701334
0,19622,0.1699567
0,19623,0.1697803
0,19624,0.1696042
0,19625,0.1694283
0,19626,0.1692527
0,19627,0.1690774
0,19628,0.1689023
0,19629,0.1687275
0,19630,0.168553
0,19631,0.1683787
0,19632,0.1682047
0,19633,0.1680309
0,19634,0.1678574
0,19635,0.1676842
0,19636,0.1675112
0,19637,0.1673385
0,19638,0.1671661
0,19639,0.1669939
0,19640,0.1668219
0,19641,0.1666502
0,19642,0.1664788
0,19643,0.1663076
0,19644,0.1661367
0,19645,0.1659661
0,19646,0.1657957
0,19647,0.1656255
0,19648,0.1654556
0,19649,0.165286
0,19650,0.1651166
0,19651,0.1649475
0,19652,0.1647786
0,19653,0.16461
0,19654,0.1644416
0,19655,0.1642735
0,19656,0.1641056
0,19657,0.163938
0,19658,0.1637706
0,19659,0.1636035
0,19660,0.1634366
0,19661,0.16327
0,19662,0.1631036
0,19663,0.1629375
0,19664,0.1627716
0,19665,0.162606
0,19666,0.1624406
0,19667,0.1622754
0,19668,0.1621105
0,19669,0.1619458
0,19670,0.1617814
0,19671,0.1616173
0,19672,0.1614534
0,19673,0.1612897
0,19674,0.1611262
0,19675,0.160963
0,19676,0.1608001
0,19677,0.1606373
0,19678,0.1604749
0,19679,0.1603126
0,19680,0.1601506
0,19681,0.1599889
0,19682,0.1598274
0,19683,0.1596661
0,19684,0.159505
0,19685,0.1593442
0,19686,0.1591837
0,19687,0.1590233
0,19688,0.1588632
0,19689,0.1587034
0,19690,0.1585437
0,19691,0.1583843
0,19692,0.1582252
0,19693,0.1580663
0,19694,0.1579076
0,19695,0.1577491
0,19696,0.1575909
0,19697,0.1574329
0,19698,0.1572751
0,19699,0.1571176
0,19700,0.1569603
0,19701,0.1568032
0,19702,0.1566464
0,19703,0.1564898
0,19704,0.1563334
0,19705,0.1561773
0,19706,0.1560213
0,19707,0.1558657
0,19708,0.1557102
0,19709,0.155555
0,19710,0.1553999
0,19711,0.1552452
0,19712,0.1550906
0,19713,0.1549363
0,19714,0.1547822
0,19715,0.1546283
0,19716,0.1544746
0,19717,0.1543212
0,19718,0.154168
0,19719,0.154015
0,19720,0.1538622
0,19721,0.1537097
0,19722,0.1535573
0,19723,0.1534052
0,19724,0.1532533
0,19725,0.1531017
0,19726,0.1529502
0,19727,0.152799
0,19728,0.152648
0,19729,0.1524972
0,19730,0.1523466
0,19731,0.1521963
0,19732,0.1520462
0,19733,0.1518963
0,19734,0.1517466
0,19735,0.1515971
0,19736,0.1514478
0,19737,0.1512988
0,19738,0.1511499
0,19739,0.1510013
0,19740,0.1508529
0,19741,0.1507047
0,19742,0.1505568
0,19743,0.150409
0,19744,0.1502614
0,19745,0.1501141
0,19746,0.149967
0,19747,0.1498201
0,19748,0.1496734
0,19749,0.1495269
0,19750,0.1493806
0,19751,0.1492346
0,19752,0.1490887
0,19753,0.1489431
0,19754,0.1487976
0,19755,0.1486524
0,19756,0.1485074
0,19757,0.1483626
0,19758,0.148218
0,19759,0.1480736
0,19760,0.1479294
0,19761,0.1477855
0,19762,0.1476417
0,19763,0.1474981
0,19764,0.1473547
0,19765,0.1472116
0,19766,0.1470686
0,19767,0.1469259
0,19768,0.1467833
0,19769,0.146641
0,19770,0.1464988
0,19771,0.1463569
0,19772,0.1462152
0,19773,0.1460736
0,19774,0.1459323
0,19775,0.1457912
0,19776,0.1456502
0,19777,0.1455095
0,19778,0.145369
0,19779,0.1452287
0,19780,0.1450885
0,19781,0.1449486
0,19782,0.1448089
0,19783,0.1446693
0,19784,0.14453
0,19785,0.1443909
0,19786,0.1442519
0,19787,0.1441132
0,19788,0.1439746
0,19789,0.1438363
0,19790,0.1436982
0,19791,0.1435602
0,19792,0.1434224
0,19793,0.1432849
0,19794,0.1431475
0,19795,0.1430103
0,19796,0.1428734
0,19797,0.1427366
0,19798,0.1426
0,19799,0.1424636
0,19800,0.1423274
0,19801,0.1421914
0,19802,0.1420556
0,19803,0.1419199
0,19804,0.1417845
0,19805,0.1416492
0,19806,0.1415142
0,19807,0.1413793
0,19808,0.1412447
0,19809,0.1411102
0,19810,0.1409759
0,19811,0.1408418
0,19812,0.1407078
0,19813,0.1405741
0,19814,0.1404406
0,19815,0.1403072
0,19816,0.140174
0,19817,0.140041
0,19818,0.1399082
0,19819,0.1397756
0,19820,0.1396432
0,19821,0.1395109
0,19822,0.1393789
0,19823,0.139247
0,19824,0.1391153
0,19825,0.1389838
0,19826,0.1388525
0,19827,0.1387214
0,19828,0.1385904
0,19829,0.1384597
0,19830,0.1383291
0,19831,0.1381987
0,19832,0.1380684
0,19833,0.1379384
0,19834,0.1378085
0,19835,0.1376789
0,19836,0.1375494
0,19837,0.13742
0,19838,0.1372909
0,19839,0.1371619
0,19840,0.1370332
0,19841,0.1369046
0,19842,0.1367761
0,19843,0.1366479
0,19844,0.1365198
0,19845,0.136392
0,19846,0.1362642
0,19847,0.1361367
0,19848,0.1360094
0,19849,0.1358822
0,19850,0.1357552
0,19851,0.1356283
0,19852,0.1355017
0,19853,0.1353752
0,19854,0.1352489
0,19855,0.1351228
0,19856,0.1349968
0,19857,0.1348711
0,19858,0.1347454
0,19859,0.13462
0,19860,0.1344948
0,19861,0.1343697
0,19862,0.1342447
0,19863,0.13412
0,19864,0.1339954
0,19865,0.133871
0,19866,0.1337468
0,19867,0.1336227
0,19868,0.1334988
0,19869,0.1333751
0,19870,0.1332516
0,19871,0.1331282
0,19872,0.133005
0,19873,0.132882
0,19874,0.1327591
0,19875,0.1326364
0,19876,0.1325138
0,19877,0.1323915
0,19878,0.1322693
0,19879,0.1321472
0,19880,0.1320254
0,19881,0.1319037
0,19882,0.1317821
0,19883,0.1316608
0,19884,0.1315396
0,19885,0.1314185
0,19886,0.1312977
0,19887,0.131177
0,19888,0.1310564
0,19889,0.130936
0,19890,0.1308158
0,19891,0.1306958
0,19892,0.1305759
0,19893,0.1304562
0,19894,0.1303366
0,19895,0.1302172
0,19896,0.130098
0,19897,0.1299789
0,19898,0.12986
0,19899,0.1297413
0,19900,0.1296227
0,19901,0.1295042
0,19902,0.129386
0,19903,0.1292679
0,19904,0.1291499
0,19905,0.1290321
0,19906,0.1289145
0,19907,0.128797
0,19908,0.1286797
0,19909,0.1285626
0,19910,0.1284456
0,19911,0.1283287
0,19912,0.128212
0,19913,0.1280955
0,19914,0.1279792
0,19915,0.127863
0,19916,0.1277469
0,19917,0.127631
0,19918,0.1275153
0,19919,0.1273997
0,19920,0.1272843
0,19921,0.127169
0,19922,0.1270539
0,19923,0.1269389
0,19924,0.1268241
0,19925,0.1267095
0,19926,0.126595
0,19927,0.1264806
0,19928,0.1263664
0,19929,0.1262524
0,19930,0.1261385
0,19931,0.1260248
0,19932,0.1259112
0,19933,0.1257977
0,19934,0.1256845
0,19935,0.1255714
0,19936,0.1254584
0,19937,0.1253456
0,19938,0.1252329
0,19939,0.1251204
0,19940,0.125008
0,19941,0.1248958
0,19942,0.1247837
0,19943,0.1246718
0,19944,0.12456
0,19945,0.1244484
0,19946,0.1243369
0,19947,0.1242256
0,19948,0.1241144
0,19949,0.1240034
0,19950,0.1238925
0,19951,0.1237817
0,19952,0.1236711
0,19953,0.1235607
0,19954,0.1234504
0,19955,0.1233402
0,19956,0.1232302
0,19957,0.1231204
0,19958,0.1230107
0,19959,0.1229011
0,19960,0.1227917
0,19961,0.1226824
0,19962,0.1225733
0,19963,0.1224643
0,19964,0.1223554
0,19965,0.1222467
0,19966,0.1221382
0,19967,0.1220298
0,19968,0.1219215
0,19969,0.1218133
0,19970,0.1217054
0,19971,0.1215975
0,19972,0.1214898
0,19973,0.1213823
0,19974,0.1212748
0,19975,0.1211675
0,19976,0.1210604
0,19977,0.1209534
0,19978,0.1208466
0,19979,0.1207398
0,19980,0.1206333
0,19981,0.1205268
0,19982,0.1204205
0,19983,0.1203144
0,19984,0.1202084
0,19985,0.1201025
0,19986,0.1199967
0,19987,0.1198911
0,19988,0.1197857
0,19989,0.1196803
0,19990,0.1195752
0,19991,0.1194701
0,19992,0.1193652
0,19993,0.1192604
0,19994,0.1191558
0,19995,0.1190513
0,19996,0.1189469
0,19997,0.1188427
0,19998,0.1187386
0,19999,0.1186346
0,20000,0.1185308
0,20001,0.1184271
0,20002,0.1183235
0,20003,0.1182201
0,20004,0.1181168
0,20005,0.1180137
0,20006,0.1179107
0,20007,0.1178078
0,20008,0.117705
0,20009,0.1176024
0,20010,0.1174999
0,20011,0.1173976
0,20012,0.1172954
0,20013,0.1171933
0,20014,0.1170913
0,20015,0.1169895
0,20016,0.1168878
0,20017,0.1167863
0,20018,0.1166848
0,20019,0.1165836
0,20020,0.1164824
0,20021,0.1163814
0,20022,0.1162805
0,20023,0.1161797
0,20024,0.116079
0,20025,0.1159785
0,20026,0.1158781
0,20027,0.1157779
0,20028,0.1156777
0,20029,0.1155777
0,20030,0.1154779
0,20031,0.1153781
0,20032,0.1152785
0,20033,0.115179
0,20034,0.1150797
0,20035,0.1149804
0,20036,0.1148813
0,20037,0.1147823
0,20038,0.1146835
0,20039,0.1145848
0,20040,0.1144862
0,20041,0.1143877
0,20042,0.1142893
0,20043,0.1141911
0,20044,0.114093
0,20045,0.1139951
0,20046,0.1138972
0,20047,0.1137995
0,20048,0.1137019
0,20049,0.1136044
0,20050,0.1135071
0,20051,0.1134099
0,20052,0.1133128
0,20053,0.1132158
0,20054,0.1131189
0,20055,0.1130222
0,20056,0.1129256
0,20057,0.1128291
0,20058,0.1127328
0,20059,0.1126365
0,20060,0.1125404
0,20061,0.1124444
0,20062,0.1123485
0,20063,0.1122528
0,20064,0.1121572
0,20065,0.1120616
0,20066,0.1119663
0,20067,0.111871
0,20068,0.1117758
0,20069,0.1116808
0,20070,0.1115859
0,20071,0.1114911
0,20072,0.1113965
0,20073,0.1113019
0,20074,0.1112075
0,20075,0.1111132
0,20076,0.111019
0,20077,0.1109249
0,20078,0.110831
0,20079,0.1107371
0,20080,0.1106434
0,20081,0.1105498
0,20082,0.1104563
0,20083,0.110363
0,20084,0.1102697
0,20085,0.1101766
0,20086,0.1100836
0,20087,0.1099907
0,20088,0.1098979
0,20089,0.1098052
0,20090,0.1097127
0,20091,0.1096203
0,20092,0.109528
0,20093,0.1094358
0,20094,0.1093437
0,20095,0.1092517
0,20096,0.1091598
0,20097,0.1090681
0,20098,0.1089765
0,20099,0.108885
0,20100,0.1087935
0,20101,0.1087023
0,20102,0.1086111
0,20103,0.10852
0,20104,0.1084291
0,20105,0.1083383
0,20106,0.1082475
0,20107,0.1081569
0,20108,0.1080664
0,20109,0.1079761
0,20110,0.1078858
0,20111,0.1077956
0,20112,0.1077056
0,20113,0.1076157
0,20114,0.1075258
0,20115,0.1074361
0,20116,0.1073465
0,20117,0.107257
0,20118,0.1071677
0,20119,0.1070784
0,20120,0.1069892
0,20121,0.1069002
0,20122,0.1068112
0,20123,0.1067224
0,20124,0.1066337
0,20125,0.1065451
0,20126,0.1064566
0,20127,0.1063682
0,20128,0.1062799
0,20129,0.1061918
0,20130,0.1061037
0,20131,0.1060157
0,20132,0.1059279
0,20133,0.1058401
0,20134,0.1057525
0,20135,0.105665
0,20136,0.1055776
0,20137,0.1054903
0,20138,0.1054031
0,20139,0.105316
0,20140,0.105229
0,20141,0.1051421
0,20142,0.1050553
0,20143,0.1049687
0,20144,0.1048821
0,20145,0.1047956
0,20146,0.1047093
0,20147,0.104623
0,20148,0.1045369
0,20149,0.1044508
0,20150,0.1043649
0,20151,0.1042791
0,20152,0.1041934
0,20153,0.1041077
0,20154,0.1040222
0,20155,0.1039368
0,20156,0.1038515
0,20157,0.1037663
0,20158,0.1036812
0,20159,0.1035962
0,20160,0.1035113
0,20161,0.1034274
0,20162,0.1034302
0,20163,0.1040799
0,20164,0.106514
0,20165,0.1120821
0,20166,0.1220343
0,20167,0.1373569
0,20168,0.158704
0,20169,0.1863917
0,20170,0.2204283
0,20171,0.2605713
0,20172,0.3063942
0,20173,0.3573489
0,20174,0.4128215
0,20175,0.4721738
0,20176,0.5347744
0,20177,0.6000197
0,20178,0.6673453
0,20179,0.7362344
0,20180,0.8062197
0,20181,0.8768838
0,20182,0.9478583
0,20183,1.01882
0,20184,1.089489
0,20185,1.159625
0,20186,1.229023
0,20187,1.297509
0,20188,1.36494
0,20189,1.431198
0,20190,1.496186
0,20191,1.55983
0,20192,1.622071
0,20193,1.682867
0,20194,1.742189
0,20195,1.800019
0,20196,1.856348
0,20197,1.911179
0,20198,1.96452
0,20199,2.016385
0,20200,2.066793
0,20201,2.115767
0,20202,2.163334
0,20203,2.209524
0,20204,2.254368
0,20205,2.297899
0,20206,2.340152
0,20207,2.381162
0,20208,2.420966
0,20209,2.459598
0,20210,2.497096
0,20211,2.533496
0,20212,2.568832
0,20213,2.60314
0,20214,2.636454
0,20215,2.668808
0,20216,2.700235
0,20217,2.730767
0,20218,2.760434
0,20219,2.789267
0,20220,2.817295
0,20221,2.844547
0,20222,2.871049
0,20223,2.896829
0,20224,2.921912
0,20225,2.946322
0,20226,2.970083
0,20227,2.993216
0,20228,3.015745
0,20229,3.037689
0,20230,3.05907
0,20231,3.079906
0,20232,3.100216
0,20233,3.120017
0,20234,3.139326
0,20235,3.15816
0,20236,3.176533
0,20237,3.194463
0,20238,3.211962
0,20239,3.229045
0,20240,3.245725
0,20241,3.262013
0,20242,3.277924
0,20243,3.293466
0,20244,3.308652
0,20245,3.323493
0,20246,3.337998
0,20247,3.352179
0,20248,3.366045
0,20249,3.379604
0,20250,3.392866
0,20251,3.405839
0,20252,3.418531
0,20253,3.430948
0,20254,3.4431
0,20255,3.454993
0,20256,3.466633
0,20257,3.478029
0,20258,3.489186
0,20259,3.500111
0,20260,3.51081
0,20261,3.521288
0,20262,3.531552
0,20263,3.541605
0,20264,3.551453
0,20265,3.561099
0,20266,3.570545
0,20267,3.579765
0,20268,3.58861
0,20269,3.596787
0,20270,3.603961
0,20271,3.609833
0,20272,3.614176
0,20273,3.616826
0,20274,3.61768
0,20275,3.616677
0,20276,3.613808
0,20277,3.609072
0,20278,3.602503
0,20279,3.594139
0,20280,3.584017
0,20281,3.572193
0,20282,3.558714
0,20283,3.543634
0,20284,3.527007
0,20285,3.50889
0,20286,3.489337
0,20287,3.4684
0,20288,3.446134
0,20289,3.422591
0,20290,3.397817
0,20291,3.371864
0,20292,3.344773
0,20293,3.316587
0,20294,3.287349
0,20295,3.257095
0,20296,3.225864
0,20297,3.19369
0,20298,3.160607
0,20299,3.126647
0,20300,3.091843
0,20301,3.056223
0,20302,3.019815
0,20303,2.982648
0,20304,2.944747
0,20305,2.906137
0,20306,2.866843
0,20307,2.826886
0,20308,2.786289
0,20309,2.745072
0,20310,2.703257
0,20311,2.660861
0,20312,2.617903
0,20313,2.5744
0,20314,2.53037
0,20315,2.48583
0,20316,2.440794
0,20317,2.395278
0,20318,2.349297
0,20319,2.30287
0,20320,2.256094
0,20321,2.209246
0,20322,2.162704
0,20323,2.116831
0,20324,2.071923
0,20325,2.028191
0,20326,1.985775
0,20327,1.944755
0,20328,1.905166
0,20329,1.86701
0,20330,1.830266
0,20331,1.794897
0,20332,1.760854
0,20333,1.728086
0,20334,1.696533
0,20335,1.666138
0,20336,1.636842
0,20337,1.608589
0,20338,1.581322
0,20339,1.55499
0,20340,1.529541
0,20341,1.504928
0,20342,1.481107
0,20343,1.458035
0,20344,1.435672
0,20345,1.413983
0,20346,1.392931
0,20347,1.372486
0,20348,1.352617
0,20349,1.333295
0,20350,1.314493
0,20351,1.296185
0,20352,1.278343
0,20353,1.260943
0,20354,1.243963
0,20355,1.227384
0,20356,1.211188
0,20357,1.195359
0,20358,1.179882
0,20359,1.164744
0,20360,1.149933
0,20361,1.135436
0,20362,1.121243
0,20363,1.107345
0,20364,1.093731
0,20365,1.080393
0,20366,1.067323
0,20367,1.054512
0,20368,1.041954
0,20369,1.029641
0,20370,1.017567
0,20371,1.005725
0,20372,0.9941088
0,20373,0.982713
0,20374,0.9715317
0,20375,0.9605597
0,20376,0.9497916
0,20377,0.9392225
0,20378,0.9288477
0,20379,0.9186625
0,20380,0.9086628
0,20381,0.8988441
0,20382,0.8892024
0,20383,0.8797336
0,20384,0.870434
0,20385,0.8612998
0,20386,0.8523275
0,20387,0.8435134
0,20388,0.8348542
0,20389,0.8263467
0,20390,0.8179876
0,20391,0.809774
0,20392,0.8017027
0,20393,0.7937708
0,20394,0.7859755
0,20395,0.778314
0,20396,0.7707837
0,20397,0.7633818
0,20398,0.756106
0,20399,0.7489535
0,20400,0.741922
0,20401,0.7350093
0,20402,0.7282128
0,20403,0.7215304
0,20404,0.7149598
0,20405,0.708499
0,20406,0.7021458
0,20407,0.6958981
0,20408,0.6897541
0,20409,0.6837116
0,20410,0.6777688
0,20411,0.6719238
0,20412,0.6661748
0,20413,0.66052
0,20414,0.6549575
0,20415,0.6494859
0,20416,0.6441033
0,20417,0.6388081
0,20418,0.6335986
0,20419,0.6284734
0,20420,0.6234308
0,20421,0.6184695
0,20422,0.6135879
0,20423,0.6087844
0,20424,0.6040578
0,20425,0.5994066
0,20426,0.5948295
0,20427,0.5903251
0,20428,0.5858921
0,20429,0.5815294
0,20430,0.5772355
0,20431,0.5730092
0,20432,0.5688494
0,20433,0.5647548
0,20434,0.5607244
0,20435,0.5567569
0,20436,0.5528513
0,20437,0.5490064
0,20438,0.5452212
0,20439,0.5414946
0,20440,0.5378256
0,20441,0.5342132
0,20442,0.5306563
0,20443,0.5271541
0,20444,0.5237055
0,20445,0.5203096
0,20446,0.5169654
0,20447,0.5136722
0,20448,0.5104288
0,20449,0.5072347
0,20450,0.5040888
0,20451,0.5009902
0,20452,0.4979383
0,20453,0.4949321
0,20454,0.4919709
0,20455,0.4890539
0,20456,0.4861804
0,20457,0.4833495
0,20458,0.4805605
0,20459,0.4778128
0,20460,0.4751056
0,20461,0.4724381
0,20462,0.4698098
0,20463,0.4672199
0,20464,0.4646678
0,20465,0.4621527
0,20466,0.4596742
0,20467,0.4572316
0,20468,0.4548242
0,20469,0.4524514
0,20470,0.4501127
0,20471,0.4478074
0,20472,0.445535
0,20473,0.4432949
0,20474,0.4410866
0,20475,0.4389095
0,20476,0.4367631
0,20477,0.4346468
0,20478,0.4325602
0,20479,0.4305028
0,20480,0.4284739
0,20481,0.4264733
0,20482,0.4245003
0,20483,0.4225546
0,20484,0.4206355
0,20485,0.4187428
0,20486,0.4168759
0,20487,0.4150344
0,20488,0.4132178
0,20489,0.4114259
0,20490,0.409658
0,20491,0.4079139
0,20492,0.4061931
0,20493,0.4044952
0,20494,0.4028198
0,20495,0.4011666
0,20496,0.3995352
0,20497,0.3979252
0,20498,0.3963363
0,20499,0.3947681
0,20500,0.3932202
0,20501,0.3916923
0,20502,0.390184
0,20503,0.3886952
0,20504,0.3872253
0,20505,0.3857741
0,20506,0.3843413
0,20507,0.3829266
0,20508,0.3815296
0,20509,0.3801501
0,20510,0.3787878
0,20511,0.3774424
0,20512,0.3761136
0,20513,0.3748011
0,20514,0.3735046
0,20515,0.372224
0,20516,0.3709589
0,20517,0.369709
0,20518,0.3684742
0,20519,0.3672542
0,20520,0.3660486
0,20521,0.3648573
0,20522,0.3636801
0,20523,0.3625167
0,20524,0.3613668
0,20525,0.3602303
0,20526,0.359107
0,20527,0.3579965
0,20528,0.3568988
0,20529,0.3558135
0,20530,0.3547406
0,20531,0.3536797
0,20532,0.3526306
0,20533,0.3515933
0,20534,0.3505675
0,20535,0.349553
0,20536,0.3485496
0,20537,0.3475572
0,20538,0.3465755
0,20539,0.3456044
0,20540,0.3446437
0,20541,0.3436932
0,20542,0.3427528
0,20543,0.3418224
0,20544,0.3409016
0,20545,0.3399905
0,20546,0.3390888
0,20547,0.3381964
0,20548,0.3373131
0,20549,0.3364387
0,20550,0.3355733
0,20551,0.3347165
0,20552,0.3338683
0,20553,0.3330285
0,20554,0.3321969
0,20555,0.3313735
0,20556,0.3305582
0,20557,0.3297507
0,20558,0.328951
0,20559,0.3281589
0,20560,0.3273743
0,20561,0.3265971
0,20562,0.3258272
0,20563,0.3250645
0,20564,0.3243088
0,20565,0.32356
0,20566,0.3228181
0,20567,0.3220828
0,20568,0.3213542
0,20569,0.3206321
0,20570,0.3199164
0,20571,0.319207
0,20572,0.3185038
0,20573,0.3178067
0,20574,0.3171156
0,20575,0.3164304
0,20576,0.3157511
0,20577,0.3150775
0,20578,0.3144095
0,20579,0.3137471
0,20580,0.3130901
0,20581,0.3124385
0,20582,0.3117923
0,20583,0.3111512
0,20584,0.3105153
0,20585,0.3098845
0,20586,0.3092586
0,20587,0.3086376
0,20588,0.3080215
0,20589,0.3074101
0,20590,0.3068033
0,20591,0.3062012
0,20592,0.3056037
0,20593,0.3050106
0,20594,0.3044219
0,20595,0.3038376
0,20596,0.3032575
0,20597,0.3026816
0,20598,0.3021099
0,20599,0.3015423
0,20600,0.3009786
0,20601,0.300419
0,20602,0.2998632
0,20603,0.2993113
0,20604,0.2987632
0,20605,0.2982188
0,20606,0.2976781
0,20607,0.297141
0,20608,0.2966074
0,20609,0.2960774
0,20610,0.2955509
0,20611,0.2950277
0,20612,0.294508
0,20613,0.2939915
0,20614,0.2934783
0,20615,0.2929683
0,20616,0.2924615
0,20617,0.2919579
0,20618,0.2914573
0,20619,0.2909597
0,20620,0.2904652
0,20621,0.2899736
0,20622,0.2894849
0,20623,0.2889991
0,20624,0.2885161
0,20625,0.2880359
0,20626,0.2875585
0,20627,0.2870837
0,20628,0.2866117
0,20629,0.2861423
0,20630,0.2856755
0,20631,0.2852112
0,20632,0.2847495
0,20633,0.2842903
0,20634,0.2838335
0,20635,0.2833792
0,20636,0.2829272
0,20637,0.2824776
0,20638,0.2820304
0,20639,0.2815854
0,20640,0.2811427
0,20641,0.2807023
0,20642,0.280264
0,20643,0.279828
0,20644,0.2793941
0,20645,0.2789623
0,20646,0.2785326
0,20647,0.278105
0,20648,0.2776794
0,20649,0.2772558
0,20650,0.2768342
0,20651,0.2764146
0,20652,0.2759969
0,20653,0.2755811
0,20654,0.2751672
0,20655,0.2747552
0,20656,0.274345
0,20657,0.2739366
0,20658,0.27353
0,20659,0.2731252
0,20660,0.2727222
0,20661,0.2723208
0,20662,0.2719212
0,20663,0.2715233
0,20664,0.271127
0,20665,0.2707324
0,20666,0.2703394
0,20667,0.269948
0,20668,0.2695582
0,20669,0.2691699
0,20670,0.2687832
0,20671,0.268398
0,20672,0.2680144
0,20673,0.2676322
0,20674,0.2672516
0,20675,0.2668723
0,20676,0.2664946
0,20677,0.2661182
0,20678,0.2657433
0,20679,0.2653697
0,20680,0.2649976
0,20681,0.2646268
0,20682,0.2642573
0,20683,0.2638892
0,20684,0.2635224
0,20685,0.263157
0,20686,0.2627927
0,20687,0.2624298
0,20688,0.2620682
0,20689,0.2617077
0,20690,0.2613485
0,20691,0.2609906
0,20692,0.2606338
0,20693,0.2602783
0,20694,0.2599239
0,20695,0.2595707
0,20696,0.2592187
0,20697,0.2588678
0,20698,0.2585181
0,20699,0.2581695
0,20700,0.257822
0,20701,0.2574756
0,20702,0.2571303
0,20703,0.256786
0,20704,0.2564428
0,20705,0.2561007
0,20706,0.2557597
0,20707,0.2554196
0,20708,0.2550806
0,20709,0.2547426
0,20710,0.2544056
0,20711,0.2540696
0,20712,0.2537346
0,20713,0.2534006
0,20714,0.2530676
0,20715,0.2527355
0,20716,0.2524043
0,20717,0.2520741
0,20718,0.2517449
0,20719,0.2514165
0,20720,0.2510891
0,20721,0.2507626
0,20722,0.250437
0,20723,0.2501123
0,20724,0.2497885
0,20725,0.2494655
0,20726,0.2491434
0,20727,0.2488222
0,20728,0.2485019
0,20729,0.2481824
0,20730,0.2478637
0,20731,0.2475459
0,20732,0.2472289
0,20733,0.2469127
0,20734,0.2465974
0,20735,0.2462828
0,20736,0.2459691
0,20737,0.2456561
0,20738,0.245344
0,20739,0.2450326
0,20740,0.244722
0,20741,0.2444122
0,20742,0.2441031
0,20743,0.2437949
0,20744,0.2434873
0,20745,0.2431805
0,20746,0.2428745
0,20747,0.2425692
0,20748,0.2422646
0,20749,0.2419608
0,20750,0.2416577
0,20751,0.2413553
0,20752,0.2410536
0,20753,0.2407526
0,20754,0.2404524
0,20755,0.2401528
0,20756,0.2398539
0,20757,0.2395557
0,20758,0.2392582
0,20759,0.2389614
0,20760,0.2386652
0,20761,0.2383697
0,20762,0.2380749
0,20763,0.2377808
0,20764,0.2374873
0,20765,0.2371945
0,20766,0.2369023
0,20767,0.2366107
0,20768,0.2363198
0,20769,0.2360296
0,20770,0.2357399
0,20771,0.2354509
0,20772,0.2351626
0,20773,0.2348748
0,20774,0.2345877
0,20775,0.2343011
0,20776,0.2340152
0,20777,0.2337299
0,20778,0.2334452
0,20779,0.233161
0,20780,0.2328775
0,20781,0.2325946
0,20782,0.2323123
0,20783,0.2320306
0,20784,0.2317495
0,20785,0.2314689
0,20786,0.2311889
0,20787,0.2309095
0,20788,0.2306306
0,20789,0.2303524
0,20790,0.2300746
0,20791,0.2297975
0,20792,0.2295209
0,20793,0.2292448
0,20794,0.2289693
0,20795,0.2286944
0,20796,0.22842
0,20797,0.2281461
0,20798,0.2278728
0,20799,0.2276
0,20800,0.2273278
0,20801,0.2270561
0,20802,0.2267849
0,20803,0.2265143
0,20804,0.2262442
0,20805,0.2259746
0,20806,0.2257055
0,20807,0.225437
0,20808,0.2251689
0,20809,0.2249014
0,20810,0.2246344
0,20811,0.2243679
0,20812,0.2241019
0,20813,0.2238364
0,20814,0.2235714
0,20815,0.2233069
0,20816,0.2230429
0,20817,0.2227794
0,20818,0.2225164
0,20819,0.2222538
0,20820,0.2219918
0,20821,0.2217303
0,20822,0.2214692
0,20823,0.2212087
0,20824,0.2209486
0,20825,0.220689
0,20826,0.2204299
0,20827,0.2201712
0,20828,0.219913
0,20829,0.2196553
0,20830,0.2193981
0,20831,0.2191413
0,20832,0.218885
0,20833,0.2186292
0,20834,0.2183738
0,20835,0.2181189
0,20836,0.2178645
0,20837,0.2176105
0,20838,0.2173569
0,20839,0.2171039
0,20840,0.2168512
0,20841,0.2165991
0,20842,0.2163473
0,20843,0.2160961
0,20844,0.2158452
0,20845,0.2155949
0,20846,0.2153449
0,20847,0.2150954
0,20848,0.2148464
0,20849,0.2145978
0,20850,0.2143496
0,20851,0.2141019
0,20852,0.2138546
0,20853,0.2136077
0,20854,0.2133612
0,20855,0.2131152
0,20856,0.2128697
0,20857,0.2126245
0,20858,0.2123798
0,20859,0.2121355
0,20860,0.2118917
0,20861,0.2116482
0,20862,0.2114052
0,20863,0.2111626
0,20864,0.2109204
0,20865,0.2106786
0,20866,0.2104373
0,20867,0.2101963
0,20868,0.2099558
0,20869,0.2097157
0,20870,0.209476
0,20871,0.2092367
0,20872,0.2089979
0,20873,0.2087594
0,20874,0.2085213
0,20875,0.2082837
0,20876,0.2080464
0,20877,0.2078096
0,20878,0.2075731
0,20879,0.2073371
0,20880,0.2071014
0,20881,0.2068662
0,20882,0.2066313
0,20883,0.2063969
0,20884,0.2061628
0,20885,0.2059292
0,20886,0.2056959
0,20887,0.205463
0,20888,0.2052305
0,20889,0.2049985
0,20890,0.2047668
0,20891,0.2045354
0,20892,0.2043045
0,20893,0.204074
0,20894,0.2038438
0,20895,0.203614
0,20896,0.2033846
0,20897,0.2031556
0,20898,0.202927
0,20899,0.2026987
0,20900,0.2024708
0,20901,0.2022433
0,20902,0.2020162
0,20903,0.2017894
0,20904,0.201563
0,20905,0.201337
0,20906,0.2011114
0,20907,0.2008861
0,20908,0.2006612
0,20909,0.2004367
0,20910,0.2002125
0,20911,0.1999888
0,20912,0.1997654
0,20913,0.1995423
0,20914,0.1993196
0,20915,0.1990973
0,20916,0.1988754
0,20917,0.1986538
0,20918,0.1984326
0,20919,0.1982117
0,20920,0.1979912
0,20921,0.1977711
0,20922,0.1975513
0,20923,0.1973318
0,20924,0.1971128
0,20925,0.196894
0,20926,0.1966757
0,20927,0.1964576
0,20928,0.19624
0,20929,0.1960226
0,20930,0.1958057
0,20931,0.195589
0,20932,0.1953728
0,20933,0.1951568
0,20934,0.1949412
0,20935,0.194726
0,20936,0.1945111
0,20937,0.1942965
0,20938,0.1940823
0,20939,0.1938684
0,20940,0.1936549
0,20941,0.1934418
0,20942,0.1932289
0,20943,0.1930165
0,20944,0.1928043
0,20945,0.1925925
0,20946,0.1923811
0,20947,0.1921699
0,20948,0.1919592
0,20949,0.1917487
0,20950,0.1915386
0,20951,0.1913288
0,20952,0.1911193
0,20953,0.1909102
0,20954,0.1907014
0,20955,0.190493
0,20956,0.1902848
0,20957,0.190077
0,20958,0.1898695
0,20959,0.1896624
0,20960,0.1894556
0,20961,0.1892491
0,20962,0.1890429
0,20963,0.1888371
0,20964,0.1886315
0,20965,0.1884263
0,20966,0.1882214
0,20967,0.1880169
0,20968,0.1878126
0,20969,0.1876087
0,20970,0.1874051
0,20971,0.1872018
0,20972,0.1869989
0,20973,0.1867963
0,20974,0.1865939
0,20975,0.186392
0,20976,0.1861903
0,20977,0.1859889
0,20978,0.1857879
0,20979,0.1855871
0,20980,0.1853867
0,20981,0.1851866
0,20982,0.1849868
0,20983,0.1847873
0,20984,0.1845882
0,20985,0.1843893
0,20986,0.1841908
0,20987,0.1839925
0,20988,0.1837946
0,20989,0.183597
0,20990,0.1833996
0,20991,0.1832026
0,20992,0.1830059
0,20993,0.1828095
0,20994,0.1826134
0,20995,0.1824177
0,20996,0.1822222
0,20997,0.182027
0,20998,0.1818321
0,20999,0.1816375
0,21000,0.1814433
0,21001,0.1812493
0,21002,0.1810556
0,21003,0.1808622
0,21004,0.1806692
0,21005,0.1804764
0,21006,0.1802839
0,21007,0.1800917
0,21008,0.1798999
0,21009,0.1797083
0,21010,0.179517
0,21011,0.179326
0,21012,0.1791353
0,21013,0.1789449
0,21014,0.1787548
0,21015,0.178565
0,21016,0.1783754
0,21017,0.1781862
0,21018,0.1779972
0,21019,0.1778086
0,21020,0.1776202
0,21021,0.1774321
0,21022,0.1772444
0,21023,0.1770569
0,21024,0.1768697
0,21025,0.1766827
0,21026,0.1764961
0,21027,0.1763098
0,21028,0.1761237
0,21029,0.1759379
0,21030,0.1757524
0,21031,0.1755672
0,21032,0.1753823
0,21033,0.1751977
0,21034,0.1750133
0,21035,0.1748292
0,21036,0.1746455
0,21037,0.1744619
0,21038,0.1742787
0,21039,0.1740957
0,21040,0.1739131
0,21041,0.1737307
0,21042,0.1735486
0,21043,0.1733667
0,21044,0.1731852
0,21045,0.1730039
0,21046,0.1728229
0,21047,0.1726421
0,21048,0.1724617
0,21049,0.1722815
0,21050,0.1721016
0,21051,0.1719219
0,21052,0.1717426
0,21053,0.1715635
0,21054,0.1713846
0,21055,0.1712061
0,21056,0.1710278
0,21057,0.1708498
0,21058,0.170672
0,21059,0.1704946
0,21060,0.1703174
0,21061,0.1701404
0,21062,0.1699638
0,21063,0.1697874
0,21064,0.1696112
0,21065,0.1694354
0,21066,0.1692598
0,21067,0.1690844
0,21068,0.1689093
0,21069,0.1687345
0,21070,0.16856
0,21071,0.1683857
0,21072,0.1682117
0,21073,0.1680379
0,21074,0.1678644
0,21075,0.1676912
0,21076,0.1675182
0,21077,0.1673455
0,21078,0.167173
0,21079,0.1670008
0,21080,0.1668289
0,21081,0.1666572
0,21082,0.1664858
0,21083,0.1663146
0,21084,0.1661437
0,21085,0.1659731
0,21086,0.1658027
0,21087,0.1656325
0,21088,0.1654626
0,21089,0.165293
0,21090,0.1651236
0,21091,0.1649545
0,21092,0.1647856
0,21093,0.1646169
0,21094,0.1644486
0,21095,0.1642804
0,21096,0.1641126
0,21097,0.163945
0,21098,0.1637776
0,21099,0.1636105
0,21100,0.1634436
0,21101,0.163277
0,21102,0.1631106
0,21103,0.1629444
0,21104,0.1627786
0,21105,0.1626129
0,21106,0.1624475
0,21107,0.1622824
0,21108,0.1621175
0,21109,0.1619528
0,21110,0.1617884
0,21111,0.1616242
0,21112,0.1614603
0,21113,0.1612966
0,21114,0.1611332
0,21115,0.16097
0,21116,0.160807
0,21117,0.1606443
0,21118,0.1604818
0,21119,0.1603196
0,21120,0.1601576
0,21121,0.1599958
0,21122,0.1598343
0,21123,0.159673
0,21124,0.159512
0,21125,0.1593512
0,21126,0.1591906
0,21127,0.1590303
0,21128,0.1588702
0,21129,0.1587103
0,21130,0.1585507
0,21131,0.1583913
0,21132,0.1582321
0,21133,0.1580732
0,21134,0.1579145
0,21135,0.157756
0,21136,0.1575978
0,21137,0.1574398
0,21138,0.1572821
0,21139,0.1571245
0,21140,0.1569672
0,21141,0.1568102
0,21142,0.1566533
0,21143,0.1564967
0,21144,0.1563403
0,21145,0.1561842
0,21146,0.1560283
0,21147,0.1558726
0,21148,0.1557171
0,21149,0.1555619
0,21150,0.1554068
0,21151,0.1552521
0,21152,0.1550975
0,21153,0.1549432
0,21154,0.1547891
0,21155,0.1546352
0,21156,0.1544815
0,21157,0.1543281
0,21158,0.1541748
0,21159,0.1540219
0,21160,0.1538691
0,21161,0.1537165
0,21162,0.1535642
0,21163,0.1534121
0,21164,0.1532602
0,21165,0.1531086
0,21166,0.1529571
0,21167,0.1528059
0,21168,0.1526549
0,21169,0.1525041
0,21170,0.1523535
0,21171,0.1522032
0,21172,0.152053
0,21173,0.1519031
0,21174,0.1517534
0,21175,0.151604
0,21176,0.1514547
0,21177,0.1513056
0,21178,0.1511568
0,21179,0.1510082
0,21180,0.1508598
0,21181,0.1507116
0,21182,0.1505636
0,21183,0.1504159
0,21184,0.1502683
0,21185,0.150121
0,21186,0.1499739
0,21187,0.149827
0,21188,0.1496803
0,21189,0.1495338
0,21190,0.1493875
0,21191,0.1492414
0,21192,0.1490956
0,21193,0.1489499
0,21194,0.1488045
0,21195,0.1486593
0,21196,0.1485143
0,21197,0.1483694
0,21198,0.1482249
0,21199,0.1480805
0,21200,0.1479363
0,21201,0.1477923
0,21202,0.1476485
0,21203,0.147505
0,21204,0.1473616
0,21205,0.1472184
0,21206,0.1470755
0,21207,0.1469327
0,21208,0.1467902
0,21209,0.1466478
0,21210,0.1465057
0,21211,0.1463637
0,21212,0.146222
0,21213,0.1460805
0,21214,0.1459391
0,21215,0.145798
0,21216,0.1456571
0,21217,0.1455163
0,21218,0.1453758
0,21219,0.1452355
0,21220,0.1450953
0,21221,0.1449554
0,21222,0.1448157
0,21223,0.1446762
0,21224,0.1445368
0,21225,0.1443977
0,21226,0.1442588
0,21227,0.14412
0,21228,0.1439815
0,21229,0.1438431
0,21230,0.143705
0,21231,0.143567
0,21232,0.1434293
0,21233,0.1432917
0,21234,0.1431543
0,21235,0.1430172
0,21236,0.1428802
0,21237,0.1427434
0,21238,0.1426068
0,21239,0.1424704
0,21240,0.1423342
0,21241,0.1421982
0,21242,0.1420624
0,21243,0.1419267
0,21244,0.1417913
0,21245,0.1416561
0,21246,0.141521
0,21247,0.1413861
0,21248,0.1412515
0,21249,0.141117
0,21250,0.1409827
0,21251,0.1408485
0,21252,0.1407146
0,21253,0.1405809
0,21254,0.1404473
0,21255,0.140314
0,21256,0.1401808
0,21257,0.1400478
0,21258,0.139915
0,21259,0.1397824
0,21260,0.13965
0,21261,0.1395177
0,21262,0.1393857
0,21263,0.1392538
0,21264,0.1391221
0,21265,0.1389906
0,21266,0.1388593
0,21267,0.1387281
0,21268,0.1385972
0,21269,0.1384664
0,21270,0.1383358
0,21271,0.1382054
0,21272,0.1380752
0,21273,0.1379452
0,21274,0.1378153
0,21275,0.1376856
0,21276,0.1375561
0,21277,0.1374268
0,21278,0.1372977
0,21279,0.1371687
0,21280,0.1370399
0,21281,0.1369113
0,21282,0.1367829
0,21283,0.1366546
0,21284,0.1365266
0,21285,0.1363987
0,21286,0.136271
0,21287,0.1361434
0,21288,0.1360161
0,21289,0.1358889
0,21290,0.1357619
0,21291,0.1356351
0,21292,0.1355084
0,21293,0.135382
0,21294,0.1352556
0,21295,0.1351295
0,21296,0.1350036
0,21297,0.1348778
0,21298,0.1347522
0,21299,0.1346267
0,21300,0.1345015
0,21301,0.1343764
0,21302,0.1342515
0,21303,0.1341267
0,21304,0.1340021
0,21305,0.1338778
0,21306,0.1337535
0,21307,0.1336295
0,21308,0.1335056
0,21309,0.1333819
0,21310,0.1332583
0,21311,0.1331349
0,21312,0.1330117
0,21313,0.1328887
0,21314,0.1327658
0,21315,0.1326431
0,21316,0.1325206
0,21317,0.1323982
0,21318,0.132276
0,21319,0.132154
0,21320,0.1320321
0,21321,0.1319104
0,21322,0.1317888
0,21323,0.1316675
0,21324,0.1315463
0,21325,0.1314252
0,21326,0.1313044
0,21327,0.1311837
0,21328,0.1310631
0,21329,0.1309427
0,21330,0.1308225
0,21331,0.1307025
0,21332,0.1305826
0,21333,0.1304629
0,21334,0.1303433
0,21335,0.1302239
0,21336,0.1301047
0,21337,0.1299856
0,21338,0.1298667
0,21339,0.1297479
0,21340,0.1296294
0,21341,0.1295109
0,21342,0.1293927
0,21343,0.1292745
0,21344,0.1291566
0,21345,0.1290388
0,21346,0.1289212
0,21347,0.1288037
0,21348,0.1286864
0,21349,0.1285692
0,21350,0.1284522
0,21351,0.1283354
0,21352,0.1282187
0,21353,0.1281022
0,21354,0.1279858
0,21355,0.1278696
0,21356,0.1277536
0,21357,0.1276377
0,21358,0.1275219
0,21359,0.1274064
0,21360,0.1272909
0,21361,0.1271757
0,21362,0.1270605
0,21363,0.1269456
0,21364,0.1268308
0,21365,0.1267161
0,21366,0.1266016
0,21367,0.1264873
0,21368,0.1263731
0,21369,0.126259
0,21370,0.1261452
0,21371,0.1260314
0,21372,0.1259178
0,21373,0.1258044
0,21374,0.1256911
0,21375,0.125578
0,21376,0.125465
0,21377,0.1253522
0,21378,0.1252395
0,21379,0.125127
0,21380,0.1250146
0,21381,0.1249024
0,21382,0.1247903
0,21383,0.1246784
0,21384,0.1245666
0,21385,0.124455
0,21386,0.1243435
0,21387,0.1242322
0,21388,0.124121
0,21389,0.12401
0,21390,0.1238991
0,21391,0.1237884
0,21392,0.1236778
0,21393,0.1235673
0,21394,0.123457
0,21395,0.1233469
0,21396,0.1232369
0,21397,0.123127
0,21398,0.1230173
0,21399,0.1229077
0,21400,0.1227983
0,21401,0.122689
0,21402,0.1225799
0,21403,0.1224709
0,21404,0.122362
0,21405,0.1222533
0,21406,0.1221448
0,21407,0.1220364
0,21408,0.1219281
0,21409,0.12182
0,21410,0.121712
0,21411,0.1216041
0,21412,0.1214964
0,21413,0.1213889
0,21414,0.1212814
0,21415,0.1211741
0,21416,0.121067
0,21417,0.12096
0,21418,0.1208532
0,21419,0.1207464
0,21420,0.1206399
0,21421,0.1205334
0,21422,0.1204271
0,21423,0.120321
0,21424,0.1202149
0,21425,0.1201091
0,21426,0.1200033
0,21427,0.1198977
0,21428,0.1197923
0,21429,0.1196869
0,21430,0.1195817
0,21431,0.1194767
0,21432,0.1193718
0,21433,0.119267
0,21434,0.1191624
0,21435,0.1190578
0,21436,0.1189535
0,21437,0.1188492
0,21438,0.1187451
0,21439,0.1186412
0,21440,0.1185374
0,21441,0.1184337
0,21442,0.1183301
0,21443,0.1182267
0,21444,0.1181234
0,21445,0.1180203
0,21446,0.1179172
0,21447,0.1178144
0,21448,0.1177116
0,21449,0.117609
0,21450,0.1175065
0,21451,0.1174042
0,21452,0.1173019
0,21453,0.1171999
0,21454,0.1170979
0,21455,0.1169961
0,21456,0.1168944
0,21457,0.1167928
0,21458,0.1166914
0,21459,0.1165901
0,21460,0.1164889
0,21461,0.1163879
0,21462,0.116287
0,21463,0.1161862
0,21464,0.1160856
0,21465,0.1159851
0,21466,0.1158847
0,21467,0.1157844
0,21468,0.1156843
0,21469,0.1155843
0,21470,0.1154844
0,21471,0.1153847
0,21472,0.115285
0,21473,0.1151856
0,21474,0.1150862
0,21475,0.114987
0,21476,0.1148879
0,21477,0.1147889
0,21478,0.11469
0,21479,0.1145913
0,21480,0.1144927
0,21481,0.1143942
0,21482,0.1142959
0,21483,0.1141976
0,21484,0.1140996
0,21485,0.1140016
0,21486,0.1139037
0,21487,0.113806
0,21488,0.1137084
0,21489,0.1136109
0,21490,0.1135136
0,21491,0.1134164
0,21492,0.1133193
0,21493,0.1132223
0,21494,0.1131254
0,21495,0.1130287
0,21496,0.1129321
0,21497,0.1128356
0,21498,0.1127393
0,21499,0.112643
0,21500,0.1125469
0,21501,0.1124509
0,21502,0.112355
0,21503,0.1122593
0,21504,0.1121637
0,21505,0.1120681
0,21506,0.1119728
0,21507,0.1118775
0,21508,0.1117823
0,21509,0.1116873
0,21510,0.1115924
0,21511,0.1114976
0,21512,0.111403
0,21513,0.1113084
0,21514,0.111214
0,21515,0.1111197
0,21516,0.1110255
0,21517,0.1109314
0,21518,0.1108375
0,21519,0.1107436
0,21520,0.1106499
0,21521,0.1105563
0,21522,0.1104628
0,21523,0.1103695
0,21524,0.1102762
0,21525,0.1101831
0,21526,0.1100901
0,21527,0.1099972
0,21528,0.1099044
0,21529,0.1098117
0,21530,0.1097192
0,21531,0.1096267
0,21532,0.1095344
0,21533,0.1094422
0,21534,0.1093501
0,21535,0.1092582
0,21536,0.1091663
0,21537,0.1090746
0,21538,0.1089829
0,21539,0.1088914
0,21540,0.1088
0,21541,0.1087087
0,21542,0.1086176
0,21543,0.1085265
0,21544,0.1084355
0,21545,0.1083447
0,21546,0.108254
0,21547,0.1081634
0,21548,0.1080729
0,21549,0.1079825
0,21550,0.1078922
0,21551,0.1078021
0,21552,0.107712
0,21553,0.1076221
0,21554,0.1075323
0,21555,0.1074426
0,21556,0.107353
0,21557,0.1072635
0,21558,0.1071741
0,21559,0.1070848
0,21560,0.1069957
0,21561,0.1069066
0,21562,0.1068177
0,21563,0.1067289
0,21564,0.1066401
0,21565,0.1065515
0,21566,0.106463
0,21567,0.1063746
0,21568,0.1062864
0,21569,0.1061982
0,21570,0.1061101
0,21571,0.1060222
0,21572,0.1059343
0,21573,0.1058466
0,21574,0.1057589
0,21575,0.1056714
0,21576,0.105584
0,21577,0.1054967
0,21578,0.1054095
0,21579,0.1053224
0,21580,0.1052354
0,21581,0.1051485
0,21582,0.1050617
0,21583,0.1049751
0,21584,0.1048885
0,21585,0.104802
0,21586,0.1047157
0,21587,0.1046294
0,21588,0.1045433
0,21589,0.1044573
0,21590,0.1043713
0,21591,0.1042855
0,21592,0.1041998
0,21593,0.1041141
0,21594,0.1040286
0,21595,0.1039432
0,21596,0.1038579
0,21597,0.1037727
0,21598,0.1036876
0,21599,0.1036026
0,21600,0.1035177
0,21601,0.1034338
0,21602,0.1034365
0,21603,0.1040863
0,21604,0.1065204
0,21605,0.1120885
0,21606,0.1220407
0,21607,0.1373633
0,21608,0.1587104
0,21609,0.1863981
0,21610,0.2204347
0,21611,0.2605777
0,21612,0.3064006
0,21613,0.3573553
0,21614,0.4128278
0,21615,0.4721802
0,21616,0.5347808
0,21617,0.6000261
0,21618,0.6673517
0,21619,0.7362408
0,21620,0.8062261
0,21621,0.8768902
0,21622,0.9478647
0,21623,1.018826
0,21624,1.089496
0,21625,1.159632
0,21626,1.229029
0,21627,1.297516
0,21628,1.364947
0,21629,1.431204
0,21630,1.496192
0,21631,1.559836
0,21632,1.622077
0,21633,1.682874
0,21634,1.742196
0,21635,1.800026
0,21636,1.856354
0,21637,1.911186
0,21638,1.964526
0,21639,2.016391
0,21640,2.066799
0,21641,2.115773
0,21642,2.163341
0,21643,2.209531
0,21644,2.254374
0,21645,2.297905
0,21646,2.340158
0,21647,2.381169
0,21648,2.420972
0,21649,2.459605
0,21650,2.497103
0,21651,2.533502
0,21652,2.568838
0,21653,2.603146
0,21654,2.636461
0,21655,2.668815
0,21656,2.700241
0,21657,2.730773
0,21658,2.76044
0,21659,2.789274
0,21660,2.817302
0,21661,2.844553
0,21662,2.871056
0,21663,2.896835
0,21664,2.921918
0,21665,2.946328
0,21666,2.970089
0,21667,2.993222
0,21668,3.015751
0,21669,3.037696
0,21670,3.059076
0,21671,3.079912
0,21672,3.100222
0,21673,3.120023
0,21674,3.139332
0,21675,3.158166
0,21676,3.17654
0,21677,3.194469
0,21678,3.211969
0,21679,3.229052
0,21680,3.245731
0,21681,3.26202
0,21682,3.27793
0,21683,3.293472
0,21684,3.308658
0,21685,3.323499
0,21686,3.338005
0,21687,3.352185
0,21688,3.366051
0,21689,3.37961
0,21690,3.392872
0,21691,3.405845
0,21692,3.418537
0,21693,3.430955
0,21694,3.443106
0,21695,3.454999
0,21696,3.46664
0,21697,3.478035
0,21698,3.489192
0,21699,3.500117
0,21700,3.510816
0,21701,3.521295
0,21702,3.531558
0,21703,3.541611
0,21704,3.551459
0,21705,3.561105
0,21706,3.570551
0,21707,3.579772
0,21708,3.588616
0,21709,3.596794
0,21710,3.603967
0,21711,3.609839
0,21712,3.614183
0,21713,3.616832
0,21714,3.617686
0,21715,3.616683
0,21716,3.613814
0,21717,3.609078
0,21718,3.60251
0,21719,3.594146
0,21720,3.584023
0,21721,3.5722
0,21722,3.55872
0,21723,3.54364
0,21724,3.527014
0,21725,3.508896
0,21726,3.489343
0,21727,3.468406
0,21728,3.446141
0,21729,3.422598
0,21730,3.397823
0,21731,3.371871
0,21732,3.344779
0,21733,3.316593
0,21734,3.287355
0,21735,3.257102
0,21736,3.22587
0,21737,3.193696
0,21738,3.160614
0,21739,3.126654
0,21740,3.091849
0,21741,3.056229
0,21742,3.019821
0,21743,2.982654
0,21744,2.944753
0,21745,2.906143
0,21746,2.866849
0,21747,2.826892
0,21748,2.786295
0,21749,2.745078
0,21750,2.703263
0,21751,2.660867
0,21752,2.617909
0,21753,2.574406
0,21754,2.530377
0,21755,2.485836
0,21756,2.4408
0,21757,2.395284
0,21758,2.349303
0,21759,2.302876
0,21760,2.2561
0,21761,2.209252
0,21762,2.16271
0,21763,2.116837
0,21764,2.071929
0,21765,2.028198
0,21766,1.985782
0,21767,1.944762
0,21768,1.905173
0,21769,1.867017
0,21770,1.830272
0,21771,1.794903
0,21772,1.760861
0,21773,1.728092
0,21774,1.696539
0,21775,1.666144
0,21776,1.636848
0,21777,1.608595
0,21778,1.581328
0,21779,1.554996
0,21780,1.529547
0,21781,1.504934
0,21782,1.481113
0,21783,1.458041
0,21784,1.435679
0,21785,1.413989
0,21786,1.392937
0,21787,1.372492
0,21788,1.352623
0,21789,1.333301
0,21790,1.3145
0,21791,1.296191
0,21792,1.278349
0,21793,1.260949
0,21794,1.243969
0,21795,1.22739
0,21796,1.211194
0,21797,1.195365
0,21798,1.179888
0,21799,1.16475
0,21800,1.149939
0,21801,1.135442
0,21802,1.121249
0,21803,1.107351
0,21804,1.093737
0,21805,1.080399
0,21806,1.067329
0,21807,1.054518
0,21808,1.04196
0,21809,1.029647
0,21810,1.017573
0,21811,1.005731
0,21812,0.9941149
0,21813,0.9827192
0,21814,0.9715379
0,21815,0.9605659
0,21816,0.9497977
0,21817,0.9392287
0,21818,0.9288538
0,21819,0.9186687
0,21820,0.9086689
0,21821,0.8988503
0,21822,0.8892086
0,21823,0.8797398
0,21824,0.8704402
0,21825,0.861306
0,21826,0.8523336
0,21827,0.8435195
0,21828,0.8348604
0,21829,0.8263528
0,21830,0.8179938
0,21831,0.8097801
0,21832,0.8017088
0,21833,0.7937769
0,21834,0.7859817
0,21835,0.7783202
0,21836,0.7707899
0,21837,0.763388
0,21838,0.7561121
0,21839,0.7489597
0,21840,0.7419282
0,21841,0.7350154
0,21842,0.7282189
0,21843,0.7215365
0,21844,0.7149659
0,21845,0.7085052
0,21846,0.702152
0,21847,0.6959043
0,21848,0.6897602
0,21849,0.6837177
0,21850,0.6777749
0,21851,0.6719299
0,21852,0.6661809
0,21853,0.6605261
0,21854,0.6549637
0,21855,0.649492
0,21856,0.6441094
0,21857,0.6388142
0,21858,0.6336048
0,21859,0.6284795
0,21860,0.623437
0,21861,0.6184756
0,21862,0.6135939
0,21863,0.6087905
0,21864,0.6040639
0,21865,0.5994127
0,21866,0.5948356
0,21867,0.5903313
0,21868,0.5858983
0,21869,0.5815355
0,21870,0.5772416
0,21871,0.5730153
0,21872,0.5688555
0,21873,0.564761
0,21874,0.5607305
0,21875,0.5567631
0,21876,0.5528574
0,21877,0.5490125
0,21878,0.5452273
0,21879,0.5415007
0,21880,0.5378317
0,21881,0.5342193
0,21882,0.5306625
0,21883,0.5271602
0,21884,0.5237116
0,21885,0.5203156
0,21886,0.5169715
0,21887,0.5136783
0,21888,0.510435
0,21889,0.5072408
0,21890,0.5040948
0,21891,0.5009964
0,21892,0.4979444
0,21893,0.4949382
0,21894,0.491977
0,21895,0.48906
0,21896,0.4861864
0,21897,0.4833556
0,21898,0.4805666
0,21899,0.4778189
0,21900,0.4751116
0,21901,0.4724442
0,21902,0.4698159
0,21903,0.467226
0,21904,0.4646738
0,21905,0.4621589
0,21906,0.4596803
0,21907,0.4572377
0,21908,0.4548303
0,21909,0.4524575
0,21910,0.4501188
0,21911,0.4478135
0,21912,0.4455411
0,21913,0.443301
0,21914,0.4410926
0,21915,0.4389156
0,21916,0.4367692
0,21917,0.4346529
0,21918,0.4325663
0,21919,0.4305089
0,21920,0.42848
0,21921,0.4264794
0,21922,0.4245064
0,21923,0.4225606
0,21924,0.4206416
0,21925,0.4187489
0,21926,0.4168819
0,21927,0.4150405
0,21928,0.4132239
0,21929,0.4114319
0,21930,0.4096641
0,21931,0.4079199
0,21932,0.4061991
0,21933,0.4045013
0,21934,0.4028259
0,21935,0.4011727
0,21936,0.3995413
0,21937,0.3979313
0,21938,0.3963423
0,21939,0.3947741
0,21940,0.3932262
0,21941,0.3916983
0,21942,0.3901901
0,21943,0.3887012
0,21944,0.3872313
0,21945,0.3857801
0,21946,0.3843473
0,21947,0.3829326
0,21948,0.3815356
0,21949,0.3801562
0,21950,0.3787938
0,21951,0.3774484
0,21952,0.3761196
0,21953,0.3748071
0,21954,0.3735107
0,21955,0.3722301
0,21956,0.3709649
0,21957,0.3697151
0,21958,0.3684803
0,21959,0.3672602
0,21960,0.3660547
0,21961,0.3648634
0,21962,0.3636861
0,21963,0.3625227
0,21964,0.3613729
0,21965,0.3602364
0,21966,0.359113
0,21967,0.3580025
0,21968,0.3569048
0,21969,0.3558196
0,21970,0.3547466
0,21971,0.3536857
0,21972,0.3526367
0,21973,0.3515994
0,21974,0.3505735
0,21975,0.349559
0,21976,0.3485556
0,21977,0.3475632
0,21978,0.3465815
0,21979,0.3456104
0,21980,0.3446497
0,21981,0.3436992
0,21982,0.3427588
0,21983,0.3418283
0,21984,0.3409076
0,21985,0.3399965
0,21986,0.3390948
0,21987,0.3382024
0,21988,0.3373191
0,21989,0.3364448
0,21990,0.3355793
0,21991,0.3347225
0,21992,0.3338743
0,21993,0.3330345
0,21994,0.3322029
0,21995,0.3313795
0,21996,0.3305642
0,21997,0.3297567
0,21998,0.328957
0,21999,0.3281649
0,22000,0.3273803
0,22001,0.3266031
0,22002,0.3258332
0,22003,0.3250705
0,22004,0.3243148
0,22005,0.323566
0,22006,0.3228241
0,22007,0.3220888
0,22008,0.3213602
0,22009,0.3206381
0,22010,0.3199224
0,22011,0.319213
0,22012,0.3185098
0,22013,0.3178127
0,22014,0.3171216
0,22015,0.3164364
0,22016,0.3157571
0,22017,0.3150835
0,22018,0.3144155
0,22019,0.3137531
0,22020,0.3130961
0,22021,0.3124445
0,22022,0.3117982
0,22023,0.3111572
0,22024,0.3105213
0,22025,0.3098904
0,22026,0.3092645
0,22027,0.3086435
0,22028,0.3080274
0,22029,0.307416
0,22030,0.3068093
0,22031,0.3062072
0,22032,0.3056096
0,22033,0.3050165
0,22034,0.3044279
0,22035,0.3038435
0,22036,0.3032635
0,22037,0.3026876
0,22038,0.3021159
0,22039,0.3015482
0,22040,0.3009846
0,22041,0.3004249
0,22042,0.2998692
0,22043,0.2993172
0,22044,0.2987691
0,22045,0.2982247
0,22046,0.297684
0,22047,0.2971469
0,22048,0.2966134
0,22049,0.2960834
0,22050,0.2955568
0,22051,0.2950337
0,22052,0.2945139
0,22053,0.2939974
0,22054,0.2934842
0,22055,0.2929743
0,22056,0.2924675
0,22057,0.2919638
0,22058,0.2914632
0,22059,0.2909657
0,22060,0.2904711
0,22061,0.2899795
0,22062,0.2894908
0,22063,0.289005
0,22064,0.288522
0,22065,0.2880419
0,22066,0.2875644
0,22067,0.2870897
0,22068,0.2866176
0,22069,0.2861482
0,22070,0.2856814
0,22071,0.2852171
0,22072,0.2847554
0,22073,0.2842962
0,22074,0.2838394
0,22075,0.2833851
0,22076,0.2829331
0,22077,0.2824835
0,22078,0.2820363
0,22079,0.2815914
0,22080,0.2811486
0,22081,0.2807082
0,22082,0.28027
0,22083,0.2798339
0,22084,0.2794
0,22085,0.2789682
0,22086,0.2785385
0,22087,0.2781109
0,22088,0.2776853
0,22089,0.2772617
0,22090,0.2768401
0,22091,0.2764205
0,22092,0.2760028
0,22093,0.275587
0,22094,0.2751731
0,22095,0.2747611
0,22096,0.2743509
0,22097,0.2739425
0,22098,0.2735359
0,22099,0.2731311
0,22100,0.2727281
0,22101,0.2723267
0,22102,0.2719271
0,22103,0.2715292
0,22104,0.2711329
0,22105,0.2707383
0,22106,0.2703453
0,22107,0.2699538
0,22108,0.269564
0,22109,0.2691758
0,22110,0.2687891
0,22111,0.2684039
0,22112,0.2680203
0,22113,0.2676381
0,22114,0.2672575
0,22115,0.2668782
0,22116,0.2665004
0,22117,0.2661241
0,22118,0.2657492
0,22119,0.2653756
0,22120,0.2650035
0,22121,0.2646327
0,22122,0.2642632
0,22123,0.2638951
0,22124,0.2635283
0,22125,0.2631628
0,22126,0.2627986
0,22127,0.2624357
0,22128,0.262074
0,22129,0.2617136
0,22130,0.2613544
0,22131,0.2609964
0,22132,0.2606397
0,22133,0.2602842
0,22134,0.2599298
0,22135,0.2595766
0,22136,0.2592246
0,22137,0.2588737
0,22138,0.258524
0,22139,0.2581753
0,22140,0.2578278
0,22141,0.2574814
0,22142,0.2571361
0,22143,0.2567919
0,22144,0.2564487
0,22145,0.2561066
0,22146,0.2557655
0,22147,0.2554255
0,22148,0.2550864
0,22149,0.2547484
0,22150,0.2544115
0,22151,0.2540755
0,22152,0.2537405
0,22153,0.2534065
0,22154,0.2530734
0,22155,0.2527413
0,22156,0.2524102
0,22157,0.25208
0,22158,0.2517507
0,22159,0.2514224
0,22160,0.251095
0,22161,0.2507685
0,22162,0.2504428
0,22163,0.2501181
0,22164,0.2497943
0,22165,0.2494714
0,22166,0.2491493
0,22167,0.2488281
0,22168,0.2485077
0,22169,0.2481882
0,22170,0.2478695
0,22171,0.2475517
0,22172,0.2472347
0,22173,0.2469185
0,22174,0.2466032
0,22175,0.2462886
0,22176,0.2459749
0,22177,0.245662
0,22178,0.2453498
0,22179,0.2450384
0,22180,0.2447278
0,22181,0.244418
0,22182,0.244109
0,22183,0.2438007
0,22184,0.2434931
0,22185,0.2431864
0,22186,0.2428803
0,22187,0.242575
0,22188,0.2422705
0,22189,0.2419666
0,22190,0.2416635
0,22191,0.2413611
0,22192,0.2410594
0,22193,0.2407584
0,22194,0.2404582
0,22195,0.2401586
0,22196,0.2398597
0,22197,0.2395615
0,22198,0.239264
0,22199,0.2389672
0,22200,0.238671
0,22201,0.2383755
0,22202,0.2380807
0,22203,0.2377866
0,22204,0.2374931
0,22205,0.2372003
0,22206,0.2369081
0,22207,0.2366165
0,22208,0.2363256
0,22209,0.2360354
0,22210,0.2357457
0,22211,0.2354567
0,22212,0.2351684
0,22213,0.2348806
0,22214,0.2345935
0,22215,0.2343069
0,22216,0.234021
0,22217,0.2337357
0,22218,0.2334509
0,22219,0.2331668
0,22220,0.2328833
0,22221,0.2326004
0,22222,0.2323181
0,22223,0.2320364
0,22224,0.2317552
0,22225,0.2314747
0,22226,0.2311947
0,22227,0.2309153
0,22228,0.2306364
0,22229,0.2303581
0,22230,0.2300804
0,22231,0.2298033
0,22232,0.2295267
0,22233,0.2292506
0,22234,0.2289751
0,22235,0.2287002
0,22236,0.2284257
0,22237,0.2281519
0,22238,0.2278785
0,22239,0.2276058
0,22240,0.2273335
0,22241,0.2270618
0,22242,0.2267907
0,22243,0.22652
0,22244,0.2262499
0,22245,0.2259803
0,22246,0.2257113
0,22247,0.2254427
0,22248,0.2251747
0,22249,0.2249072
0,22250,0.2246401
0,22251,0.2243736
0,22252,0.2241076
0,22253,0.2238421
0,22254,0.2235771
0,22255,0.2233126
0,22256,0.2230486
0,22257,0.2227851
0,22258,0.2225221
0,22259,0.2222596
0,22260,0.2219976
0,22261,0.221736
0,22262,0.221475
0,22263,0.2212144
0,22264,0.2209543
0,22265,0.2206947
0,22266,0.2204356
0,22267,0.220177
0,22268,0.2199188
0,22269,0.2196611
0,22270,0.2194038
0,22271,0.2191471
0,22272,0.2188908
0,22273,0.2186349
0,22274,0.2183796
0,22275,0.2181246
0,22276,0.2178702
0,22277,0.2176162
0,22278,0.2173627
0,22279,0.2171096
0,22280,0.216857
0,22281,0.2166048
0,22282,0.2163531
0,22283,0.2161018
0,22284,0.215851
0,22285,0.2156006
0,22286,0.2153507
0,22287,0.2151012
0,22288,0.2148521
0,22289,0.2146035
0,22290,0.2143553
0,22291,0.2141076
0,22292,0.2138603
0,22293,0.2136134
0,22294,0.213367
0,22295,0.213121
0,22296,0.2128754
0,22297,0.2126303
0,22298,0.2123855
0,22299,0.2121412
0,22300,0.2118974
0,22301,0.2116539
0,22302,0.2114109
0,22303,0.2111683
0,22304,0.2109261
0,22305,0.2106843
0,22306,0.210443
0,22307,0.2102021
0,22308,0.2099615
0,22309,0.2097214
0,22310,0.2094817
0,22311,0.2092424
0,22312,0.2090036
0,22313,0.2087651
0,22314,0.208527
0,22315,0.2082894
0,22316,0.2080521
0,22317,0.2078153
0,22318,0.2075788
0,22319,0.2073428
0,22320,0.2071071
0,22321,0.2068719
0,22322,0.206637
0,22323,0.2064026
0,22324,0.2061685
0,22325,0.2059349
0,22326,0.2057016
0,22327,0.2054687
0,22328,0.2052362
0,22329,0.2050042
0,22330,0.2047724
0,22331,0.2045411
0,22332,0.2043102
0,22333,0.2040797
0,22334,0.2038495
0,22335,0.2036197
0,22336,0.2033903
0,22337,0.2031613
0,22338,0.2029327
0,22339,0.2027044
0,22340,0.2024765
0,22341,0.202249
0,22342,0.2020219
0,22343,0.2017951
0,22344,0.2015687
0,22345,0.2013427
0,22346,0.201117
0,22347,0.2008917
0,22348,0.2006669
0,22349,0.2004423
0,22350,0.2002182
0,22351,0.1999944
0,22352,0.199771
0,22353,0.199548
0,22354,0.1993253
0,22355,0.199103
0,22356,0.198881
0,22357,0.1986595
0,22358,0.1984382
0,22359,0.1982174
0,22360,0.1979969
0,22361,0.1977767
0,22362,0.1975569
0,22363,0.1973375
0,22364,0.1971184
0,22365,0.1968997
0,22366,0.1966813
0,22367,0.1964633
0,22368,0.1962456
0,22369,0.1960283
0,22370,0.1958113
0,22371,0.1955947
0,22372,0.1953784
0,22373,0.1951625
0,22374,0.1949469
0,22375,0.1947316
0,22376,0.1945167
0,22377,0.1943022
0,22378,0.1940879
0,22379,0.1938741
0,22380,0.1936606
0,22381,0.1934474
0,22382,0.1932346
0,22383,0.1930221
0,22384,0.19281
0,22385,0.1925982
0,22386,0.1923867
0,22387,0.1921756
0,22388,0.1919648
0,22389,0.1917543
0,22390,0.1915442
0,22391,0.1913344
0,22392,0.191125
0,22393,0.1909158
0,22394,0.190707
0,22395,0.1904986
0,22396,0.1902905
0,22397,0.1900827
0,22398,0.1898752
0,22399,0.189668
0,22400,0.1894612
0,22401,0.1892547
0,22402,0.1890485
0,22403,0.1888427
0,22404,0.1886371
0,22405,0.1884319
0,22406,0.188227
0,22407,0.1880225
0,22408,0.1878182
0,22409,0.1876143
0,22410,0.1874107
0,22411,0.1872075
0,22412,0.1870045
0,22413,0.1868019
0,22414,0.1865996
0,22415,0.1863976
0,22416,0.1861959
0,22417,0.1859945
0,22418,0.1857935
0,22419,0.1855927
0,22420,0.1853923
0,22421,0.1851922
0,22422,0.1849924
0,22423,0.1847929
0,22424,0.1845938
0,22425,0.1843949
0,22426,0.1841964
0,22427,0.1839981
0,22428,0.1838002
0,22429,0.1836026
0,22430,0.1834053
0,22431,0.1832082
0,22432,0.1830115
0,22433,0.1828151
0,22434,0.182619
0,22435,0.1824232
0,22436,0.1822278
0,22437,0.1820326
0,22438,0.1818377
0,22439,0.1816431
0,22440,0.1814488
0,22441,0.1812549
0,22442,0.1810612
0,22443,0.1808678
0,22444,0.1806748
0,22445,0.180482
0,22446,0.1802895
0,22447,0.1800973
0,22448,0.1799054
0,22449,0.1797138
0,22450,0.1795226
0,22451,0.1793316
0,22452,0.1791409
0,22453,0.1789505
0,22454,0.1787603
0,22455,0.1785705
0,22456,0.178381
0,22457,0.1781918
0,22458,0.1780028
0,22459,0.1778142
0,22460,0.1776258
0,22461,0.1774377
0,22462,0.1772499
0,22463,0.1770625
0,22464,0.1768752
0,22465,0.1766883
0,22466,0.1765017
0,22467,0.1763153
0,22468,0.1761293
0,22469,0.1759435
0,22470,0.175758
0,22471,0.1755728
0,22472,0.1753879
0,22473,0.1752032
0,22474,0.1750189
0,22475,0.1748348
0,22476,0.174651
0,22477,0.1744675
0,22478,0.1742843
0,22479,0.1741013
0,22480,0.1739186
0,22481,0.1737362
0,22482,0.1735541
0,22483,0.1733723
0,22484,0.1731907
0,22485,0.1730094
0,22486,0.1728284
0,22487,0.1726477
0,22488,0.1724672
0,22489,0.172287
0,22490,0.1721071
0,22491,0.1719275
0,22492,0.1717481
0,22493,0.171569
0,22494,0.1713902
0,22495,0.1712116
0,22496,0.1710334
0,22497,0.1708553
0,22498,0.1706776
0,22499,0.1705001
0,22500,0.1703229
0,22501,0.170146
0,22502,0.1699693
0,22503,0.1697929
0,22504,0.1696168
0,22505,0.1694409
0,22506,0.1692653
0,22507,0.16909
0,22508,0.1689149
0,22509,0.1687401
0,22510,0.1685655
0,22511,0.1683912
0,22512,0.1682172
0,22513,0.1680435
0,22514,0.16787
0,22515,0.1676967
0,22516,0.1675238
0,22517,0.167351
0,22518,0.1671786
0,22519,0.1670064
0,22520,0.1668344
0,22521,0.1666628
0,22522,0.1664913
0,22523,0.1663202
0,22524,0.1661492
0,22525,0.1659786
0,22526,0.1658082
0,22527,0.165638
0,22528,0.1654681
0,22529,0.1652985
0,22530,0.1651291
0,22531,0.16496
0,22532,0.1647911
0,22533,0.1646225
0,22534,0.1644541
0,22535,0.164286
0,22536,0.1641181
0,22537,0.1639505
0,22538,0.1637831
0,22539,0.163616
0,22540,0.1634491
0,22541,0.1632825
0,22542,0.1631161
0,22543,0.1629499
0,22544,0.1627841
0,22545,0.1626184
0,22546,0.162453
0,22547,0.1622879
0,22548,0.162123
0,22549,0.1619583
0,22550,0.1617939
0,22551,0.1616297
0,22552,0.1614658
0,22553,0.1613021
0,22554,0.1611387
0,22555,0.1609755
0,22556,0.1608125
0,22557,0.1606498
0,22558,0.1604873
0,22559,0.1603251
0,22560,0.1601631
0,22561,0.1600013
0,22562,0.1598398
0,22563,0.1596785
0,22564,0.1595175
0,22565,0.1593566
0,22566,0.1591961
0,22567,0.1590357
0,22568,0.1588756
0,22569,0.1587158
0,22570,0.1585561
0,22571,0.1583968
0,22572,0.1582376
0,22573,0.1580787
0,22574,0.15792
0,22575,0.1577615
0,22576,0.1576033
0,22577,0.1574453
0,22578,0.1572875
0,22579,0.15713
0,22580,0.1569727
0,22581,0.1568156
0,22582,0.1566588
0,22583,0.1565022
0,22584,0.1563458
0,22585,0.1561897
0,22586,0.1560337
0,22587,0.155878
0,22588,0.1557226
0,22589,0.1555673
0,22590,0.1554123
0,22591,0.1552575
0,22592,0.155103
0,22593,0.1549486
0,22594,0.1547945
0,22595,0.1546406
0,22596,0.154487
0,22597,0.1543335
0,22598,0.1541803
0,22599,0.1540273
0,22600,0.1538745
0,22601,0.153722
0,22602,0.1535697
0,22603,0.1534176
0,22604,0.1532657
0,22605,0.153114
0,22606,0.1529626
0,22607,0.1528113
0,22608,0.1526603
0,22609,0.1525095
0,22610,0.152359
0,22611,0.1522086
0,22612,0.1520585
0,22613,0.1519086
0,22614,0.1517589
0,22615,0.1516094
0,22616,0.1514601
0,22617,0.1513111
0,22618,0.1511623
0,22619,0.1510136
0,22620,0.1508652
0,22621,0.150717
0,22622,0.1505691
0,22623,0.1504213
0,22624,0.1502738
0,22625,0.1501264
0,22626,0.1499793
0,22627,0.1498324
0,22628,0.1496857
0,22629,0.1495392
0,22630,0.1493929
0,22631,0.1492469
0,22632,0.149101
0,22633,0.1489554
0,22634,0.1488099
0,22635,0.1486647
0,22636,0.1485197
0,22637,0.1483749
0,22638,0.1482303
0,22639,0.1480859
0,22640,0.1479417
0,22641,0.1477977
0,22642,0.1476539
0,22643,0.1475104
0,22644,0.147367
0,22645,0.1472238
0,22646,0.1470809
0,22647,0.1469381
0,22648,0.1467956
0,22649,0.1466532
0,22650,0.1465111
0,22651,0.1463691
0,22652,0.1462274
0,22653,0.1460859
0,22654,0.1459445
0,22655,0.1458034
0,22656,0.1456625
0,22657,0.1455217
0,22658,0.1453812
0,22659,0.1452409
0,22660,0.1451008
0,22661,0.1449608
0,22662,0.1448211
0,22663,0.1446816
0,22664,0.1445422
0,22665,0.1444031
0,22666,0.1442641
0,22667,0.1441254
0,22668,0.1439869
0,22669,0.1438485
0,22670,0.1437104
0,22671,0.1435724
0,22672,0.1434347
0,22673,0.1432971
0,22674,0.1431597
0,22675,0.1430226
0,22676,0.1428856
0,22677,0.1427488
0,22678,0.1426122
0,22679,0.1424758
0,22680,0.1423396
0,22681,0.1422036
0,22682,0.1420677
0,22683,0.1419321
0,22684,0.1417967
0,22685,0.1416614
0,22686,0.1415264
0,22687,0.1413915
0,22688,0.1412568
0,22689,0.1411223
0,22690,0.140988
0,22691,0.1408539
0,22692,0.14072
0,22693,0.1405863
0,22694,0.1404527
0,22695,0.1403193
0,22696,0.1401862
0,22697,0.1400532
0,22698,0.1399204
0,22699,0.1397878
0,22700,0.1396554
0,22701,0.1395231
0,22702,0.139391
0,22703,0.1392592
0,22704,0.1391275
0,22705,0.138996
0,22706,0.1388647
0,22707,0.1387335
0,22708,0.1386026
0,22709,0.1384718
0,22710,0.1383412
0,22711,0.1382108
0,22712,0.1380806
0,22713,0.1379505
0,22714,0.1378207
0,22715,0.137691
0,22716,0.1375615
0,22717,0.1374322
0,22718,0.137303
0,22719,0.1371741
0,22720,0.1370453
0,22721,0.1369167
0,22722,0.1367882
0,22723,0.13666
0,22724,0.1365319
0,22725,0.1364041
0,22726,0.1362763
0,22727,0.1361488
0,22728,0.1360215
0,22729,0.1358943
0,22730,0.1357673
0,22731,0.1356404
0,22732,0.1355138
0,22733,0.1353873
0,22734,0.135261
0,22735,0.1351349
0,22736,0.1350089
0,22737,0.1348831
0,22738,0.1347575
0,22739,0.1346321
0,22740,0.1345068
0,22741,0.1343817
0,22742,0.1342568
0,22743,0.1341321
0,22744,0.1340075
0,22745,0.1338831
0,22746,0.1337589
0,22747,0.1336348
0,22748,0.1335109
0,22749,0.1333872
0,22750,0.1332636
0,22751,0.1331403
0,22752,0.133017
0,22753,0.132894
0,22754,0.1327711
0,22755,0.1326484
0,22756,0.1325259
0,22757,0.1324035
0,22758,0.1322813
0,22759,0.1321593
0,22760,0.1320374
0,22761,0.1319157
0,22762,0.1317942
0,22763,0.1316728
0,22764,0.1315516
0,22765,0.1314306
0,22766,0.1313097
0,22767,0.131189
0,22768,0.1310684
0,22769,0.1309481
0,22770,0.1308278
0,22771,0.1307078
0,22772,0.1305879
0,22773,0.1304682
0,22774,0.1303486
0,22775,0.1302292
0,22776,0.13011
0,22777,0.1299909
0,22778,0.129872
0,22779,0.1297532
0,22780,0.1296347
0,22781,0.1295162
0,22782,0.129398
0,22783,0.1292799
0,22784,0.1291619
0,22785,0.1290441
0,22786,0.1289265
0,22787,0.128809
0,22788,0.1286917
0,22789,0.1285745
0,22790,0.1284575
0,22791,0.1283407
0,22792,0.128224
0,22793,0.1281075
0,22794,0.1279911
0,22795,0.1278749
0,22796,0.1277589
0,22797,0.127643
0,22798,0.1275272
0,22799,0.1274117
0,22800,0.1272962
0,22801,0.1271809
0,22802,0.1270658
0,22803,0.1269509
0,22804,0.1268361
0,22805,0.1267214
0,22806,0.1266069
0,22807,0.1264926
0,22808,0.1263784
0,22809,0.1262643
0,22810,0.1261504
0,22811,0.1260367
0,22812,0.1259231
0,22813,0.1258097
0,22814,0.1256964
0,22815,0.1255833
0,22816,0.1254703
0,22817,0.1253575
0,22818,0.1252448
0,22819,0.1251323
0,22820,0.1250199
0,22821,0.1249077
0,22822,0.1247956
0,22823,0.1246837
0,22824,0.1245719
0,22825,0.1244603
0,22826,0.1243488
0,22827,0.1242375
0,22828,0.1241263
0,22829,0.1240152
0,22830,0.1239044
0,22831,0.1237936
0,22832,0.123683
0,22833,0.1235726
0,22834,0.1234623
0,22835,0.1233521
0,22836,0.1232421
0,22837,0.1231323
0,22838,0.1230226
0,22839,0.122913
0,22840,0.1228036
0,22841,0.1226943
0,22842,0.1225851
0,22843,0.1224762
0,22844,0.1223673
0,22845,0.1222586
0,22846,0.12215
0,22847,0.1220416
0,22848,0.1219333
0,22849,0.1218252
0,22850,0.1217172
0,22851,0.1216094
0,22852,0.1215017
0,22853,0.1213941
0,22854,0.1212867
0,22855,0.1211794
0,22856,0.1210723
0,22857,0.1209653
0,22858,0.1208584
0,22859,0.1207517
0,22860,0.1206451
0,22861,0.1205387
0,22862,0.1204324
0,22863,0.1203262
0,22864,0.1202202
0,22865,0.1201143
0,22866,0.1200086
0,22867,0.119903
0,22868,0.1197975
0,22869,0.1196922
0,22870,0.119587
0,22871,0.1194819
0,22872,0.119377
0,22873,0.1192722
0,22874,0.1191676
0,22875,0.1190631
0,22876,0.1189587
0,22877,0.1188545
0,22878,0.1187504
0,22879,0.1186464
0,22880,0.1185426
0,22881,0.1184389
0,22882,0.1183353
0,22883,0.1182319
0,22884,0.1181286
0,22885,0.1180255
0,22886,0.1179225
0,22887,0.1178196
0,22888,0.1177168
0,22889,0.1176142
0,22890,0.1175117
0,22891,0.1174094
0,22892,0.1173072
0,22893,0.1172051
0,22894,0.1171031
0,22895,0.1170013
0,22896,0.1168996
0,22897,0.116798
0,22898,0.1166966
0,22899,0.1165953
0,22900,0.1164942
0,22901,0.1163931
0,22902,0.1162922
0,22903,0.1161914
0,22904,0.1160908
0,22905,0.1159903
0,22906,0.1158899
0,22907,0.1157896
0,22908,0.1156895
0,22909,0.1155895
0,22910,0.1154896
0,22911,0.1153899
0,22912,0.1152902
0,22913,0.1151908
0,22914,0.1150914
0,22915,0.1149922
0,22916,0.1148931
0,22917,0.1147941
0,22918,0.1146952
0,22919,0.1145965
0,22920,0.1144979
0,22921,0.1143994
0,22922,0.1143011
0,22923,0.1142028
0,22924,0.1141047
0,22925,0.1140068
0,22926,0.1139089
0,22927,0.1138112
0,22928,0.1137136
0,22929,0.1136161
0,22930,0.1135188
0,22931,0.1134216
0,22932,0.1133245
0,22933,0.1132275
0,22934,0.1131306
0,22935,0.1130339
0,22936,0.1129373
0,22937,0.1128408
0,22938,0.1127444
0,22939,0.1126482
0,22940,0.1125521
0,22941,0.1124561
0,22942,0.1123602
0,22943,0.1122645
0,22944,0.1121688
0,22945,0.1120733
0,22946,0.1119779
0,22947,0.1118827
0,22948,0.1117875
0,22949,0.1116925
0,22950,0.1115976
0,22951,0.1115028
0,22952,0.1114081
0,22953,0.1113136
0,22954,0.1112192
0,22955,0.1111248
0,22956,0.1110307
0,22957,0.1109366
0,22958,0.1108426
0,22959,0.1107488
0,22960,0.1106551
0,22961,0.1105615
0,22962,0.110468
0,22963,0.1103746
0,22964,0.1102814
0,22965,0.1101882
0,22966,0.1100952
0,22967,0.1100023
0,22968,0.1099095
0,22969,0.1098169
0,22970,0.1097243
0,22971,0.1096319
0,22972,0.1095396
0,22973,0.1094474
0,22974,0.1093553
0,22975,0.1092633
0,22976,0.1091715
0,22977,0.1090797
0,22978,0.1089881
0,22979,0.1088966
0,22980,0.1088052
0,22981,0.1087139
0,22982,0.1086227
0,22983,0.1085316
0,22984,0.1084407
0,22985,0.1083499
0,22986,0.1082591
0,22987,0.1081685
0,22988,0.108078
0,22989,0.1079877
0,22990,0.1078974
0,22991,0.1078072
0,22992,0.1077172
0,22993,0.1076272
0,22994,0.1075374
0,22995,0.1074477
0,22996,0.1073581
0,22997,0.1072686
0,22998,0.1071792
0,22999,0.10709
0,23000,0.1070008
0,23001,0.1069118
0,23002,0.1068228
0,23003,0.106734
0,23004,0.1066453
0,23005,0.1065567
0,23006,0.1064682
0,23007,0.1063798
0,23008,0.1062915
0,23009,0.1062033
0,23010,0.1061152
0,23011,0.1060273
0,23012,0.1059394
0,23013,0.1058517
0,23014,0.1057641
0,23015,0.1056765
0,23016,0.1055891
0,23017,0.1055018
0,23018,0.1054146
0,23019,0.1053275
0,23020,0.1052405
0,23021,0.1051536
0,23022,0.1050669
0,23023,0.1049802
0,23024,0.1048936
0,23025,0.1048072
0,23026,0.1047208
0,23027,0.1046346
0,23028,0.1045484
0,23029,0.1044624
0,23030,0.1043764
0,23031,0.1042906
0,23032,0.1042049
0,23033,0.1041192
0,23034,0.1040337
0,23035,0.1039483
0,23036,0.103863
0,23037,0.1037778
0,23038,0.1036927
0,23039,0.1036077
0,23040,0.1035228
0,23041,0.1034389
0,23042,0.1034416
0,23043,0.1040914
0,23044,0.1065255
0,23045,0.1120936
0,23046,0.1220458
0,23047,0.1373684
0,23048,0.1587155
0,23049,0.1864032
0,23050,0.2204397
0,23051,0.2605828
0,23052,0.3064057
0,23053,0.3573604
0,23054,0.4128329
0,23055,0.4721853
0,23056,0.5347859
0,23057,0.6000311
0,23058,0.6673568
0,23059,0.7362459
0,23060,0.8062311
0,23061,0.8768953
0,23062,0.9478697
0,23063,1.018832
0,23064,1.089501
0,23065,1.159637
0,23066,1.229034
0,23067,1.297521
0,23068,1.364952
0,23069,1.431209
0,23070,1.496197
0,23071,1.559841
0,23072,1.622083
0,23073,1.682879
0,23074,1.742201
0,23075,1.800031
0,23076,1.85636
0,23077,1.911191
0,23078,1.964531
0,23079,2.016396
0,23080,2.066804
0,23081,2.115778
0,23082,2.163346
0,23083,2.209536
0,23084,2.254379
0,23085,2.29791
0,23086,2.340163
0,23087,2.381174
0,23088,2.420977
0,23089,2.45961
0,23090,2.497108
0,23091,2.533507
0,23092,2.568843
0,23093,2.603151
0,23094,2.636466
0,23095,2.66882
0,23096,2.700247
0,23097,2.730778
0,23098,2.760445
0,23099,2.789279
0,23100,2.817307
0,23101,2.844558
0,23102,2.871061
0,23103,2.896841
0,23104,2.921923
0,23105,2.946333
0,23106,2.970094
0,23107,2.993228
0,23108,3.015756
0,23109,3.037701
0,23110,3.059082
0,23111,3.079917
0,23112,3.100227
0,23113,3.120028
0,23114,3.139337
0,23115,3.158171
0,23116,3.176545
0,23117,3.194474
0,23118,3.211974
0,23119,3.229057
0,23120,3.245736
0,23121,3.262025
0,23122,3.277935
0,23123,3.293477
0,23124,3.308663
0,23125,3.323504
0,23126,3.33801
0,23127,3.35219
0,23128,3.366056
0,23129,3.379615
0,23130,3.392877
0,23131,3.40585
0,23132,3.418542
0,23133,3.43096
0,23134,3.443111
0,23135,3.455004
0,23136,3.466645
0,23137,3.47804
0,23138,3.489197
0,23139,3.500122
0,23140,3.510821
0,23141,3.5213
0,23142,3.531563
0,23143,3.541616
0,23144,3.551464
0,23145,3.56111
0,23146,3.570556
0,23147,3.579777
0,23148,3.588621
0,23149,3.596799
0,23150,3.603972
0,23151,3.609844
0,23152,3.614188
0,23153,3.616838
0,23154,3.617691
0,23155,3.616688
0,23156,3.613819
0,23157,3.609083
0,23158,3.602515
0,23159,3.594151
0,23160,3.584028
0,23161,3.572205
0,23162,3.558725
0,23163,3.543645
0,23164,3.527019
0,23165,3.508901
0,23166,3.489348
0,23167,3.468411
0,23168,3.446146
0,23169,3.422603
0,23170,3.397828
0,23171,3.371876
0,23172,3.344784
0,23173,3.316598
0,23174,3.28736
0,23175,3.257107
0,23176,3.225875
0,23177,3.193701
0,23178,3.160619
0,23179,3.126659
0,23180,3.091854
0,23181,3.056234
0,23182,3.019826
0,23183,2.982659
0,23184,2.944758
0,23185,2.906148
0,23186,2.866854
0,23187,2.826897
0,23188,2.7863
0,23189,2.745083
0,23190,2.703268
0,23191,2.660872
0,23192,2.617914
0,23193,2.574411
0,23194,2.530382
0,23195,2.485841
0,23196,2.440805
0,23197,2.395289
0,23198,2.349308
0,23199,2.302881
0,23200,2.256105
0,23201,2.209257
0,23202,2.162715
0,23203,2.116842
0,23204,2.071934
0,23205,2.028202
0,23206,1.985787
0,23207,1.944767
0,23208,1.905178
0,23209,1.867022
0,23210,1.830277
0,23211,1.794908
0,23212,1.760866
0,23213,1.728097
0,23214,1.696544
0,23215,1.666149
0,23216,1.636853
0,23217,1.6086
0,23218,1.581333
0,23219,1.555001
0,23220,1.529552
0,23221,1.504939
0,23222,1.481118
0,23223,1.458046
0,23224,1.435684
0,23225,1.413994
0,23226,1.392942
0,23227,1.372497
0,23228,1.352628
0,23229,1.333306
0,23230,1.314505
0,23231,1.296196
0,23232,1.278354
0,23233,1.260954
0,23234,1.243974
0,23235,1.227395
0,23236,1.211199
0,23237,1.19537
0,23238,1.179893
0,23239,1.164755
0,23240,1.149944
0,23241,1.135447
0,23242,1.121254
0,23243,1.107356
0,23244,1.093742
0,23245,1.080404
0,23246,1.067334
0,23247,1.054523
0,23248,1.041965
0,23249,1.029652
0,23250,1.017578
0,23251,1.005736
0,23252,0.9941199
0,23253,0.9827241
0,23254,0.9715429
0,23255,0.9605708
0,23256,0.9498027
0,23257,0.9392336
0,23258,0.9288588
0,23259,0.9186736
0,23260,0.9086739
0,23261,0.8988552
0,23262,0.8892134
0,23263,0.8797448
0,23264,0.8704451
0,23265,0.861311
0,23266,0.8523386
0,23267,0.8435245
0,23268,0.8348653
0,23269,0.8263578
0,23270,0.8179988
0,23271,0.8097851
0,23272,0.8017138
0,23273,0.7937819
0,23274,0.7859866
0,23275,0.7783251
0,23276,0.7707947
0,23277,0.7633929
0,23278,0.756117
0,23279,0.7489645
0,23280,0.7419331
0,23281,0.7350203
0,23282,0.7282239
0,23283,0.7215414
0,23284,0.7149709
0,23285,0.70851
0,23286,0.7021568
0,23287,0.6959092
0,23288,0.6897651
0,23289,0.6837226
0,23290,0.6777799
0,23291,0.6719348
0,23292,0.6661858
0,23293,0.660531
0,23294,0.6549686
0,23295,0.649497
0,23296,0.6441143
0,23297,0.6388191
0,23298,0.6336097
0,23299,0.6284844
0,23300,0.6234419
0,23301,0.6184806
0,23302,0.6135989
0,23303,0.6087954
0,23304,0.6040688
0,23305,0.5994176
0,23306,0.5948405
0,23307,0.5903361
0,23308,0.5859032
0,23309,0.5815404
0,23310,0.5772465
0,23311,0.5730202
0,23312,0.5688604
0,23313,0.5647659
0,23314,0.5607355
0,23315,0.5567679
0,23316,0.5528623
0,23317,0.5490174
0,23318,0.5452322
0,23319,0.5415056
0,23320,0.5378367
0,23321,0.5342242
0,23322,0.5306674
0,23323,0.5271651
0,23324,0.5237165
0,23325,0.5203206
0,23326,0.5169764
0,23327,0.5136831
0,23328,0.5104399
0,23329,0.5072457
0,23330,0.5040997
0,23331,0.5010012
0,23332,0.4979493
0,23333,0.4949431
0,23334,0.4919819
0,23335,0.4890649
0,23336,0.4861913
0,23337,0.4833604
0,23338,0.4805715
0,23339,0.4778238
0,23340,0.4751165
0,23341,0.4724491
0,23342,0.4698207
0,23343,0.4672309
0,23344,0.4646787
0,23345,0.4621637
0,23346,0.4596852
0,23347,0.4572425
0,23348,0.4548351
0,23349,0.4524624
0,23350,0.4501236
0,23351,0.4478183
0,23352,0.4455459
0,23353,0.4433059
0,23354,0.4410975
0,23355,0.4389204
0,23356,0.436774
0,23357,0.4346578
0,23358,0.4325712
0,23359,0.4305137
0,23360,0.4284849
0,23361,0.4264843
0,23362,0.4245113
0,23363,0.4225655
0,23364,0.4206465
0,23365,0.4187537
0,23366,0.4168868
0,23367,0.4150453
0,23368,0.4132288
0,23369,0.4114368
0,23370,0.409669
0,23371,0.4079248
0,23372,0.406204
0,23373,0.4045061
0,23374,0.4028307
0,23375,0.4011776
0,23376,0.3995461
0,23377,0.3979362
0,23378,0.3963472
0,23379,0.394779
0,23380,0.3932311
0,23381,0.3917032
0,23382,0.3901949
0,23383,0.3887061
0,23384,0.3872362
0,23385,0.385785
0,23386,0.3843522
0,23387,0.3829375
0,23388,0.3815405
0,23389,0.380161
0,23390,0.3787987
0,23391,0.3774533
0,23392,0.3761244
0,23393,0.3748119
0,23394,0.3735155
0,23395,0.3722349
0,23396,0.3709698
0,23397,0.3697199
0,23398,0.3684851
0,23399,0.367265
0,23400,0.3660595
0,23401,0.3648682
0,23402,0.363691
0,23403,0.3625275
0,23404,0.3613777
0,23405,0.3602412
0,23406,0.3591178
0,23407,0.3580074
0,23408,0.3569096
0,23409,0.3558244
0,23410,0.3547514
0,23411,0.3536905
0,23412,0.3526415
0,23413,0.3516042
0,23414,0.3505784
0,23415,0.3495639
0,23416,0.3485605
0,23417,0.347568
0,23418,0.3465863
0,23419,0.3456152
0,23420,0.3446545
0,23421,0.343704
0,23422,0.3427637
0,23423,0.3418332
0,23424,0.3409125
0,23425,0.3400013
0,23426,0.3390996
0,23427,0.3382072
0,23428,0.3373239
0,23429,0.3364496
0,23430,0.3355841
0,23431,0.3347273
0,23432,0.3338791
0,23433,0.3330393
0,23434,0.3322077
0,23435,0.3313844
0,23436,0.330569
0,23437,0.3297615
0,23438,0.3289618
0,23439,0.3281697
0,23440,0.3273851
0,23441,0.3266079
0,23442,0.325838
0,23443,0.3250753
0,23444,0.3243196
0,23445,0.3235708
0,23446,0.3228289
0,23447,0.3220937
0,23448,0.321365
0,23449,0.3206429
0,23450,0.3199272
0,23451,0.3192178
0,23452,0.3185146
0,23453,0.3178175
0,23454,0.3171264
0,23455,0.3164412
0,23456,0.3157619
0,23457,0.3150883
0,23458,0.3144203
0,23459,0.3137579
0,23460,0.3131009
0,23461,0.3124493
0,23462,0.311803
0,23463,0.311162
0,23464,0.3105261
0,23465,0.3098952
0,23466,0.3092693
0,23467,0.3086483
0,23468,0.3080322
0,23469,0.3074208
0,23470,0.3068141
0,23471,0.306212
0,23472,0.3056144
0,23473,0.3050213
0,23474,0.3044327
0,23475,0.3038483
0,23476,0.3032682
0,23477,0.3026924
0,23478,0.3021206
0,23479,0.301553
0,23480,0.3009894
0,23481,0.3004297
0,23482,0.2998739
0,23483,0.299322
0,23484,0.2987739
0,23485,0.2982295
0,23486,0.2976888
0,23487,0.2971517
0,23488,0.2966182
0,23489,0.2960881
0,23490,0.2955616
0,23491,0.2950384
0,23492,0.2945187
0,23493,0.2940022
0,23494,0.293489
0,23495,0.2929791
0,23496,0.2924722
0,23497,0.2919686
0,23498,0.291468
0,23499,0.2909704
0,23500,0.2904759
0,23501,0.2899843
0,23502,0.2894956
0,23503,0.2890098
0,23504,0.2885268
0,23505,0.2880466
0,23506,0.2875692
0,23507,0.2870944
0,23508,0.2866224
0,23509,0.286153
0,23510,0.2856861
0,23511,0.2852219
0,23512,0.2847602
0,23513,0.284301
0,23514,0.2838442
0,23515,0.2833898
0,23516,0.2829379
0,23517,0.2824883
0,23518,0.282041
0,23519,0.2815961
0,23520,0.2811534
0,23521,0.280713
0,23522,0.2802747
0,23523,0.2798387
0,23524,0.2794048
0,23525,0.278973
0,23526,0.2785433
0,23527,0.2781156
0,23528,0.2776901
0,23529,0.2772665
0,23530,0.2768449
0,23531,0.2764252
0,23532,0.2760076
0,23533,0.2755918
0,23534,0.2751779
0,23535,0.2747658
0,23536,0.2743556
0,23537,0.2739473
0,23538,0.2735407
0,23539,0.2731359
0,23540,0.2727328
0,23541,0.2723315
0,23542,0.2719319
0,23543,0.2715339
0,23544,0.2711376
0,23545,0.270743
0,23546,0.27035
0,23547,0.2699586
0,23548,0.2695688
0,23549,0.2691805
0,23550,0.2687939
0,23551,0.2684087
0,23552,0.268025
0,23553,0.2676429
0,23554,0.2672622
0,23555,0.266883
0,23556,0.2665052
0,23557,0.2661288
0,23558,0.2657539
0,23559,0.2653804
0,23560,0.2650082
0,23561,0.2646374
0,23562,0.264268
0,23563,0.2638998
0,23564,0.263533
0,23565,0.2631675
0,23566,0.2628033
0,23567,0.2624404
0,23568,0.2620787
0,23569,0.2617183
0,23570,0.2613591
0,23571,0.2610012
0,23572,0.2606444
0,23573,0.2602889
0,23574,0.2599345
0,23575,0.2595813
0,23576,0.2592293
0,23577,0.2588784
0,23578,0.2585287
0,23579,0.2581801
0,23580,0.2578326
0,23581,0.2574862
0,23582,0.2571408
0,23583,0.2567966
0,23584,0.2564534
0,23585,0.2561113
0,23586,0.2557702
0,23587,0.2554302
0,23588,0.2550912
0,23589,0.2547531
0,23590,0.2544162
0,23591,0.2540802
0,23592,0.2537452
0,23593,0.2534112
0,23594,0.2530781
0,23595,0.252746
0,23596,0.2524149
0,23597,0.2520847
0,23598,0.2517554
0,23599,0.2514271
0,23600,0.2510997
0,23601,0.2507732
0,23602,0.2504475
0,23603,0.2501228
0,23604,0.249799
0,23605,0.249476
0,23606,0.249154
0,23607,0.2488328
0,23608,0.2485124
0,23609,0.2481929
0,23610,0.2478742
0,23611,0.2475564
0,23612,0.2472394
0,23613,0.2469232
0,23614,0.2466079
0,23615,0.2462933
0,23616,0.2459796
0,23617,0.2456667
0,23618,0.2453545
0,23619,0.2450431
0,23620,0.2447325
0,23621,0.2444227
0,23622,0.2441137
0,23623,0.2438054
0,23624,0.2434978
0,23625,0.243191
0,23626,0.242885
0,23627,0.2425797
0,23628,0.2422751
0,23629,0.2419713
0,23630,0.2416682
0,23631,0.2413658
0,23632,0.2410641
0,23633,0.2407631
0,23634,0.2404629
0,23635,0.2401633
0,23636,0.2398644
0,23637,0.2395662
0,23638,0.2392687
0,23639,0.2389719
0,23640,0.2386757
0,23641,0.2383802
0,23642,0.2380854
0,23643,0.2377913
0,23644,0.2374978
0,23645,0.2372049
0,23646,0.2369128
0,23647,0.2366212
0,23648,0.2363303
0,23649,0.23604
0,23650,0.2357504
0,23651,0.2354614
0,23652,0.235173
0,23653,0.2348853
0,23654,0.2345981
0,23655,0.2343116
0,23656,0.2340257
0,23657,0.2337403
0,23658,0.2334556
0,23659,0.2331715
0,23660,0.232888
0,23661,0.2326051
0,23662,0.2323228
0,23663,0.232041
0,23664,0.2317599
0,23665,0.2314793
0,23666,0.2311993
0,23667,0.2309199
0,23668,0.2306411
0,23669,0.2303628
0,23670,0.2300851
0,23671,0.2298079
0,23672,0.2295313
0,23673,0.2292553
0,23674,0.2289798
0,23675,0.2287048
0,23676,0.2284304
0,23677,0.2281565
0,23678,0.2278832
0,23679,0.2276104
0,23680,0.2273382
0,23681,0.2270665
0,23682,0.2267953
0,23683,0.2265247
0,23684,0.2262546
0,23685,0.225985
0,23686,0.2257159
0,23687,0.2254474
0,23688,0.2251793
0,23689,0.2249118
0,23690,0.2246448
0,23691,0.2243783
0,23692,0.2241123
0,23693,0.2238468
0,23694,0.2235818
0,23695,0.2233173
0,23696,0.2230533
0,23697,0.2227898
0,23698,0.2225267
0,23699,0.2222642
0,23700,0.2220022
0,23701,0.2217407
0,23702,0.2214796
0,23703,0.221219
0,23704,0.220959
0,23705,0.2206994
0,23706,0.2204402
0,23707,0.2201816
0,23708,0.2199234
0,23709,0.2196657
0,23710,0.2194085
0,23711,0.2191517
0,23712,0.2188954
0,23713,0.2186396
0,23714,0.2183842
0,23715,0.2181293
0,23716,0.2178748
0,23717,0.2176208
0,23718,0.2173673
0,23719,0.2171142
0,23720,0.2168616
0,23721,0.2166094
0,23722,0.2163577
0,23723,0.2161064
0,23724,0.2158556
0,23725,0.2156052
0,23726,0.2153553
0,23727,0.2151058
0,23728,0.2148567
0,23729,0.2146081
0,23730,0.2143599
0,23731,0.2141122
0,23732,0.2138649
0,23733,0.213618
0,23734,0.2133716
0,23735,0.2131256
0,23736,0.21288
0,23737,0.2126349
0,23738,0.2123901
0,23739,0.2121459
0,23740,0.211902
0,23741,0.2116585
0,23742,0.2114155
0,23743,0.2111729
0,23744,0.2109307
0,23745,0.2106889
0,23746,0.2104476
0,23747,0.2102067
0,23748,0.2099661
0,23749,0.209726
0,23750,0.2094863
0,23751,0.2092471
0,23752,0.2090082
0,23753,0.2087697
0,23754,0.2085316
0,23755,0.208294
0,23756,0.2080567
0,23757,0.2078198
0,23758,0.2075834
0,23759,0.2073474
0,23760,0.2071117
0,23761,0.2068765
0,23762,0.2066416
0,23763,0.2064072
0,23764,0.2061731
0,23765,0.2059395
0,23766,0.2057062
0,23767,0.2054733
0,23768,0.2052408
0,23769,0.2050087
0,23770,0.204777
0,23771,0.2045457
0,23772,0.2043148
0,23773,0.2040842
0,23774,0.2038541
0,23775,0.2036243
0,23776,0.2033949
0,23777,0.2031659
0,23778,0.2029372
0,23779,0.202709
0,23780,0.2024811
0,23781,0.2022536
0,23782,0.2020264
0,23783,0.2017997
0,23784,0.2015733
0,23785,0.2013473
0,23786,0.2011216
0,23787,0.2008963
0,23788,0.2006714
0,23789,0.2004469
0,23790,0.2002228
0,23791,0.199999
0,23792,0.1997756
0,23793,0.1995526
0,23794,0.1993299
0,23795,0.1991076
0,23796,0.1988856
0,23797,0.198664
0,23798,0.1984428
0,23799,0.1982219
0,23800,0.1980014
0,23801,0.1977813
0,23802,0.1975615
0,23803,0.1973421
0,23804,0.197123
0,23805,0.1969043
0,23806,0.1966859
0,23807,0.1964679
0,23808,0.1962502
0,23809,0.1960329
0,23810,0.1958159
0,23811,0.1955993
0,23812,0.195383
0,23813,0.195167
0,23814,0.1949514
0,23815,0.1947362
0,23816,0.1945213
0,23817,0.1943067
0,23818,0.1940925
0,23819,0.1938786
0,23820,0.1936651
0,23821,0.193452
0,23822,0.1932392
0,23823,0.1930267
0,23824,0.1928145
0,23825,0.1926027
0,23826,0.1923913
0,23827,0.1921801
0,23828,0.1919693
0,23829,0.1917589
0,23830,0.1915488
0,23831,0.191339
0,23832,0.1911295
0,23833,0.1909204
0,23834,0.1907116
0,23835,0.1905031
0,23836,0.190295
0,23837,0.1900872
0,23838,0.1898797
0,23839,0.1896726
0,23840,0.1894657
0,23841,0.1892592
0,23842,0.1890531
0,23843,0.1888472
0,23844,0.1886417
0,23845,0.1884365
0,23846,0.1882316
0,23847,0.188027
0,23848,0.1878228
0,23849,0.1876189
0,23850,0.1874153
0,23851,0.187212
0,23852,0.1870091
0,23853,0.1868064
0,23854,0.1866041
0,23855,0.1864021
0,23856,0.1862004
0,23857,0.1859991
0,23858,0.185798
0,23859,0.1855973
0,23860,0.1853969
0,23861,0.1851968
0,23862,0.184997
0,23863,0.1847975
0,23864,0.1845983
0,23865,0.1843994
0,23866,0.1842009
0,23867,0.1840027
0,23868,0.1838047
0,23869,0.1836071
0,23870,0.1834098
0,23871,0.1832128
0,23872,0.1830161
0,23873,0.1828197
0,23874,0.1826236
0,23875,0.1824278
0,23876,0.1822323
0,23877,0.1820371
0,23878,0.1818422
0,23879,0.1816476
0,23880,0.1814534
0,23881,0.1812594
0,23882,0.1810657
0,23883,0.1808724
0,23884,0.1806793
0,23885,0.1804865
0,23886,0.180294
0,23887,0.1801018
0,23888,0.17991
0,23889,0.1797184
0,23890,0.1795271
0,23891,0.1793361
0,23892,0.1791454
0,23893,0.178955
0,23894,0.1787648
0,23895,0.178575
0,23896,0.1783855
0,23897,0.1781963
0,23898,0.1780073
0,23899,0.1778187
0,23900,0.1776303
0,23901,0.1774422
0,23902,0.1772545
0,23903,0.177067
0,23904,0.1768797
0,23905,0.1766928
0,23906,0.1765062
0,23907,0.1763198
0,23908,0.1761338
0,23909,0.175948
0,23910,0.1757625
0,23911,0.1755773
0,23912,0.1753924
0,23913,0.1752077
0,23914,0.1750234
0,23915,0.1748393
0,23916,0.1746555
0,23917,0.174472
0,23918,0.1742888
0,23919,0.1741058
0,23920,0.1739231
0,23921,0.1737407
0,23922,0.1735586
0,23923,0.1733768
0,23924,0.1731952
0,23925,0.1730139
0,23926,0.1728329
0,23927,0.1726522
0,23928,0.1724717
0,23929,0.1722915
0,23930,0.1721116
0,23931,0.171932
0,23932,0.1717526
0,23933,0.1715735
0,23934,0.1713947
0,23935,0.1712161
0,23936,0.1710378
0,23937,0.1708598
0,23938,0.1706821
0,23939,0.1705046
0,23940,0.1703274
0,23941,0.1701504
0,23942,0.1699738
0,23943,0.1697974
0,23944,0.1696212
0,23945,0.1694454
0,23946,0.1692698
0,23947,0.1690944
0,23948,0.1689194
0,23949,0.1687445
0,23950,0.16857
0,23951,0.1683957
0,23952,0.1682217
0,23953,0.1680479
0,23954,0.1678744
0,23955,0.1677012
0,23956,0.1675282
0,23957,0.1673555
0,23958,0.167183
0,23959,0.1670108
0,23960,0.1668389
0,23961,0.1666672
0,23962,0.1664958
0,23963,0.1663246
0,23964,0.1661537
0,23965,0.1659831
0,23966,0.1658126
0,23967,0.1656425
0,23968,0.1654726
0,23969,0.165303
0,23970,0.1651336
0,23971,0.1649644
0,23972,0.1647955
0,23973,0.1646269
0,23974,0.1644585
0,23975,0.1642904
0,23976,0.1641226
0,23977,0.1639549
0,23978,0.1637875
0,23979,0.1636204
0,23980,0.1634535
0,23981,0.1632869
0,23982,0.1631205
0,23983,0.1629544
0,23984,0.1627885
0,23985,0.1626229
0,23986,0.1624575
0,23987,0.1622923
0,23988,0.1621274
0,23989,0.1619628
0,23990,0.1617983
0,23991,0.1616342
0,23992,0.1614702
0,23993,0.1613066
0,23994,0.1611431
0,23995,0.1609799
0,23996,0.160817
0,23997,0.1606542
0,23998,0.1604917
0,23999,0.1603295
0,24000,0.1601675
0,24001,0.1600057
0,24002,0.1598442
0,24003,0.1596829
0,24004,0.1595219
0,24005,0.1593611
0,24006,0.1592005
0,24007,0.1590402
0,24008,0.1588801
0,24009,0.1587202
0,24010,0.1585606
0,24011,0.1584012
0,24012,0.158242
0,24013,0.1580831
0,24014,0.1579244
0,24015,0.157766
0,24016,0.1576077
0,24017,0.1574497
0,24018,0.157292
0,24019,0.1571344
0,24020,0.1569771
0,24021,0.1568201
0,24022,0.1566632
0,24023,0.1565066
0,24024,0.1563502
0,24025,0.1561941
0,24026,0.1560382
0,24027,0.1558825
0,24028,0.155727
0,24029,0.1555718
0,24030,0.1554167
0,24031,0.1552619
0,24032,0.1551074
0,24033,0.1549531
0,24034,0.1547989
0,24035,0.1546451
0,24036,0.1544914
0,24037,0.154338
0,24038,0.1541847
0,24039,0.1540317
0,24040,0.153879
0,24041,0.1537264
0,24042,0.1535741
0,24043,0.153422
0,24044,0.1532701
0,24045,0.1531184
0,24046,0.152967
0,24047,0.1528158
0,24048,0.1526648
0,24049,0.152514
0,24050,0.1523634
0,24051,0.152213
0,24052,0.1520629
0,24053,0.151913
0,24054,0.1517633
0,24055,0.1516138
0,24056,0.1514645
0,24057,0.1513155
0,24058,0.1511667
0,24059,0.151018
0,24060,0.1508696
0,24061,0.1507214
0,24062,0.1505735
0,24063,0.1504257
0,24064,0.1502782
0,24065,0.1501308
0,24066,0.1499837
0,24067,0.1498368
0,24068,0.1496901
0,24069,0.1495436
0,24070,0.1493973
0,24071,0.1492513
0,24072,0.1491054
0,24073,0.1489598
0,24074,0.1488143
0,24075,0.1486691
0,24076,0.1485241
0,24077,0.1483793
0,24078,0.1482347
0,24079,0.1480903
0,24080,0.1479461
0,24081,0.1478021
0,24082,0.1476583
0,24083,0.1475148
0,24084,0.1473714
0,24085,0.1472282
0,24086,0.1470853
0,24087,0.1469425
0,24088,0.1468
0,24089,0.1466576
0,24090,0.1465155
0,24091,0.1463735
0,24092,0.1462318
0,24093,0.1460903
0,24094,0.1459489
0,24095,0.1458078
0,24096,0.1456669
0,24097,0.1455261
0,24098,0.1453856
0,24099,0.1452453
0,24100,0.1451051
0,24101,0.1449652
0,24102,0.1448255
0,24103,0.1446859
0,24104,0.1445466
0,24105,0.1444075
0,24106,0.1442685
0,24107,0.1441298
0,24108,0.1439912
0,24109,0.1438529
0,24110,0.1437147
0,24111,0.1435768
0,24112,0.143439
0,24113,0.1433015
0,24114,0.1431641
0,24115,0.1430269
0,24116,0.1428899
0,24117,0.1427532
0,24118,0.1426166
0,24119,0.1424802
0,24120,0.142344
0,24121,0.1422079
0,24122,0.1420721
0,24123,0.1419365
0,24124,0.141801
0,24125,0.1416658
0,24126,0.1415308
0,24127,0.1413959
0,24128,0.1412612
0,24129,0.1411267
0,24130,0.1409924
0,24131,0.1408583
0,24132,0.1407244
0,24133,0.1405906
0,24134,0.1404571
0,24135,0.1403237
0,24136,0.1401905
0,24137,0.1400575
0,24138,0.1399247
0,24139,0.1397921
0,24140,0.1396597
0,24141,0.1395275
0,24142,0.1393954
0,24143,0.1392635
0,24144,0.1391318
0,24145,0.1390003
0,24146,0.138869
0,24147,0.1387379
0,24148,0.1386069
0,24149,0.1384761
0,24150,0.1383456
0,24151,0.1382151
0,24152,0.1380849
0,24153,0.1379549
0,24154,0.137825
0,24155,0.1376953
0,24156,0.1375658
0,24157,0.1374365
0,24158,0.1373074
0,24159,0.1371784
0,24160,0.1370496
0,24161,0.136921
0,24162,0.1367926
0,24163,0.1366643
0,24164,0.1365363
0,24165,0.1364084
0,24166,0.1362807
0,24167,0.1361531
0,24168,0.1360258
0,24169,0.1358986
0,24170,0.1357716
0,24171,0.1356448
0,24172,0.1355181
0,24173,0.1353916
0,24174,0.1352653
0,24175,0.1351392
0,24176,0.1350133
0,24177,0.1348875
0,24178,0.1347619
0,24179,0.1346364
0,24180,0.1345112
0,24181,0.1343861
0,24182,0.1342611
0,24183,0.1341364
0,24184,0.1340118
0,24185,0.1338874
0,24186,0.1337632
0,24187,0.1336391
0,24188,0.1335152
0,24189,0.1333915
0,24190,0.133268
0,24191,0.1331446
0,24192,0.1330214
0,24193,0.1328983
0,24194,0.1327755
0,24195,0.1326527
0,24196,0.1325302
0,24197,0.1324078
0,24198,0.1322856
0,24199,0.1321636
0,24200,0.1320417
0,24201,0.13192
0,24202,0.1317985
0,24203,0.1316771
0,24204,0.1315559
0,24205,0.1314349
0,24206,0.131314
0,24207,0.1311933
0,24208,0.1310728
0,24209,0.1309524
0,24210,0.1308322
0,24211,0.1307121
0,24212,0.1305922
0,24213,0.1304725
0,24214,0.1303529
0,24215,0.1302335
0,24216,0.1301143
0,24217,0.1299952
0,24218,0.1298763
0,24219,0.1297576
0,24220,0.129639
0,24221,0.1295205
0,24222,0.1294023
0,24223,0.1292842
0,24224,0.1291662
0,24225,0.1290484
0,24226,0.1289308
0,24227,0.1288133
0,24228,0.128696
0,24229,0.1285788
0,24230,0.1284619
0,24231,0.128345
0,24232,0.1282283
0,24233,0.1281118
0,24234,0.1279954
0,24235,0.1278792
0,24236,0.1277632
0,24237,0.1276473
0,24238,0.1275315
0,24239,0.127416
0,24240,0.1273005
0,24241,0.1271853
0,24242,0.1270701
0,24243,0.1269552
0,24244,0.1268404
0,24245,0.1267257
0,24246,0.1266112
0,24247,0.1264969
0,24248,0.1263827
0,24249,0.1262686
0,24250,0.1261547
0,24251,0.126041
0,24252,0.1259274
0,24253,0.125814
0,24254,0.1257007
0,24255,0.1255876
0,24256,0.1254746
0,24257,0.1253618
0,24258,0.1252491
0,24259,0.1251366
0,24260,0.1250242
0,24261,0.124912
0,24262,0.1247999
0,24263,0.124688
0,24264,0.1245762
0,24265,0.1244646
0,24266,0.1243531
0,24267,0.1242417
0,24268,0.1241306
0,24269,0.1240195
0,24270,0.1239086
0,24271,0.1237979
0,24272,0.1236873
0,24273,0.1235769
0,24274,0.1234666
0,24275,0.1233564
0,24276,0.1232464
0,24277,0.1231365
0,24278,0.1230268
0,24279,0.1229173
0,24280,0.1228078
0,24281,0.1226986
0,24282,0.1225894
0,24283,0.1224804
0,24284,0.1223716
0,24285,0.1222629
0,24286,0.1221543
0,24287,0.1220459
0,24288,0.1219376
0,24289,0.1218295
0,24290,0.1217215
0,24291,0.1216136
0,24292,0.1215059
0,24293,0.1213984
0,24294,0.1212909
0,24295,0.1211837
0,24296,0.1210765
0,24297,0.1209695
0,24298,0.1208627
0,24299,0.1207559
0,24300,0.1206494
0,24301,0.1205429
0,24302,0.1204366
0,24303,0.1203305
0,24304,0.1202244
0,24305,0.1201186
0,24306,0.1200128
0,24307,0.1199072
0,24308,0.1198017
0,24309,0.1196964
0,24310,0.1195912
0,24311,0.1194862
0,24312,0.1193813
0,24313,0.1192765
0,24314,0.1191718
0,24315,0.1190673
0,24316,0.118963
0,24317,0.1188587
0,24318,0.1187546
0,24319,0.1186507
0,24320,0.1185468
0,24321,0.1184431
0,24322,0.1183396
0,24323,0.1182362
0,24324,0.1181329
0,24325,0.1180297
0,24326,0.1179267
0,24327,0.1178238
0,24328,0.1177211
0,24329,0.1176185
0,24330,0.117516
0,24331,0.1174136
0,24332,0.1173114
0,24333,0.1172093
0,24334,0.1171074
0,24335,0.1170055
0,24336,0.1169038
0,24337,0.1168023
0,24338,0.1167009
0,24339,0.1165996
0,24340,0.1164984
0,24341,0.1163974
0,24342,0.1162964
0,24343,0.1161957
0,24344,0.116095
0,24345,0.1159945
0,24346,0.1158941
0,24347,0.1157939
0,24348,0.1156937
0,24349,0.1155937
0,24350,0.1154938
0,24351,0.1153941
0,24352,0.1152945
0,24353,0.115195
0,24354,0.1150956
0,24355,0.1149964
0,24356,0.1148973
0,24357,0.1147983
0,24358,0.1146994
0,24359,0.1146007
0,24360,0.1145021
0,24361,0.1144036
0,24362,0.1143053
0,24363,0.1142071
0,24364,0.114109
0,24365,0.114011
0,24366,0.1139131
0,24367,0.1138154
0,24368,0.1137178
0,24369,0.1136204
0,24370,0.113523
0,24371,0.1134258
0,24372,0.1133287
0,24373,0.1132317
0,24374,0.1131348
0,24375,0.1130381
0,24376,0.1129415
0,24377,0.112845
0,24378,0.1127487
0,24379,0.1126524
0,24380,0.1125563
0,24381,0.1124603
0,24382,0.1123644
0,24383,0.1122687
0,24384,0.112173
0,24385,0.1120775
0,24386,0.1119821
0,24387,0.1118869
0,24388,0.1117917
0,24389,0.1116967
0,24390,0.1116018
0,24391,0.111507
0,24392,0.1114123
0,24393,0.1113178
0,24394,0.1112234
0,24395,0.1111291
0,24396,0.1110349
0,24397,0.1109408
0,24398,0.1108468
0,24399,0.110753
0,24400,0.1106593
0,24401,0.1105657
0,24402,0.1104722
0,24403,0.1103788
0,24404,0.1102856
0,24405,0.1101924
0,24406,0.1100994
0,24407,0.1100065
0,24408,0.1099138
0,24409,0.1098211
0,24410,0.1097285
0,24411,0.1096361
0,24412,0.1095438
0,24413,0.1094516
0,24414,0.1093595
0,24415,0.1092675
0,24416,0.1091757
0,24417,0.1090839
0,24418,0.1089923
0,24419,0.1089008
0,24420,0.1088094
0,24421,0.1087181
0,24422,0.1086269
0,24423,0.1085358
0,24424,0.1084449
0,24425,0.1083541
0,24426,0.1082633
0,24427,0.1081727
0,24428,0.1080822
0,24429,0.1079918
0,24430,0.1079016
0,24431,0.1078114
0,24432,0.1077214
0,24433,0.1076314
0,24434,0.1075416
0,24435,0.1074519
0,24436,0.1073623
0,24437,0.1072728
0,24438,0.1071834
0,24439,0.1070941
0,24440,0.107005
0,24441,0.1069159
0,24442,0.106827
0,24443,0.1067382
0,24444,0.1066495
0,24445,0.1065608
0,24446,0.1064723
0,24447,0.1063839
0,24448,0.1062957
0,24449,0.1062075
0,24450,0.1061194
0,24451,0.1060315
0,24452,0.1059436
0,24453,0.1058559
0,24454,0.1057682
0,24455,0.1056807
0,24456,0.1055933
0,24457,0.105506
0,24458,0.1054188
0,24459,0.1053317
0,24460,0.1052447
0,24461,0.1051578
0,24462,0.105071
0,24463,0.1049844
0,24464,0.1048978
0,24465,0.1048113
0,24466,0.104725
0,24467,0.1046387
0,24468,0.1045526
0,24469,0.1044665
0,24470,0.1043806
0,24471,0.1042948
0,24472,0.104209
0,24473,0.1041234
0,24474,0.1040379
0,24475,0.1039525
0,24476,0.1038672
0,24477,0.103782
0,24478,0.1036969
0,24479,0.1036119
0,24480,0.103527
0,24481,0.1034431
0,24482,0.1034458
0,24483,0.1040956
0,24484,0.1065296
0,24485,0.1120978
0,24486,0.12205
0,24487,0.1373726
0,24488,0.1587197
0,24489,0.1864074
0,24490,0.2204439
0,24491,0.2605869
0,24492,0.3064098
0,24493,0.3573646
0,24494,0.4128371
0,24495,0.4721894
0,24496,0.53479
0,24497,0.6000353
0,24498,0.667361
0,24499,0.73625
0,24500,0.8062353
0,24501,0.8768994
0,24502,0.9478739
0,24503,1.018836
0,24504,1.089505
0,24505,1.159641
0,24506,1.229038
0,24507,1.297525
0,24508,1.364956
0,24509,1.431213
0,24510,1.496202
0,24511,1.559845
0,24512,1.622087
0,24513,1.682883
0,24514,1.742205
0,24515,1.800035
0,24516,1.856364
0,24517,1.911195
0,24518,1.964535
0,24519,2.0164
0,24520,2.066808
0,24521,2.115782
0,24522,2.16335
0,24523,2.20954
0,24524,2.254383
0,24525,2.297915
0,24526,2.340168
0,24527,2.381178
0,24528,2.420981
0,24529,2.459614
0,24530,2.497112
0,24531,2.533511
0,24532,2.568847
0,24533,2.603156
0,24534,2.63647
0,24535,2.668824
0,24536,2.700251
0,24537,2.730782
0,24538,2.760449
0,24539,2.789283
0,24540,2.817311
0,24541,2.844563
0,24542,2.871065
0,24543,2.896845
0,24544,2.921927
0,24545,2.946337
0,24546,2.970098
0,24547,2.993232
0,24548,3.01576
0,24549,3.037705
0,24550,3.059086
0,24551,3.079922
0,24552,3.100231
0,24553,3.120032
0,24554,3.139341
0,24555,3.158175
0,24556,3.176549
0,24557,3.194479
0,24558,3.211978
0,24559,3.229061
0,24560,3.24574
0,24561,3.262029
0,24562,3.277939
0,24563,3.293481
0,24564,3.308667
0,24565,3.323508
0,24566,3.338014
0,24567,3.352195
0,24568,3.36606
0,24569,3.37962
0,24570,3.392881
0,24571,3.405854
0,24572,3.418546
0,24573,3.430964
0,24574,3.443115
0,24575,3.455008
0,24576,3.466649
0,24577,3.478044
0,24578,3.489201
0,24579,3.500126
0,24580,3.510825
0,24581,3.521304
0,24582,3.531567
0,24583,3.54162
0,24584,3.551468
0,24585,3.561114
0,24586,3.57056
0,24587,3.579781
0,24588,3.588625
0,24589,3.596803
0,24590,3.603976
0,24591,3.609848
0,24592,3.614192
0,24593,3.616842
0,24594,3.617695
0,24595,3.616693
0,24596,3.613823
0,24597,3.609087
0,24598,3.602519
0,24599,3.594155
0,24600,3.584033
0,24601,3.572209
0,24602,3.558729
0,24603,3.543649
0,24604,3.527023
0,24605,3.508905
0,24606,3.489352
0,24607,3.468415
0,24608,3.44615
0,24609,3.422607
0,24610,3.397832
0,24611,3.37188
0,24612,3.344788
0,24613,3.316602
0,24614,3.287364
0,24615,3.257111
0,24616,3.225879
0,24617,3.193705
0,24618,3.160623
0,24619,3.126663
0,24620,3.091858
0,24621,3.056238
0,24622,3.01983
0,24623,2.982663
0,24624,2.944762
0,24625,2.906152
0,24626,2.866858
0,24627,2.826901
0,24628,2.786304
0,24629,2.745087
0,24630,2.703272
0,24631,2.660877
0,24632,2.617918
0,24633,2.574415
0,24634,2.530386
0,24635,2.485845
0,24636,2.440809
0,24637,2.395293
0,24638,2.349312
0,24639,2.302885
0,24640,2.256109
0,24641,2.209261
0,24642,2.162719
0,24643,2.116846
0,24644,2.071938
0,24645,2.028206
0,24646,1.985791
0,24647,1.944771
0,24648,1.905182
0,24649,1.867026
0,24650,1.830281
0,24651,1.794912
0,24652,1.76087
0,24653,1.728101
0,24654,1.696548
0,24655,1.666153
0,24656,1.636858
0,24657,1.608604
0,24658,1.581337
0,24659,1.555005
0,24660,1.529556
0,24661,1.504943
0,24662,1.481122
0,24663,1.45805
0,24664,1.435688
0,24665,1.413998
0,24666,1.392946
0,24667,1.372501
0,24668,1.352632
0,24669,1.33331
0,24670,1.314509
0,24671,1.2962
0,24672,1.278358
0,24673,1.260958
0,24674,1.243978
0,24675,1.227399
0,24676,1.211203
0,24677,1.195374
0,24678,1.179897
0,24679,1.164759
0,24680,1.149948
0,24681,1.135451
0,24682,1.121258
0,24683,1.10736
0,24684,1.093746
0,24685,1.080408
0,24686,1.067338
0,24687,1.054528
0,24688,1.041969
0,24689,1.029656
0,24690,1.017582
0,24691,1.00574
0,24692,0.9941239
0,24693,0.9827281
0,24694,0.9715469
0,24695,0.9605749
0,24696,0.9498067
0,24697,0.9392376
0,24698,0.9288628
0,24699,0.9186777
0,24700,0.9086779
0,24701,0.8988592
0,24702,0.8892175
0,24703,0.8797488
0,24704,0.8704492
0,24705,0.861315
0,24706,0.8523426
0,24707,0.8435285
0,24708,0.8348693
0,24709,0.8263618
0,24710,0.8180028
0,24711,0.8097891
0,24712,0.8017178
0,24713,0.7937859
0,24714,0.7859906
0,24715,0.7783291
0,24716,0.7707988
0,24717,0.7633969
0,24718,0.756121
0,24719,0.7489686
0,24720,0.7419372
0,24721,0.7350243
0,24722,0.7282279
0,24723,0.7215455
0,24724,0.7149749
0,24725,0.7085141
0,24726,0.7021609
0,24727,0.6959133
0,24728,0.6897691
0,24729,0.6837267
0,24730,0.6777838
0,24731,0.6719388
0,24732,0.6661898
0,24733,0.660535
0,24734,0.6549726
0,24735,0.649501
0,24736,0.6441183
0,24737,0.6388231
0,24738,0.6336137
0,24739,0.6284885
0,24740,0.6234459
0,24741,0.6184846
0,24742,0.6136029
0,24743,0.6087995
0,24744,0.6040728
0,24745,0.5994216
0,24746,0.5948445
0,24747,0.5903401
0,24748,0.5859072
0,24749,0.5815444
0,24750,0.5772505
0,24751,0.5730242
0,24752,0.5688644
0,24753,0.5647699
0,24754,0.5607395
0,24755,0.5567719
0,24756,0.5528663
0,24757,0.5490214
0,24758,0.5452362
0,24759,0.5415096
0,24760,0.5378407
0,24761,0.5342282
0,24762,0.5306714
0,24763,0.5271691
0,24764,0.5237205
0,24765,0.5203246
0,24766,0.5169804
0,24767,0.5136871
0,24768,0.5104439
0,24769,0.5072497
0,24770,0.5041037
0,24771,0.5010052
0,24772,0.4979533
0,24773,0.4949471
0,24774,0.4919859
0,24775,0.4890689
0,24776,0.4861953
0,24777,0.4833644
0,24778,0.4805755
0,24779,0.4778278
0,24780,0.4751205
0,24781,0.4724531
0,24782,0.4698247
0,24783,0.4672348
0,24784,0.4646827
0,24785,0.4621677
0,24786,0.4596892
0,24787,0.4572465
0,24788,0.4548391
0,24789,0.4524663
0,24790,0.4501276
0,24791,0.4478223
0,24792,0.4455499
0,24793,0.4433098
0,24794,0.4411015
0,24795,0.4389244
0,24796,0.436778
0,24797,0.4346617
0,24798,0.4325752
0,24799,0.4305177
0,24800,0.4284889
0,24801,0.4264882
0,24802,0.4245152
0,24803,0.4225695
0,24804,0.4206505
0,24805,0.4187577
0,24806,0.4168908
0,24807,0.4150493
0,24808,0.4132328
0,24809,0.4114408
0,24810,0.4096729
0,24811,0.4079288
0,24812,0.406208
0,24813,0.4045101
0,24814,0.4028347
0,24815,0.4011815
0,24816,0.3995501
0,24817,0.3979401
0,24818,0.3963512
0,24819,0.3947829
0,24820,0.393235
0,24821,0.3917071
0,24822,0.3901989
0,24823,0.38871
0,24824,0.3872401
0,24825,0.3857889
0,24826,0.3843561
0,24827,0.3829414
0,24828,0.3815444
0,24829,0.380165
0,24830,0.3788027
0,24831,0.3774572
0,24832,0.3761284
0,24833,0.3748159
0,24834,0.3735195
0,24835,0.3722388
0,24836,0.3709737
0,24837,0.3697239
0,24838,0.3684891
0,24839,0.367269
0,24840,0.3660634
0,24841,0.3648722
0,24842,0.3636949
0,24843,0.3625315
0,24844,0.3613816
0,24845,0.3602452
0,24846,0.3591218
0,24847,0.3580113
0,24848,0.3569136
0,24849,0.3558283
0,24850,0.3547553
0,24851,0.3536945
0,24852,0.3526455
0,24853,0.3516081
0,24854,0.3505823
0,24855,0.3495678
0,24856,0.3485644
0,24857,0.3475719
0,24858,0.3465903
0,24859,0.3456191
0,24860,0.3446584
0,24861,0.343708
0,24862,0.3427676
0,24863,0.3418371
0,24864,0.3409164
0,24865,0.3400052
0,24866,0.3391035
0,24867,0.3382111
0,24868,0.3373278
0,24869,0.3364535
0,24870,0.335588
0,24871,0.3347313
0,24872,0.333883
0,24873,0.3330432
0,24874,0.3322117
0,24875,0.3313883
0,24876,0.3305729
0,24877,0.3297654
0,24878,0.3289657
0,24879,0.3281736
0,24880,0.3273891
0,24881,0.3266119
0,24882,0.325842
0,24883,0.3250792
0,24884,0.3243235
0,24885,0.3235748
0,24886,0.3228328
0,24887,0.3220976
0,24888,0.321369
0,24889,0.3206469
0,24890,0.3199311
0,24891,0.3192217
0,24892,0.3185185
0,24893,0.3178214
0,24894,0.3171304
0,24895,0.3164452
0,24896,0.3157658
0,24897,0.3150922
0,24898,0.3144242
0,24899,0.3137618
0,24900,0.3131048
0,24901,0.3124532
0,24902,0.311807
0,24903,0.3111659
0,24904,0.31053
0,24905,0.3098991
0,24906,0.3092732
0,24907,0.3086523
0,24908,0.3080361
0,24909,0.3074247
0,24910,0.306818
0,24911,0.3062159
0,24912,0.3056183
0,24913,0.3050252
0,24914,0.3044366
0,24915,0.3038522
0,24916,0.3032722
0,24917,0.3026963
0,24918,0.3021246
0,24919,0.3015569
0,24920,0.3009933
0,24921,0.3004336
0,24922,0.2998779
0,24923,0.2993259
0,24924,0.2987778
0,24925,0.2982334
0,24926,0.2976927
0,24927,0.2971556
0,24928,0.2966221
0,24929,0.296092
0,24930,0.2955655
0,24931,0.2950424
0,24932,0.2945226
0,24933,0.2940061
0,24934,0.2934929
0,24935,0.292983
0,24936,0.2924761
0,24937,0.2919725
0,24938,0.2914719
0,24939,0.2909743
0,24940,0.2904798
0,24941,0.2899882
0,24942,0.2894995
0,24943,0.2890137
0,24944,0.2885307
0,24945,0.2880505
0,24946,0.2875731
0,24947,0.2870983
0,24948,0.2866263
0,24949,0.2861569
0,24950,0.28569
0,24951,0.2852258
0,24952,0.2847641
0,24953,0.2843048
0,24954,0.2838481
0,24955,0.2833937
0,24956,0.2829418
0,24957,0.2824922
0,24958,0.2820449
0,24959,0.2816
0,24960,0.2811573
0,24961,0.2807169
0,24962,0.2802786
0,24963,0.2798426
0,24964,0.2794086
0,24965,0.2789769
0,24966,0.2785472
0,24967,0.2781195
0,24968,0.2776939
0,24969,0.2772703
0,24970,0.2768488
0,24971,0.2764291
0,24972,0.2760114
0,24973,0.2755957
0,24974,0.2751818
0,24975,0.2747697
0,24976,0.2743595
0,24977,0.2739511
0,24978,0.2735446
0,24979,0.2731397
0,24980,0.2727367
0,24981,0.2723354
0,24982,0.2719357
0,24983,0.2715378
0,24984,0.2711415
0,24985,0.2707469
0,24986,0.2703539
0,24987,0.2699625
0,24988,0.2695727
0,24989,0.2691844
0,24990,0.2687977
0,24991,0.2684126
0,24992,0.2680289
0,24993,0.2676467
0,24994,0.267266
0,24995,0.2668868
0,24996,0.2665091
0,24997,0.2661327
0,24998,0.2657578
0,24999,0.2653842
0,25000,0.2650121
0,25001,0.2646413
0,25002,0.2642718
0,25003,0.2639037
0,25004,0.2635369
0,25005,0.2631714
0,25006,0.2628072
0,25007,0.2624443
0,25008,0.2620826
0,25009,0.2617222
0,25010,0.261363
0,25011,0.261005
0,25012,0.2606483
0,25013,0.2602927
0,25014,0.2599384
0,25015,0.2595852
0,25016,0.2592332
0,25017,0.2588823
0,25018,0.2585326
0,25019,0.2581839
0,25020,0.2578364
0,25021,0.25749
0,25022,0.2571447
0,25023,0.2568004
0,25024,0.2564573
0,25025,0.2561152
0,25026,0.2557741
0,25027,0.255434
0,25028,0.255095
0,25029,0.254757
0,25030,0.25442
0,25031,0.2540841
0,25032,0.253749
0,25033,0.253415
0,25034,0.253082
0,25035,0.2527499
0,25036,0.2524187
0,25037,0.2520885
0,25038,0.2517593
0,25039,0.2514309
0,25040,0.2511035
0,25041,0.250777
0,25042,0.2504514
0,25043,0.2501267
0,25044,0.2498028
0,25045,0.2494799
0,25046,0.2491578
0,25047,0.2488366
0,25048,0.2485162
0,25049,0.2481967
0,25050,0.2478781
0,25051,0.2475602
0,25052,0.2472433
0,25053,0.2469271
0,25054,0.2466117
0,25055,0.2462972
0,25056,0.2459834
0,25057,0.2456705
0,25058,0.2453583
0,25059,0.245047
0,25060,0.2447364
0,25061,0.2444265
0,25062,0.2441175
0,25063,0.2438092
0,25064,0.2435017
0,25065,0.2431949
0,25066,0.2428888
0,25067,0.2425835
0,25068,0.242279
0,25069,0.2419751
0,25070,0.241672
0,25071,0.2413696
0,25072,0.2410679
0,25073,0.240767
0,25074,0.2404667
0,25075,0.2401671
0,25076,0.2398682
0,25077,0.23957
0,25078,0.2392725
0,25079,0.2389757
0,25080,0.2386795
0,25081,0.2383841
0,25082,0.2380892
0,25083,0.2377951
0,25084,0.2375016
0,25085,0.2372088
0,25086,0.2369166
0,25087,0.236625
0,25088,0.2363341
0,25089,0.2360439
0,25090,0.2357542
0,25091,0.2354652
0,25092,0.2351768
0,25093,0.2348891
0,25094,0.2346019
0,25095,0.2343154
0,25096,0.2340295
0,25097,0.2337441
0,25098,0.2334594
0,25099,0.2331753
0,25100,0.2328918
0,25101,0.2326089
0,25102,0.2323266
0,25103,0.2320449
0,25104,0.2317637
0,25105,0.2314831
0,25106,0.2312032
0,25107,0.2309237
0,25108,0.2306449
0,25109,0.2303666
0,25110,0.2300889
0,25111,0.2298117
0,25112,0.2295351
0,25113,0.2292591
0,25114,0.2289836
0,25115,0.2287086
0,25116,0.2284342
0,25117,0.2281603
0,25118,0.227887
0,25119,0.2276142
0,25120,0.227342
0,25121,0.2270703
0,25122,0.2267991
0,25123,0.2265285
0,25124,0.2262584
0,25125,0.2259888
0,25126,0.2257197
0,25127,0.2254512
0,25128,0.2251831
0,25129,0.2249156
0,25130,0.2246486
0,25131,0.2243821
0,25132,0.2241161
0,25133,0.2238506
0,25134,0.2235856
0,25135,0.2233211
0,25136,0.2230571
0,25137,0.2227936
0,25138,0.2225305
0,25139,0.222268
0,25140,0.222006
0,25141,0.2217445
0,25142,0.2214834
0,25143,0.2212228
0,25144,0.2209628
0,25145,0.2207032
0,25146,0.220444
0,25147,0.2201854
0,25148,0.2199272
0,25149,0.2196695
0,25150,0.2194123
0,25151,0.2191555
0,25152,0.2188992
0,25153,0.2186434
0,25154,0.218388
0,25155,0.2181331
0,25156,0.2178786
0,25157,0.2176246
0,25158,0.2173711
0,25159,0.217118
0,25160,0.2168654
0,25161,0.2166132
0,25162,0.2163615
0,25163,0.2161102
0,25164,0.2158594
0,25165,0.215609
0,25166,0.2153591
0,25167,0.2151096
0,25168,0.2148605
0,25169,0.2146119
0,25170,0.2143637
0,25171,0.214116
0,25172,0.2138687
0,25173,0.2136218
0,25174,0.2133754
0,25175,0.2131294
0,25176,0.2128838
0,25177,0.2126386
0,25178,0.2123939
0,25179,0.2121496
0,25180,0.2119058
0,25181,0.2116623
0,25182,0.2114193
0,25183,0.2111767
0,25184,0.2109345
0,25185,0.2106927
0,25186,0.2104514
0,25187,0.2102104
0,25188,0.2099699
0,25189,0.2097298
0,25190,0.2094901
0,25191,0.2092508
0,25192,0.2090119
0,25193,0.2087735
0,25194,0.2085354
0,25195,0.2082977
0,25196,0.2080605
0,25197,0.2078236
0,25198,0.2075872
0,25199,0.2073511
0,25200,0.2071155
0,25201,0.2068802
0,25202,0.2066454
0,25203,0.2064109
0,25204,0.2061769
0,25205,0.2059432
0,25206,0.20571
0,25207,0.2054771
0,25208,0.2052446
0,25209,0.2050125
0,25210,0.2047808
0,25211,0.2045495
0,25212,0.2043186
0,25213,0.204088
0,25214,0.2038578
0,25215,0.2036281
0,25216,0.2033987
0,25217,0.2031696
0,25218,0.202941
0,25219,0.2027127
0,25220,0.2024848
0,25221,0.2022573
0,25222,0.2020302
0,25223,0.2018034
0,25224,0.2015771
0,25225,0.201351
0,25226,0.2011254
0,25227,0.2009001
0,25228,0.2006752
0,25229,0.2004507
0,25230,0.2002265
0,25231,0.2000028
0,25232,0.1997793
0,25233,0.1995563
0,25234,0.1993336
0,25235,0.1991113
0,25236,0.1988894
0,25237,0.1986678
0,25238,0.1984466
0,25239,0.1982257
0,25240,0.1980052
0,25241,0.197785
0,25242,0.1975652
0,25243,0.1973458
0,25244,0.1971267
0,25245,0.196908
0,25246,0.1966896
0,25247,0.1964716
0,25248,0.1962539
0,25249,0.1960366
0,25250,0.1958196
0,25251,0.195603
0,25252,0.1953867
0,25253,0.1951708
0,25254,0.1949552
0,25255,0.1947399
0,25256,0.194525
0,25257,0.1943105
0,25258,0.1940962
0,25259,0.1938824
0,25260,0.1936689
0,25261,0.1934557
0,25262,0.1932429
0,25263,0.1930304
0,25264,0.1928183
0,25265,0.1926065
0,25266,0.192395
0,25267,0.1921839
0,25268,0.1919731
0,25269,0.1917626
0,25270,0.1915525
0,25271,0.1913427
0,25272,0.1911332
0,25273,0.1909241
0,25274,0.1907153
0,25275,0.1905069
0,25276,0.1902987
0,25277,0.1900909
0,25278,0.1898834
0,25279,0.1896763
0,25280,0.1894695
0,25281,0.189263
0,25282,0.1890568
0,25283,0.1888509
0,25284,0.1886454
0,25285,0.1884402
0,25286,0.1882353
0,25287,0.1880307
0,25288,0.1878265
0,25289,0.1876226
0,25290,0.187419
0,25291,0.1872157
0,25292,0.1870128
0,25293,0.1868101
0,25294,0.1866078
0,25295,0.1864058
0,25296,0.1862042
0,25297,0.1860028
0,25298,0.1858017
0,25299,0.185601
0,25300,0.1854006
0,25301,0.1852005
0,25302,0.1850007
0,25303,0.1848012
0,25304,0.184602
0,25305,0.1844032
0,25306,0.1842046
0,25307,0.1840064
0,25308,0.1838084
0,25309,0.1836108
0,25310,0.1834135
0,25311,0.1832165
0,25312,0.1830198
0,25313,0.1828234
0,25314,0.1826273
0,25315,0.1824315
0,25316,0.182236
0,25317,0.1820408
0,25318,0.1818459
0,25319,0.1816514
0,25320,0.1814571
0,25321,0.1812631
0,25322,0.1810694
0,25323,0.1808761
0,25324,0.180683
0,25325,0.1804902
0,25326,0.1802977
0,25327,0.1801055
0,25328,0.1799137
0,25329,0.1797221
0,25330,0.1795308
0,25331,0.1793398
0,25332,0.1791491
0,25333,0.1789587
0,25334,0.1787686
0,25335,0.1785787
0,25336,0.1783892
0,25337,0.1782
0,25338,0.178011
0,25339,0.1778224
0,25340,0.177634
0,25341,0.1774459
0,25342,0.1772581
0,25343,0.1770706
0,25344,0.1768834
0,25345,0.1766965
0,25346,0.1765099
0,25347,0.1763235
0,25348,0.1761375
0,25349,0.1759517
0,25350,0.1757662
0,25351,0.175581
0,25352,0.1753961
0,25353,0.1752114
0,25354,0.1750271
0,25355,0.174843
0,25356,0.1746592
0,25357,0.1744757
0,25358,0.1742924
0,25359,0.1741095
0,25360,0.1739268
0,25361,0.1737444
0,25362,0.1735623
0,25363,0.1733804
0,25364,0.1731989
0,25365,0.1730176
0,25366,0.1728366
0,25367,0.1726559
0,25368,0.1724754
0,25369,0.1722952
0,25370,0.1721153
0,25371,0.1719356
0,25372,0.1717563
0,25373,0.1715772
0,25374,0.1713983
0,25375,0.1712198
0,25376,0.1710415
0,25377,0.1708635
0,25378,0.1706858
0,25379,0.1705083
0,25380,0.1703311
0,25381,0.1701541
0,25382,0.1699775
0,25383,0.1698011
0,25384,0.1696249
0,25385,0.169449
0,25386,0.1692735
0,25387,0.1690981
0,25388,0.168923
0,25389,0.1687482
0,25390,0.1685737
0,25391,0.1683994
0,25392,0.1682254
0,25393,0.1680516
0,25394,0.1678781
0,25395,0.1677049
0,25396,0.1675319
0,25397,0.1673592
0,25398,0.1671867
0,25399,0.1670145
0,25400,0.1668426
0,25401,0.1666709
0,25402,0.1664995
0,25403,0.1663283
0,25404,0.1661574
0,25405,0.1659867
0,25406,0.1658163
0,25407,0.1656462
0,25408,0.1654763
0,25409,0.1653066
0,25410,0.1651372
0,25411,0.1649681
0,25412,0.1647992
0,25413,0.1646306
0,25414,0.1644622
0,25415,0.1642941
0,25416,0.1641262
0,25417,0.1639586
0,25418,0.1637912
0,25419,0.1636241
0,25420,0.1634572
0,25421,0.1632906
0,25422,0.1631242
0,25423,0.1629581
0,25424,0.1627922
0,25425,0.1626265
0,25426,0.1624611
0,25427,0.162296
0,25428,0.1621311
0,25429,0.1619664
0,25430,0.161802
0,25431,0.1616378
0,25432,0.1614739
0,25433,0.1613102
0,25434,0.1611468
0,25435,0.1609836
0,25436,0.1608206
0,25437,0.1606579
0,25438,0.1604954
0,25439,0.1603332
0,25440,0.1601712
0,25441,0.1600094
0,25442,0.1598479
0,25443,0.1596866
0,25444,0.1595255
0,25445,0.1593647
0,25446,0.1592042
0,25447,0.1590438
0,25448,0.1588837
0,25449,0.1587239
0,25450,0.1585642
0,25451,0.1584048
0,25452,0.1582457
0,25453,0.1580867
0,25454,0.157928
0,25455,0.1577696
0,25456,0.1576114
0,25457,0.1574534
0,25458,0.1572956
0,25459,0.1571381
0,25460,0.1569808
0,25461,0.1568237
0,25462,0.1566669
0,25463,0.1565102
0,25464,0.1563539
0,25465,0.1561977
0,25466,0.1560418
0,25467,0.1558861
0,25468,0.1557306
0,25469,0.1555754
0,25470,0.1554204
0,25471,0.1552656
0,25472,0.155111
0,25473,0.1549567
0,25474,0.1548026
0,25475,0.1546487
0,25476,0.154495
0,25477,0.1543416
0,25478,0.1541884
0,25479,0.1540354
0,25480,0.1538826
0,25481,0.15373
0,25482,0.1535777
0,25483,0.1534256
0,25484,0.1532737
0,25485,0.1531221
0,25486,0.1529706
0,25487,0.1528194
0,25488,0.1526684
0,25489,0.1525176
0,25490,0.152367
0,25491,0.1522167
0,25492,0.1520665
0,25493,0.1519166
0,25494,0.1517669
0,25495,0.1516174
0,25496,0.1514682
0,25497,0.1513191
0,25498,0.1511703
0,25499,0.1510217
0,25500,0.1508733
0,25501,0.1507251
0,25502,0.1505771
0,25503,0.1504293
0,25504,0.1502818
0,25505,0.1501344
0,25506,0.1499873
0,25507,0.1498404
0,25508,0.1496937
0,25509,0.1495472
0,25510,0.1494009
0,25511,0.1492549
0,25512,0.149109
0,25513,0.1489634
0,25514,0.1488179
0,25515,0.1486727
0,25516,0.1485277
0,25517,0.1483829
0,25518,0.1482383
0,25519,0.1480939
0,25520,0.1479497
0,25521,0.1478057
0,25522,0.1476619
0,25523,0.1475184
0,25524,0.147375
0,25525,0.1472318
0,25526,0.1470889
0,25527,0.1469461
0,25528,0.1468036
0,25529,0.1466612
0,25530,0.1465191
0,25531,0.1463771
0,25532,0.1462354
0,25533,0.1460939
0,25534,0.1459525
0,25535,0.1458114
0,25536,0.1456705
0,25537,0.1455297
0,25538,0.1453892
0,25539,0.1452489
0,25540,0.1451087
0,25541,0.1449688
0,25542,0.1448291
0,25543,0.1446895
0,25544,0.1445502
0,25545,0.1444111
0,25546,0.1442721
0,25547,0.1441334
0,25548,0.1439948
0,25549,0.1438565
0,25550,0.1437183
0,25551,0.1435804
0,25552,0.1434426
0,25553,0.1433051
0,25554,0.1431677
0,25555,0.1430305
0,25556,0.1428935
0,25557,0.1427567
0,25558,0.1426201
0,25559,0.1424838
0,25560,0.1423475
0,25561,0.1422115
0,25562,0.1420757
0,25563,0.1419401
0,25564,0.1418046
0,25565,0.1416694
0,25566,0.1415343
0,25567,0.1413995
0,25568,0.1412648
0,25569,0.1411303
0,25570,0.140996
0,25571,0.1408619
0,25572,0.140728
0,25573,0.1405942
0,25574,0.1404607
0,25575,0.1403273
0,25576,0.1401941
0,25577,0.1400611
0,25578,0.1399283
0,25579,0.1397957
0,25580,0.1396633
0,25581,0.139531
0,25582,0.139399
0,25583,0.1392671
0,25584,0.1391354
0,25585,0.1390039
0,25586,0.1388726
0,25587,0.1387414
0,25588,0.1386105
0,25589,0.1384797
0,25590,0.1383491
0,25591,0.1382187
0,25592,0.1380885
0,25593,0.1379585
0,25594,0.1378286
0,25595,0.1376989
0,25596,0.1375694
0,25597,0.1374401
0,25598,0.1373109
0,25599,0.137182
0,25600,0.1370532
0,25601,0.1369246
0,25602,0.1367962
0,25603,0.1366679
0,25604,0.1365398
0,25605,0.136412
0,25606,0.1362842
0,25607,0.1361567
0,25608,0.1360293
0,25609,0.1359022
0,25610,0.1357752
0,25611,0.1356483
0,25612,0.1355217
0,25613,0.1353952
0,25614,0.1352689
0,25615,0.1351428
0,25616,0.1350168
0,25617,0.134891
0,25618,0.1347654
0,25619,0.13464
0,25620,0.1345147
0,25621,0.1343896
0,25622,0.1342647
0,25623,0.13414
0,25624,0.1340154
0,25625,0.133891
0,25626,0.1337667
0,25627,0.1336427
0,25628,0.1335188
0,25629,0.1333951
0,25630,0.1332715
0,25631,0.1331481
0,25632,0.1330249
0,25633,0.1329019
0,25634,0.132779
0,25635,0.1326563
0,25636,0.1325338
0,25637,0.1324114
0,25638,0.1322892
0,25639,0.1321672
0,25640,0.1320453
0,25641,0.1319236
0,25642,0.1318021
0,25643,0.1316807
0,25644,0.1315595
0,25645,0.1314384
0,25646,0.1313176
0,25647,0.1311969
0,25648,0.1310763
0,25649,0.1309559
0,25650,0.1308357
0,25651,0.1307157
0,25652,0.1305958
0,25653,0.130476
0,25654,0.1303565
0,25655,0.1302371
0,25656,0.1301178
0,25657,0.1299988
0,25658,0.1298799
0,25659,0.1297611
0,25660,0.1296425
0,25661,0.1295241
0,25662,0.1294058
0,25663,0.1292877
0,25664,0.1291697
0,25665,0.129052
0,25666,0.1289343
0,25667,0.1288169
0,25668,0.1286995
0,25669,0.1285824
0,25670,0.1284654
0,25671,0.1283485
0,25672,0.1282319
0,25673,0.1281153
0,25674,0.127999
0,25675,0.1278828
0,25676,0.1277667
0,25677,0.1276508
0,25678,0.1275351
0,25679,0.1274195
0,25680,0.1273041
0,25681,0.1271888
0,25682,0.1270737
0,25683,0.1269587
0,25684,0.1268439
0,25685,0.1267292
0,25686,0.1266147
0,25687,0.1265004
0,25688,0.1263862
0,25689,0.1262721
0,25690,0.1261583
0,25691,0.1260445
0,25692,0.1259309
0,25693,0.1258175
0,25694,0.1257042
0,25695,0.1255911
0,25696,0.1254781
0,25697,0.1253653
0,25698,0.1252526
0,25699,0.1251401
0,25700,0.1250277
0,25701,0.1249155
0,25702,0.1248034
0,25703,0.1246915
0,25704,0.1245797
0,25705,0.1244681
0,25706,0.1243566
0,25707,0.1242453
0,25708,0.1241341
0,25709,0.1240231
0,25710,0.1239122
0,25711,0.1238014
0,25712,0.1236908
0,25713,0.1235804
0,25714,0.1234701
0,25715,0.1233599
0,25716,0.1232499
0,25717,0.1231401
0,25718,0.1230303
0,25719,0.1229208
0,25720,0.1228113
0,25721,0.1227021
0,25722,0.1225929
0,25723,0.1224839
0,25724,0.1223751
0,25725,0.1222664
0,25726,0.1221578
0,25727,0.1220494
0,25728,0.1219411
0,25729,0.121833
0,25730,0.121725
0,25731,0.1216172
0,25732,0.1215094
0,25733,0.1214019
0,25734,0.1212945
0,25735,0.1211872
0,25736,0.12108
0,25737,0.120973
0,25738,0.1208662
0,25739,0.1207594
0,25740,0.1206529
0,25741,0.1205464
0,25742,0.1204401
0,25743,0.120334
0,25744,0.1202279
0,25745,0.1201221
0,25746,0.1200163
0,25747,0.1199107
0,25748,0.1198053
0,25749,0.1196999
0,25750,0.1195947
0,25751,0.1194897
0,25752,0.1193848
0,25753,0.11928
0,25754,0.1191753
0,25755,0.1190708
0,25756,0.1189665
0,25757,0.1188622
0,25758,0.1187581
0,25759,0.1186542
0,25760,0.1185503
0,25761,0.1184466
0,25762,0.1183431
0,25763,0.1182397
0,25764,0.1181364
0,25765,0.1180332
0,25766,0.1179302
0,25767,0.1178273
0,25768,0.1177246
0,25769,0.1176219
0,25770,0.1175195
0,25771,0.1174171
0,25772,0.1173149
0,25773,0.1172128
0,25774,0.1171108
0,25775,0.117009
0,25776,0.1169073
0,25777,0.1168058
0,25778,0.1167043
0,25779,0.116603
0,25780,0.1165019
0,25781,0.1164008
0,25782,0.1162999
0,25783,0.1161992
0,25784,0.1160985
0,25785,0.115998
0,25786,0.1158976
0,25787,0.1157973
0,25788,0.1156972
0,25789,0.1155972
0,25790,0.1154973
0,25791,0.1153976
0,25792,0.115298
0,25793,0.1151985
0,25794,0.1150991
0,25795,0.1149999
0,25796,0.1149008
0,25797,0.1148018
0,25798,0.1147029
0,25799,0.1146042
0,25800,0.1145056
0,25801,0.1144071
0,25802,0.1143088
0,25803,0.1142105
0,25804,0.1141125
0,25805,0.1140145
0,25806,0.1139166
0,25807,0.1138189
0,25808,0.1137213
0,25809,0.1136238
0,25810,0.1135265
0,25811,0.1134293
0,25812,0.1133322
0,25813,0.1132352
0,25814,0.1131383
0,25815,0.1130416
0,25816,0.112945
0,25817,0.1128485
0,25818,0.1127521
0,25819,0.1126559
0,25820,0.1125598
0,25821,0.1124638
0,25822,0.1123679
0,25823,0.1122721
0,25824,0.1121765
0,25825,0.112081
0,25826,0.1119856
0,25827,0.1118903
0,25828,0.1117952
0,25829,0.1117002
0,25830,0.1116053
0,25831,0.1115105
0,25832,0.1114158
0,25833,0.1113212
0,25834,0.1112268
0,25835,0.1111325
0,25836,0.1110383
0,25837,0.1109442
0,25838,0.1108503
0,25839,0.1107565
0,25840,0.1106627
0,25841,0.1105691
0,25842,0.1104757
0,25843,0.1103823
0,25844,0.110289
0,25845,0.1101959
0,25846,0.1101029
0,25847,0.11001
0,25848,0.1099172
0,25849,0.1098245
0,25850,0.109732
0,25851,0.1096395
0,25852,0.1095472
0,25853,0.109455
0,25854,0.1093629
0,25855,0.109271
0,25856,0.1091791
0,25857,0.1090874
0,25858,0.1089957
0,25859,0.1089042
0,25860,0.1088128
0,25861,0.1087215
0,25862,0.1086303
0,25863,0.1085393
0,25864,0.1084483
0,25865,0.1083575
0,25866,0.1082668
0,25867,0.1081762
0,25868,0.1080857
0,25869,0.1079953
0,25870,0.107905
0,25871,0.1078149
0,25872,0.1077248
0,25873,0.1076349
0,25874,0.107545
0,25875,0.1074553
0,25876,0.1073657
0,25877,0.1072762
0,25878,0.1071869
0,25879,0.1070976
0,25880,0.1070084
0,25881,0.1069194
0,25882,0.1068304
0,25883,0.1067416
0,25884,0.1066529
0,25885,0.1065643
0,25886,0.1064758
0,25887,0.1063874
0,25888,0.1062991
0,25889,0.1062109
0,25890,0.1061229
0,25891,0.1060349
0,25892,0.105947
0,25893,0.1058593
0,25894,0.1057717
0,25895,0.1056841
0,25896,0.1055967
0,25897,0.1055094
0,25898,0.1054222
0,25899,0.1053351
0,25900,0.1052481
0,25901,0.1051612
0,25902,0.1050745
0,25903,0.1049878
0,25904,0.1049012
0,25905,0.1048148
0,25906,0.1047284
0,25907,0.1046421
0,25908,0.104556
0,25909,0.10447
0,25910,0.104384
0,25911,0.1042982
0,25912,0.1042125
0,25913,0.1041268
0,25914,0.1040413
0,25915,0.1039559
0,25916,0.1038706
0,25917,0.1037854
0,25918,0.1037003
0,25919,0.1036153
0,25920,0.1035304
0,25921,0.1034465
0,25922,0.1034492
0,25923,0.104099
0,25924,0.106533
0,25925,0.1121012
0,25926,0.1220534
0,25927,0.137376
0,25928,0.1587231
0,25929,0.1864108
0,25930,0.2204473
0,25931,0.2605904
0,25932,0.3064133
0,25933,0.357368
0,25934,0.4128405
0,25935,0.4721928
0,25936,0.5347935
0,25937,0.6000387
0,25938,0.6673644
0,25939,0.7362534
0,25940,0.8062387
0,25941,0.8769029
0,25942,0.9478773
0,25943,1.018839
0,25944,1.089508
0,25945,1.159644
0,25946,1.229042
0,25947,1.297528
0,25948,1.364959
0,25949,1.431217
0,25950,1.496205
0,25951,1.559849
0,25952,1.62209
0,25953,1.682886
0,25954,1.742208
0,25955,1.800038
0,25956,1.856367
0,25957,1.911198
0,25958,1.964539
0,25959,2.016403
0,25960,2.066812
0,25961,2.115786
0,25962,2.163353
0,25963,2.209543
0,25964,2.254387
0,25965,2.297918
0,25966,2.340171
0,25967,2.381181
0,25968,2.420985
0,25969,2.459617
0,25970,2.497115
0,25971,2.533515
0,25972,2.568851
0,25973,2.603159
0,25974,2.636473
0,25975,2.668827
0,25976,2.700254
0,25977,2.730785
0,25978,2.760453
0,25979,2.789286
0,25980,2.817314
0,25981,2.844566
0,25982,2.871068
0,25983,2.896848
0,25984,2.921931
0,25985,2.946341
0,25986,2.970101
0,25987,2.993235
0,25988,3.015764
0,25989,3.037708
0,25990,3.059089
0,25991,3.079925
0,25992,3.100235
0,25993,3.120036
0,25994,3.139345
0,25995,3.158179
0,25996,3.176552
0,25997,3.194482
0,25998,3.211981
0,25999,3.229064
0,26000,3.245744
0,26001,3.262032
0,26002,3.277942
0,26003,3.293485
0,26004,3.308671
0,26005,3.323512
0,26006,3.338017
0,26007,3.352198
0,26008,3.366063
0,26009,3.379623
0,26010,3.392885
0,26011,3.405858
0,26012,3.41855
0,26013,3.430967
0,26014,3.443119
0,26015,3.455012
0,26016,3.466652
0,26017,3.478048
0,26018,3.489205
0,26019,3.50013
0,26020,3.510828
0,26021,3.521307
0,26022,3.53157
0,26023,3.541624
0,26024,3.551472
0,26025,3.561118
0,26026,3.570564
0,26027,3.579784
0,26028,3.588629
0,26029,3.596806
0,26030,3.60398
0,26031,3.609852
0,26032,3.614195
0,26033,3.616845
0,26034,3.617699
0,26035,3.616696
0,26036,3.613827
0,26037,3.609091
0,26038,3.602522
0,26039,3.594158
0,26040,3.584036
0,26041,3.572212
0,26042,3.558733
0,26043,3.543652
0,26044,3.527026
0,26045,3.508909
0,26046,3.489356
0,26047,3.468418
0,26048,3.446153
0,26049,3.42261
0,26050,3.397836
0,26051,3.371883
0,26052,3.344791
0,26053,3.316606
0,26054,3.287367
0,26055,3.257114
0,26056,3.225883
0,26057,3.193708
0,26058,3.160626
0,26059,3.126666
0,26060,3.091862
0,26061,3.056242
0,26062,3.019834
0,26063,2.982666
0,26064,2.944765
0,26065,2.906156
0,26066,2.866861
0,26067,2.826905
0,26068,2.786308
0,26069,2.745091
0,26070,2.703275
0,26071,2.66088
0,26072,2.617922
0,26073,2.574419
0,26074,2.530389
0,26075,2.485849
0,26076,2.440813
0,26077,2.395297
0,26078,2.349315
0,26079,2.302888
0,26080,2.256113
0,26081,2.209265
0,26082,2.162722
0,26083,2.11685
0,26084,2.071941
0,26085,2.02821
0,26086,1.985794
0,26087,1.944774
0,26088,1.905185
0,26089,1.867029
0,26090,1.830285
0,26091,1.794915
0,26092,1.760873
0,26093,1.728104
0,26094,1.696552
0,26095,1.666157
0,26096,1.636861
0,26097,1.608607
0,26098,1.581341
0,26099,1.555008
0,26100,1.529559
0,26101,1.504947
0,26102,1.481125
0,26103,1.458053
0,26104,1.435691
0,26105,1.414001
0,26106,1.39295
0,26107,1.372504
0,26108,1.352635
0,26109,1.333313
0,26110,1.314512
0,26111,1.296203
0,26112,1.278361
0,26113,1.260961
0,26114,1.243981
0,26115,1.227402
0,26116,1.211206
0,26117,1.195377
0,26118,1.179901
0,26119,1.164763
0,26120,1.149951
0,26121,1.135454
0,26122,1.121262
0,26123,1.107363
0,26124,1.093749
0,26125,1.080411
0,26126,1.067341
0,26127,1.054531
0,26128,1.041973
0,26129,1.02966
0,26130,1.017585
0,26131,1.005743
0,26132,0.9941273
0,26133,0.9827315
0,26134,0.9715502
0,26135,0.9605781
0,26136,0.94981
0,26137,0.9392409
0,26138,0.9288661
0,26139,0.918681
0,26140,0.9086813
0,26141,0.8988625
0,26142,0.8892208
0,26143,0.8797521
0,26144,0.8704525
0,26145,0.8613183
0,26146,0.8523459
0,26147,0.8435318
0,26148,0.8348727
0,26149,0.8263651
0,26150,0.8180061
0,26151,0.8097924
0,26152,0.8017211
0,26153,0.7937892
0,26154,0.7859939
0,26155,0.7783325
0,26156,0.7708021
0,26157,0.7634003
0,26158,0.7561244
0,26159,0.7489719
0,26160,0.7419404
0,26161,0.7350277
0,26162,0.7282312
0,26163,0.7215488
0,26164,0.7149782
0,26165,0.7085174
0,26166,0.7021642
0,26167,0.6959165
0,26168,0.6897724
0,26169,0.6837299
0,26170,0.6777872
0,26171,0.6719422
0,26172,0.6661931
0,26173,0.6605383
0,26174,0.654976
0,26175,0.6495042
0,26176,0.6441216
0,26177,0.6388264
0,26178,0.633617
0,26179,0.6284918
0,26180,0.6234493
0,26181,0.6184879
0,26182,0.6136062
0,26183,0.6088027
0,26184,0.6040761
0,26185,0.599425
0,26186,0.5948479
0,26187,0.5903435
0,26188,0.5859105
0,26189,0.5815477
0,26190,0.5772538
0,26191,0.5730276
0,26192,0.5688677
0,26193,0.5647732
0,26194,0.5607427
0,26195,0.5567753
0,26196,0.5528696
0,26197,0.5490248
0,26198,0.5452395
0,26199,0.541513
0,26200,0.5378439
0,26201,0.5342315
0,26202,0.5306746
0,26203,0.5271724
0,26204,0.5237238
0,26205,0.5203279
0,26206,0.5169837
0,26207,0.5136905
0,26208,0.5104471
0,26209,0.507253
0,26210,0.5041071
0,26211,0.5010085
0,26212,0.4979565
0,26213,0.4949504
0,26214,0.4919892
0,26215,0.4890722
0,26216,0.4861986
0,26217,0.4833677
0,26218,0.4805788
0,26219,0.477831
0,26220,0.4751238
0,26221,0.4724563
0,26222,0.469828
0,26223,0.4672381
0,26224,0.464686
0,26225,0.462171
0,26226,0.4596925
0,26227,0.4572498
0,26228,0.4548424
0,26229,0.4524696
0,26230,0.4501309
0,26231,0.4478256
0,26232,0.4455532
0,26233,0.4433131
0,26234,0.4411048
0,26235,0.4389277
0,26236,0.4367813
0,26237,0.434665
0,26238,0.4325784
0,26239,0.430521
0,26240,0.4284922
0,26241,0.4264915
0,26242,0.4245185
0,26243,0.4225728
0,26244,0.4206537
0,26245,0.418761
0,26246,0.4168941
0,26247,0.4150526
0,26248,0.4132361
0,26249,0.411444
0,26250,0.4096762
0,26251,0.4079321
0,26252,0.4062113
0,26253,0.4045134
0,26254,0.402838
0,26255,0.4011848
0,26256,0.3995534
0,26257,0.3979434
0,26258,0.3963544
0,26259,0.3947862
0,26260,0.3932383
0,26261,0.3917104
0,26262,0.3902022
0,26263,0.3887133
0,26264,0.3872434
0,26265,0.3857922
0,26266,0.3843594
0,26267,0.3829447
0,26268,0.3815477
0,26269,0.3801682
0,26270,0.3788059
0,26271,0.3774605
0,26272,0.3761317
0,26273,0.3748192
0,26274,0.3735228
0,26275,0.3722421
0,26276,0.370977
0,26277,0.3697272
0,26278,0.3684923
0,26279,0.3672723
0,26280,0.3660667
0,26281,0.3648754
0,26282,0.3636982
0,26283,0.3625348
0,26284,0.3613849
0,26285,0.3602484
0,26286,0.359125
0,26287,0.3580146
0,26288,0.3569168
0,26289,0.3558316
0,26290,0.3547586
0,26291,0.3536977
0,26292,0.3526487
0,26293,0.3516114
0,26294,0.3505856
0,26295,0.349571
0,26296,0.3485677
0,26297,0.3475752
0,26298,0.3465935
0,26299,0.3456224
0,26300,0.3446617
0,26301,0.3437113
0,26302,0.3427708
0,26303,0.3418404
0,26304,0.3409196
0,26305,0.3400085
0,26306,0.3391068
0,26307,0.3382144
0,26308,0.3373311
0,26309,0.3364568
0,26310,0.3355913
0,26311,0.3347345
0,26312,0.3338863
0,26313,0.3330465
0,26314,0.332215
0,26315,0.3313915
0,26316,0.3305762
0,26317,0.3297687
0,26318,0.328969
0,26319,0.3281769
0,26320,0.3273923
0,26321,0.3266151
0,26322,0.3258452
0,26323,0.3250825
0,26324,0.3243268
0,26325,0.323578
0,26326,0.322836
0,26327,0.3221008
0,26328,0.3213722
0,26329,0.3206501
0,26330,0.3199344
0,26331,0.319225
0,26332,0.3185218
0,26333,0.3178247
0,26334,0.3171336
0,26335,0.3164484
0,26336,0.315769
0,26337,0.3150954
0,26338,0.3144274
0,26339,0.313765
0,26340,0.3131081
0,26341,0.3124565
0,26342,0.3118102
0,26343,0.3111691
0,26344,0.3105332
0,26345,0.3099024
0,26346,0.3092765
0,26347,0.3086555
0,26348,0.3080394
0,26349,0.307428
0,26350,0.3068213
0,26351,0.3062192
0,26352,0.3056216
0,26353,0.3050285
0,26354,0.3044398
0,26355,0.3038554
0,26356,0.3032754
0,26357,0.3026995
0,26358,0.3021278
0,26359,0.3015601
0,26360,0.3009965
0,26361,0.3004369
0,26362,0.2998811
0,26363,0.2993292
0,26364,0.298781
0,26365,0.2982366
0,26366,0.2976959
0,26367,0.2971588
0,26368,0.2966253
0,26369,0.2960953
0,26370,0.2955687
0,26371,0.2950456
0,26372,0.2945258
0,26373,0.2940094
0,26374,0.2934962
0,26375,0.2929862
0,26376,0.2924794
0,26377,0.2919757
0,26378,0.2914751
0,26379,0.2909776
0,26380,0.290483
0,26381,0.2899914
0,26382,0.2895027
0,26383,0.2890169
0,26384,0.2885339
0,26385,0.2880538
0,26386,0.2875763
0,26387,0.2871016
0,26388,0.2866295
0,26389,0.2861601
0,26390,0.2856933
0,26391,0.285229
0,26392,0.2847673
0,26393,0.284308
0,26394,0.2838513
0,26395,0.283397
0,26396,0.282945
0,26397,0.2824954
0,26398,0.2820482
0,26399,0.2816032
0,26400,0.2811605
0,26401,0.2807201
0,26402,0.2802818
0,26403,0.2798458
0,26404,0.2794119
0,26405,0.2789801
0,26406,0.2785504
0,26407,0.2781227
0,26408,0.2776971
0,26409,0.2772736
0,26410,0.276852
0,26411,0.2764323
0,26412,0.2760147
0,26413,0.2755989
0,26414,0.275185
0,26415,0.2747729
0,26416,0.2743627
0,26417,0.2739544
0,26418,0.2735478
0,26419,0.273143
0,26420,0.2727399
0,26421,0.2723386
0,26422,0.2719389
0,26423,0.271541
0,26424,0.2711447
0,26425,0.2707501
0,26426,0.2703571
0,26427,0.2699657
0,26428,0.2695759
0,26429,0.2691876
0,26430,0.2688009
0,26431,0.2684157
0,26432,0.2680321
0,26433,0.2676499
0,26434,0.2672693
0,26435,0.26689
0,26436,0.2665122
0,26437,0.2661359
0,26438,0.265761
0,26439,0.2653874
0,26440,0.2650153
0,26441,0.2646445
0,26442,0.264275
0,26443,0.2639069
0,26444,0.2635401
0,26445,0.2631746
0,26446,0.2628104
0,26447,0.2624475
0,26448,0.2620858
0,26449,0.2617254
0,26450,0.2613662
0,26451,0.2610082
0,26452,0.2606515
0,26453,0.2602959
0,26454,0.2599416
0,26455,0.2595884
0,26456,0.2592364
0,26457,0.2588855
0,26458,0.2585357
0,26459,0.2581871
0,26460,0.2578396
0,26461,0.2574932
0,26462,0.2571479
0,26463,0.2568036
0,26464,0.2564605
0,26465,0.2561184
0,26466,0.2557773
0,26467,0.2554372
0,26468,0.2550982
0,26469,0.2547602
0,26470,0.2544232
0,26471,0.2540872
0,26472,0.2537522
0,26473,0.2534182
0,26474,0.2530852
0,26475,0.252753
0,26476,0.2524219
0,26477,0.2520917
0,26478,0.2517624
0,26479,0.2514341
0,26480,0.2511067
0,26481,0.2507802
0,26482,0.2504546
0,26483,0.2501298
0,26484,0.249806
0,26485,0.2494831
0,26486,0.249161
0,26487,0.2488398
0,26488,0.2485194
0,26489,0.2481999
0,26490,0.2478812
0,26491,0.2475634
0,26492,0.2472464
0,26493,0.2469303
0,26494,0.2466149
0,26495,0.2463004
0,26496,0.2459866
0,26497,0.2456737
0,26498,0.2453615
0,26499,0.2450501
0,26500,0.2447395
0,26501,0.2444297
0,26502,0.2441207
0,26503,0.2438124
0,26504,0.2435048
0,26505,0.2431981
0,26506,0.242892
0,26507,0.2425867
0,26508,0.2422822
0,26509,0.2419783
0,26510,0.2416752
0,26511,0.2413728
0,26512,0.2410711
0,26513,0.2407701
0,26514,0.2404699
0,26515,0.2401703
0,26516,0.2398714
0,26517,0.2395732
0,26518,0.2392757
0,26519,0.2389788
0,26520,0.2386827
0,26521,0.2383872
0,26522,0.2380924
0,26523,0.2377983
0,26524,0.2375048
0,26525,0.2372119
0,26526,0.2369197
0,26527,0.2366282
0,26528,0.2363373
0,26529,0.236047
0,26530,0.2357574
0,26531,0.2354684
0,26532,0.23518
0,26533,0.2348922
0,26534,0.2346051
0,26535,0.2343186
0,26536,0.2340326
0,26537,0.2337473
0,26538,0.2334626
0,26539,0.2331785
0,26540,0.232895
0,26541,0.2326121
0,26542,0.2323297
0,26543,0.232048
0,26544,0.2317669
0,26545,0.2314863
0,26546,0.2312063
0,26547,0.2309269
0,26548,0.2306481
0,26549,0.2303698
0,26550,0.230092
0,26551,0.2298149
0,26552,0.2295383
0,26553,0.2292622
0,26554,0.2289867
0,26555,0.2287118
0,26556,0.2284374
0,26557,0.2281635
0,26558,0.2278901
0,26559,0.2276174
0,26560,0.2273451
0,26561,0.2270734
0,26562,0.2268023
0,26563,0.2265316
0,26564,0.2262615
0,26565,0.2259919
0,26566,0.2257229
0,26567,0.2254543
0,26568,0.2251863
0,26569,0.2249188
0,26570,0.2246517
0,26571,0.2243852
0,26572,0.2241192
0,26573,0.2238537
0,26574,0.2235887
0,26575,0.2233242
0,26576,0.2230602
0,26577,0.2227967
0,26578,0.2225337
0,26579,0.2222712
0,26580,0.2220091
0,26581,0.2217476
0,26582,0.2214866
0,26583,0.221226
0,26584,0.2209659
0,26585,0.2207063
0,26586,0.2204472
0,26587,0.2201885
0,26588,0.2199303
0,26589,0.2196726
0,26590,0.2194154
0,26591,0.2191586
0,26592,0.2189023
0,26593,0.2186465
0,26594,0.2183911
0,26595,0.2181362
0,26596,0.2178818
0,26597,0.2176277
0,26598,0.2173742
0,26599,0.2171211
0,26600,0.2168685
0,26601,0.2166163
0,26602,0.2163646
0,26603,0.2161133
0,26604,0.2158625
0,26605,0.2156121
0,26606,0.2153622
0,26607,0.2151127
0,26608,0.2148636
0,26609,0.214615
0,26610,0.2143668
0,26611,0.2141191
0,26612,0.2138718
0,26613,0.2136249
0,26614,0.2133785
0,26615,0.2131325
0,26616,0.2128869
0,26617,0.2126418
0,26618,0.2123971
0,26619,0.2121527
0,26620,0.2119089
0,26621,0.2116654
0,26622,0.2114224
0,26623,0.2111798
0,26624,0.2109376
0,26625,0.2106958
0,26626,0.2104545
0,26627,0.2102136
0,26628,0.209973
0,26629,0.2097329
0,26630,0.2094932
0,26631,0.2092539
0,26632,0.2090151
0,26633,0.2087766
0,26634,0.2085385
0,26635,0.2083009
0,26636,0.2080636
0,26637,0.2078267
0,26638,0.2075903
0,26639,0.2073542
0,26640,0.2071186
0,26641,0.2068834
0,26642,0.2066485
0,26643,0.2064141
0,26644,0.20618
0,26645,0.2059463
0,26646,0.2057131
0,26647,0.2054802
0,26648,0.2052477
0,26649,0.2050156
0,26650,0.2047839
0,26651,0.2045526
0,26652,0.2043217
0,26653,0.2040911
0,26654,0.203861
0,26655,0.2036312
0,26656,0.2034018
0,26657,0.2031727
0,26658,0.2029441
0,26659,0.2027158
0,26660,0.202488
0,26661,0.2022604
0,26662,0.2020333
0,26663,0.2018065
0,26664,0.2015802
0,26665,0.2013541
0,26666,0.2011285
0,26667,0.2009032
0,26668,0.2006783
0,26669,0.2004538
0,26670,0.2002296
0,26671,0.2000059
0,26672,0.1997824
0,26673,0.1995594
0,26674,0.1993367
0,26675,0.1991144
0,26676,0.1988925
0,26677,0.1986709
0,26678,0.1984497
0,26679,0.1982288
0,26680,0.1980083
0,26681,0.1977881
0,26682,0.1975683
0,26683,0.1973489
0,26684,0.1971298
0,26685,0.1969111
0,26686,0.1966927
0,26687,0.1964747
0,26688,0.196257
0,26689,0.1960397
0,26690,0.1958227
0,26691,0.1956061
0,26692,0.1953898
0,26693,0.1951739
0,26694,0.1949583
0,26695,0.194743
0,26696,0.1945281
0,26697,0.1943135
0,26698,0.1940993
0,26699,0.1938855
0,26700,0.193672
0,26701,0.1934588
0,26702,0.193246
0,26703,0.1930335
0,26704,0.1928214
0,26705,0.1926095
0,26706,0.1923981
0,26707,0.192187
0,26708,0.1919762
0,26709,0.1917657
0,26710,0.1915556
0,26711,0.1913458
0,26712,0.1911363
0,26713,0.1909272
0,26714,0.1907184
0,26715,0.1905099
0,26716,0.1903018
0,26717,0.190094
0,26718,0.1898865
0,26719,0.1896794
0,26720,0.1894726
0,26721,0.1892661
0,26722,0.1890599
0,26723,0.188854
0,26724,0.1886485
0,26725,0.1884433
0,26726,0.1882384
0,26727,0.1880338
0,26728,0.1878296
0,26729,0.1876256
0,26730,0.1874221
0,26731,0.1872188
0,26732,0.1870158
0,26733,0.1868132
0,26734,0.1866109
0,26735,0.1864089
0,26736,0.1862072
0,26737,0.1860059
0,26738,0.1858048
0,26739,0.1856041
0,26740,0.1854036
0,26741,0.1852035
0,26742,0.1850037
0,26743,0.1848043
0,26744,0.1846051
0,26745,0.1844062
0,26746,0.1842077
0,26747,0.1840094
0,26748,0.1838115
0,26749,0.1836139
0,26750,0.1834166
0,26751,0.1832195
0,26752,0.1830228
0,26753,0.1828264
0,26754,0.1826303
0,26755,0.1824346
0,26756,0.1822391
0,26757,0.1820439
0,26758,0.181849
0,26759,0.1816544
0,26760,0.1814601
0,26761,0.1812662
0,26762,0.1810725
0,26763,0.1808791
0,26764,0.180686
0,26765,0.1804933
0,26766,0.1803008
0,26767,0.1801086
0,26768,0.1799167
0,26769,0.1797251
0,26770,0.1795338
0,26771,0.1793428
0,26772,0.1791521
0,26773,0.1789617
0,26774,0.1787716
0,26775,0.1785818
0,26776,0.1783923
0,26777,0.178203
0,26778,0.1780141
0,26779,0.1778254
0,26780,0.1776371
0,26781,0.177449
0,26782,0.1772612
0,26783,0.1770737
0,26784,0.1768865
0,26785,0.1766996
0,26786,0.1765129
0,26787,0.1763266
0,26788,0.1761405
0,26789,0.1759548
0,26790,0.1757693
0,26791,0.175584
0,26792,0.1753991
0,26793,0.1752145
0,26794,0.1750301
0,26795,0.1748461
0,26796,0.1746622
0,26797,0.1744787
0,26798,0.1742955
0,26799,0.1741125
0,26800,0.1739299
0,26801,0.1737475
0,26802,0.1735653
0,26803,0.1733835
0,26804,0.1732019
0,26805,0.1730206
0,26806,0.1728396
0,26807,0.1726589
0,26808,0.1724784
0,26809,0.1722982
0,26810,0.1721183
0,26811,0.1719387
0,26812,0.1717593
0,26813,0.1715802
0,26814,0.1714014
0,26815,0.1712228
0,26816,0.1710446
0,26817,0.1708665
0,26818,0.1706888
0,26819,0.1705113
0,26820,0.1703341
0,26821,0.1701572
0,26822,0.1699805
0,26823,0.1698041
0,26824,0.169628
0,26825,0.1694521
0,26826,0.1692765
0,26827,0.1691011
0,26828,0.1689261
0,26829,0.1687513
0,26830,0.1685767
0,26831,0.1684024
0,26832,0.1682284
0,26833,0.1680546
0,26834,0.1678811
0,26835,0.1677079
0,26836,0.1675349
0,26837,0.1673622
0,26838,0.1671897
0,26839,0.1670175
0,26840,0.1668456
0,26841,0.1666739
0,26842,0.1665025
0,26843,0.1663313
0,26844,0.1661604
0,26845,0.1659897
0,26846,0.1658193
0,26847,0.1656492
0,26848,0.1654793
0,26849,0.1653097
0,26850,0.1651403
0,26851,0.1649711
0,26852,0.1648022
0,26853,0.1646336
0,26854,0.1644652
0,26855,0.1642971
0,26856,0.1641292
0,26857,0.1639616
0,26858,0.1637942
0,26859,0.1636271
0,26860,0.1634602
0,26861,0.1632936
0,26862,0.1631272
0,26863,0.1629611
0,26864,0.1627952
0,26865,0.1626296
0,26866,0.1624642
0,26867,0.162299
0,26868,0.1621341
0,26869,0.1619694
0,26870,0.161805
0,26871,0.1616409
0,26872,0.1614769
0,26873,0.1613132
0,26874,0.1611498
0,26875,0.1609866
0,26876,0.1608236
0,26877,0.1606609
0,26878,0.1604984
0,26879,0.1603362
0,26880,0.1601742
0,26881,0.1600124
0,26882,0.1598509
0,26883,0.1596896
0,26884,0.1595286
0,26885,0.1593677
0,26886,0.1592072
0,26887,0.1590468
0,26888,0.1588867
0,26889,0.1587269
0,26890,0.1585672
0,26891,0.1584079
0,26892,0.1582487
0,26893,0.1580898
0,26894,0.1579311
0,26895,0.1577726
0,26896,0.1576144
0,26897,0.1574564
0,26898,0.1572986
0,26899,0.1571411
0,26900,0.1569838
0,26901,0.1568267
0,26902,0.1566699
0,26903,0.1565133
0,26904,0.1563569
0,26905,0.1562007
0,26906,0.1560448
0,26907,0.1558891
0,26908,0.1557336
0,26909,0.1555784
0,26910,0.1554234
0,26911,0.1552686
0,26912,0.155114
0,26913,0.1549597
0,26914,0.1548056
0,26915,0.1546517
0,26916,0.154498
0,26917,0.1543446
0,26918,0.1541914
0,26919,0.1540384
0,26920,0.1538856
0,26921,0.153733
0,26922,0.1535807
0,26923,0.1534286
0,26924,0.1532767
0,26925,0.153125
0,26926,0.1529736
0,26927,0.1528224
0,26928,0.1526714
0,26929,0.1525206
0,26930,0.15237
0,26931,0.1522197
0,26932,0.1520695
0,26933,0.1519196
0,26934,0.1517699
0,26935,0.1516204
0,26936,0.1514712
0,26937,0.1513221
0,26938,0.1511733
0,26939,0.1510247
0,26940,0.1508763
0,26941,0.1507281
0,26942,0.1505801
0,26943,0.1504323
0,26944,0.1502848
0,26945,0.1501374
0,26946,0.1499903
0,26947,0.1498434
0,26948,0.1496967
0,26949,0.1495502
0,26950,0.1494039
0,26951,0.1492579
0,26952,0.149112
0,26953,0.1489664
0,26954,0.1488209
0,26955,0.1486757
0,26956,0.1485307
0,26957,0.1483859
0,26958,0.1482413
0,26959,0.1480969
0,26960,0.1479527
0,26961,0.1478087
0,26962,0.1476649
0,26963,0.1475214
0,26964,0.147378
0,26965,0.1472348
0,26966,0.1470919
0,26967,0.1469491
0,26968,0.1468066
0,26969,0.1466642
0,26970,0.1465221
0,26971,0.1463801
0,26972,0.1462384
0,26973,0.1460968
0,26974,0.1459555
0,26975,0.1458144
0,26976,0.1456734
0,26977,0.1455327
0,26978,0.1453922
0,26979,0.1452519
0,26980,0.1451117
0,26981,0.1449718
0,26982,0.1448321
0,26983,0.1446925
0,26984,0.1445532
0,26985,0.1444141
0,26986,0.1442751
0,26987,0.1441364
0,26988,0.1439978
0,26989,0.1438595
0,26990,0.1437213
0,26991,0.1435834
0,26992,0.1434456
0,26993,0.143308
0,26994,0.1431707
0,26995,0.1430335
0,26996,0.1428965
0,26997,0.1427597
0,26998,0.1426231
0,26999,0.1424867
0,27000,0.1423505
0,27001,0.1422145
0,27002,0.1420787
0,27003,0.1419431
0,27004,0.1418076
0,27005,0.1416724
0,27006,0.1415373
0,27007,0.1414024
0,27008,0.1412678
0,27009,0.1411333
0,27010,0.140999
0,27011,0.1408648
0,27012,0.1407309
0,27013,0.1405972
0,27014,0.1404636
0,27015,0.1403303
0,27016,0.1401971
0,27017,0.1400641
0,27018,0.1399313
0,27019,0.1397987
0,27020,0.1396662
0,27021,0.139534
0,27022,0.1394019
0,27023,0.1392701
0,27024,0.1391384
0,27025,0.1390069
0,27026,0.1388755
0,27027,0.1387444
0,27028,0.1386134
0,27029,0.1384827
0,27030,0.1383521
0,27031,0.1382217
0,27032,0.1380914
0,27033,0.1379614
0,27034,0.1378315
0,27035,0.1377019
0,27036,0.1375724
0,27037,0.137443
0,27038,0.1373139
0,27039,0.1371849
0,27040,0.1370562
0,27041,0.1369275
0,27042,0.1367991
0,27043,0.1366709
0,27044,0.1365428
0,27045,0.1364149
0,27046,0.1362872
0,27047,0.1361597
0,27048,0.1360323
0,27049,0.1359051
0,27050,0.1357781
0,27051,0.1356513
0,27052,0.1355246
0,27053,0.1353981
0,27054,0.1352718
0,27055,0.1351457
0,27056,0.1350198
0,27057,0.134894
0,27058,0.1347684
0,27059,0.1346429
0,27060,0.1345177
0,27061,0.1343926
0,27062,0.1342677
0,27063,0.1341429
0,27064,0.1340183
0,27065,0.1338939
0,27066,0.1337697
0,27067,0.1336456
0,27068,0.1335217
0,27069,0.133398
0,27070,0.1332745
0,27071,0.1331511
0,27072,0.1330279
0,27073,0.1329048
0,27074,0.132782
0,27075,0.1326592
0,27076,0.1325367
0,27077,0.1324143
0,27078,0.1322921
0,27079,0.1321701
0,27080,0.1320482
0,27081,0.1319265
0,27082,0.131805
0,27083,0.1316836
0,27084,0.1315624
0,27085,0.1314414
0,27086,0.1313205
0,27087,0.1311998
0,27088,0.1310792
0,27089,0.1309589
0,27090,0.1308386
0,27091,0.1307186
0,27092,0.1305987
0,27093,0.130479
0,27094,0.1303594
0,27095,0.13024
0,27096,0.1301208
0,27097,0.1300017
0,27098,0.1298828
0,27099,0.129764
0,27100,0.1296455
0,27101,0.129527
0,27102,0.1294087
0,27103,0.1292906
0,27104,0.1291727
0,27105,0.1290549
0,27106,0.1289373
0,27107,0.1288198
0,27108,0.1287025
0,27109,0.1285853
0,27110,0.1284683
0,27111,0.1283515
0,27112,0.1282348
0,27113,0.1281183
0,27114,0.1280019
0,27115,0.1278857
0,27116,0.1277696
0,27117,0.1276537
0,27118,0.127538
0,27119,0.1274224
0,27120,0.127307
0,27121,0.1271917
0,27122,0.1270766
0,27123,0.1269616
0,27124,0.1268468
0,27125,0.1267322
0,27126,0.1266177
0,27127,0.1265033
0,27128,0.1263891
0,27129,0.1262751
0,27130,0.1261612
0,27131,0.1260474
0,27132,0.1259339
0,27133,0.1258204
0,27134,0.1257071
0,27135,0.125594
0,27136,0.125481
0,27137,0.1253682
0,27138,0.1252555
0,27139,0.125143
0,27140,0.1250306
0,27141,0.1249184
0,27142,0.1248063
0,27143,0.1246944
0,27144,0.1245826
0,27145,0.124471
0,27146,0.1243595
0,27147,0.1242482
0,27148,0.124137
0,27149,0.124026
0,27150,0.1239151
0,27151,0.1238043
0,27152,0.1236937
0,27153,0.1235833
0,27154,0.123473
0,27155,0.1233628
0,27156,0.1232528
0,27157,0.123143
0,27158,0.1230333
0,27159,0.1229237
0,27160,0.1228143
0,27161,0.122705
0,27162,0.1225958
0,27163,0.1224869
0,27164,0.122378
0,27165,0.1222693
0,27166,0.1221607
0,27167,0.1220523
0,27168,0.121944
0,27169,0.1218359
0,27170,0.1217279
0,27171,0.1216201
0,27172,0.1215124
0,27173,0.1214048
0,27174,0.1212974
0,27175,0.1211901
0,27176,0.1210829
0,27177,0.1209759
0,27178,0.1208691
0,27179,0.1207624
0,27180,0.1206558
0,27181,0.1205493
0,27182,0.120443
0,27183,0.1203369
0,27184,0.1202309
0,27185,0.120125
0,27186,0.1200192
0,27187,0.1199136
0,27188,0.1198082
0,27189,0.1197028
0,27190,0.1195976
0,27191,0.1194926
0,27192,0.1193877
0,27193,0.1192829
0,27194,0.1191782
0,27195,0.1190737
0,27196,0.1189694
0,27197,0.1188651
0,27198,0.118761
0,27199,0.1186571
0,27200,0.1185532
0,27201,0.1184495
0,27202,0.118346
0,27203,0.1182426
0,27204,0.1181393
0,27205,0.1180361
0,27206,0.1179331
0,27207,0.1178302
0,27208,0.1177275
0,27209,0.1176248
0,27210,0.1175224
0,27211,0.11742
0,27212,0.1173178
0,27213,0.1172157
0,27214,0.1171137
0,27215,0.1170119
0,27216,0.1169102
0,27217,0.1168087
0,27218,0.1167072
0,27219,0.1166059
0,27220,0.1165048
0,27221,0.1164037
0,27222,0.1163028
0,27223,0.116202
0,27224,0.1161014
0,27225,0.1160009
0,27226,0.1159005
0,27227,0.1158002
0,27228,0.1157001
0,27229,0.1156001
0,27230,0.1155002
0,27231,0.1154005
0,27232,0.1153008
0,27233,0.1152014
0,27234,0.115102
0,27235,0.1150028
0,27236,0.1149036
0,27237,0.1148047
0,27238,0.1147058
0,27239,0.1146071
0,27240,0.1145085
0,27241,0.11441
0,27242,0.1143117
0,27243,0.1142134
0,27244,0.1141153
0,27245,0.1140174
0,27246,0.1139195
0,27247,0.1138218
0,27248,0.1137242
0,27249,0.1136267
0,27250,0.1135294
0,27251,0.1134321
0,27252,0.113335
0,27253,0.1132381
0,27254,0.1131412
0,27255,0.1130445
0,27256,0.1129479
0,27257,0.1128514
0,27258,0.112755
0,27259,0.1126588
0,27260,0.1125626
0,27261,0.1124666
0,27262,0.1123708
0,27263,0.112275
0,27264,0.1121794
0,27265,0.1120839
0,27266,0.1119885
0,27267,0.1118932
0,27268,0.1117981
0,27269,0.111703
0,27270,0.1116081
0,27271,0.1115133
0,27272,0.1114187
0,27273,0.1113241
0,27274,0.1112297
0,27275,0.1111354
0,27276,0.1110412
0,27277,0.1109471
0,27278,0.1108532
0,27279,0.1107593
0,27280,0.1106656
0,27281,0.110572
0,27282,0.1104785
0,27283,0.1103852
0,27284,0.1102919
0,27285,0.1101988
0,27286,0.1101058
0,27287,0.1100129
0,27288,0.1099201
0,27289,0.1098274
0,27290,0.1097348
0,27291,0.1096424
0,27292,0.1095501
0,27293,0.1094579
0,27294,0.1093658
0,27295,0.1092738
0,27296,0.109182
0,27297,0.1090902
0,27298,0.1089986
0,27299,0.1089071
0,27300,0.1088157
0,27301,0.1087244
0,27302,0.1086332
0,27303,0.1085421
0,27304,0.1084512
0,27305,0.1083604
0,27306,0.1082696
0,27307,0.108179
0,27308,0.1080885
0,27309,0.1079981
0,27310,0.1079079
0,27311,0.1078177
0,27312,0.1077277
0,27313,0.1076377
0,27314,0.1075479
0,27315,0.1074582
0,27316,0.1073686
0,27317,0.1072791
0,27318,0.1071897
0,27319,0.1071004
0,27320,0.1070113
0,27321,0.1069222
0,27322,0.1068333
0,27323,0.1067445
0,27324,0.1066557
0,27325,0.1065671
0,27326,0.1064786
0,27327,0.1063902
0,27328,0.1063019
0,27329,0.1062138
0,27330,0.1061257
0,27331,0.1060378
0,27332,0.1059499
0,27333,0.1058622
0,27334,0.1057745
0,27335,0.105687
0,27336,0.1055996
0,27337,0.1055123
0,27338,0.1054251
0,27339,0.105338
0,27340,0.105251
0,27341,0.1051641
0,27342,0.1050773
0,27343,0.1049906
0,27344,0.1049041
0,27345,0.1048176
0,27346,0.1047312
0,27347,0.104645
0,27348,0.1045588
0,27349,0.1044728
0,27350,0.1043869
0,27351,0.104301
0,27352,0.1042153
0,27353,0.1041297
0,27354,0.1040442
0,27355,0.1039587
0,27356,0.1038734
0,27357,0.1037882
0,27358,0.1037031
0,27359,0.1036181
0,27360,0.1035332
0,27361,0.1034494
0,27362,0.1034521
0,27363,0.1041018
0,27364,0.1065359
0,27365,0.112104
0,27366,0.1220562
0,27367,0.1373788
0,27368,0.1587259
0,27369,0.1864136
0,27370,0.2204502
0,27371,0.2605932
0,27372,0.3064161
0,27373,0.3573708
0,27374,0.4128433
0,27375,0.4721957
0,27376,0.5347963
0,27377,0.6000416
0,27378,0.6673672
0,27379,0.7362563
0,27380,0.8062415
0,27381,0.8769057
0,27382,0.9478801
0,27383,1.018842
0,27384,1.089511
0,27385,1.159647
0,27386,1.229045
0,27387,1.297531
0,27388,1.364962
0,27389,1.431219
0,27390,1.496208
0,27391,1.559852
0,27392,1.622093
0,27393,1.682889
0,27394,1.742211
0,27395,1.800041
0,27396,1.85637
0,27397,1.911201
0,27398,1.964542
0,27399,2.016406
0,27400,2.066814
0,27401,2.115789
0,27402,2.163356
0,27403,2.209546
0,27404,2.25439
0,27405,2.297921
0,27406,2.340174
0,27407,2.381184
0,27408,2.420987
0,27409,2.45962
0,27410,2.497118
0,27411,2.533518
0,27412,2.568854
0,27413,2.603162
0,27414,2.636476
0,27415,2.66883
0,27416,2.700257
0,27417,2.730788
0,27418,2.760456
0,27419,2.789289
0,27420,2.817317
0,27421,2.844569
0,27422,2.871071
0,27423,2.896851
0,27424,2.921933
0,27425,2.946343
0,27426,2.970104
0,27427,2.993238
0,27428,3.015767
0,27429,3.037711
0,27430,3.059092
0,27431,3.079928
0,27432,3.100238
0,27433,3.120039
0,27434,3.139348
0,27435,3.158181
0,27436,3.176555
0,27437,3.194485
0,27438,3.211984
0,27439,3.229067
0,27440,3.245746
0,27441,3.262035
0,27442,3.277945
0,27443,3.293488
0,27444,3.308674
0,27445,3.323514
0,27446,3.33802
0,27447,3.352201
0,27448,3.366066
0,27449,3.379626
0,27450,3.392888
0,27451,3.405861
0,27452,3.418552
0,27453,3.43097
0,27454,3.443122
0,27455,3.455014
0,27456,3.466655
0,27457,3.47805
0,27458,3.489208
0,27459,3.500133
0,27460,3.510831
0,27461,3.52131
0,27462,3.531573
0,27463,3.541627
0,27464,3.551475
0,27465,3.561121
0,27466,3.570566
0,27467,3.579787
0,27468,3.588632
0,27469,3.596809
0,27470,3.603982
0,27471,3.609855
0,27472,3.614198
0,27473,3.616848
0,27474,3.617701
0,27475,3.616699
0,27476,3.613829
0,27477,3.609094
0,27478,3.602525
0,27479,3.594161
0,27480,3.584039
0,27481,3.572215
0,27482,3.558735
0,27483,3.543655
0,27484,3.527029
0,27485,3.508911
0,27486,3.489358
0,27487,3.468421
0,27488,3.446156
0,27489,3.422613
0,27490,3.397839
0,27491,3.371886
0,27492,3.344794
0,27493,3.316608
0,27494,3.28737
0,27495,3.257117
0,27496,3.225885
0,27497,3.193711
0,27498,3.160629
0,27499,3.126669
0,27500,3.091865
0,27501,3.056244
0,27502,3.019836
0,27503,2.982669
0,27504,2.944768
0,27505,2.906158
0,27506,2.866864
0,27507,2.826907
0,27508,2.78631
0,27509,2.745094
0,27510,2.703278
0,27511,2.660883
0,27512,2.617924
0,27513,2.574421
0,27514,2.530392
0,27515,2.485852
0,27516,2.440816
0,27517,2.395299
0,27518,2.349318
0,27519,2.302891
0,27520,2.256115
0,27521,2.209267
0,27522,2.162725
0,27523,2.116853
0,27524,2.071944
0,27525,2.028213
0,27526,1.985797
0,27527,1.944777
0,27528,1.905188
0,27529,1.867032
0,27530,1.830287
0,27531,1.794918
0,27532,1.760876
0,27533,1.728107
0,27534,1.696554
0,27535,1.666159
0,27536,1.636864
0,27537,1.60861
0,27538,1.581343
0,27539,1.555011
0,27540,1.529562
0,27541,1.50495
0,27542,1.481128
0,27543,1.458056
0,27544,1.435694
0,27545,1.414004
0,27546,1.392953
0,27547,1.372507
0,27548,1.352638
0,27549,1.333316
0,27550,1.314515
0,27551,1.296206
0,27552,1.278364
0,27553,1.260964
0,27554,1.243984
0,27555,1.227405
0,27556,1.211209
0,27557,1.19538
0,27558,1.179904
0,27559,1.164765
0,27560,1.149954
0,27561,1.135457
0,27562,1.121264
0,27563,1.107366
0,27564,1.093752
0,27565,1.080414
0,27566,1.067344
0,27567,1.054534
0,27568,1.041975
0,27569,1.029662
0,27570,1.017588
0,27571,1.005746
0,27572,0.99413
0,27573,0.9827343
0,27574,0.971553
0,27575,0.9605809
0,27576,0.9498128
0,27577,0.9392437
0,27578,0.9288689
0,27579,0.9186838
0,27580,0.908684
0,27581,0.8988653
0,27582,0.8892236
0,27583,0.8797548
0,27584,0.8704553
0,27585,0.861321
0,27586,0.8523487
0,27587,0.8435346
0,27588,0.8348754
0,27589,0.8263679
0,27590,0.8180088
0,27591,0.8097951
0,27592,0.8017238
0,27593,0.7937919
0,27594,0.7859967
0,27595,0.7783352
0,27596,0.7708049
0,27597,0.763403
0,27598,0.7561271
0,27599,0.7489747
0,27600,0.7419432
0,27601,0.7350304
0,27602,0.7282339
0,27603,0.7215515
0,27604,0.714981
0,27605,0.7085202
0,27606,0.7021669
0,27607,0.6959193
0,27608,0.6897752
0,27609,0.6837327
0,27610,0.6777899
0,27611,0.6719449
0,27612,0.6661959
0,27613,0.6605411
0,27614,0.6549787
0,27615,0.649507
0,27616,0.6441244
0,27617,0.6388292
0,27618,0.6336197
0,27619,0.6284945
0,27620,0.623452
0,27621,0.6184906
0,27622,0.613609
0,27623,0.6088055
0,27624,0.6040789
0,27625,0.5994277
0,27626,0.5948506
0,27627,0.5903462
0,27628,0.5859132
0,27629,0.5815504
0,27630,0.5772566
0,27631,0.5730303
0,27632,0.5688705
0,27633,0.5647759
0,27634,0.5607455
0,27635,0.556778
0,27636,0.5528724
0,27637,0.5490275
0,27638,0.5452422
0,27639,0.5415157
0,27640,0.5378467
0,27641,0.5342342
0,27642,0.5306774
0,27643,0.5271751
0,27644,0.5237265
0,27645,0.5203306
0,27646,0.5169864
0,27647,0.5136932
0,27648,0.5104499
0,27649,0.5072557
0,27650,0.5041097
0,27651,0.5010113
0,27652,0.4979593
0,27653,0.4949531
0,27654,0.4919919
0,27655,0.4890749
0,27656,0.4862013
0,27657,0.4833705
0,27658,0.4805815
0,27659,0.4778338
0,27660,0.4751265
0,27661,0.4724591
0,27662,0.4698308
0,27663,0.4672408
0,27664,0.4646887
0,27665,0.4621737
0,27666,0.4596952
0,27667,0.4572526
0,27668,0.4548451
0,27669,0.4524724
0,27670,0.4501336
0,27671,0.4478283
0,27672,0.4455559
0,27673,0.4433158
0,27674,0.4411075
0,27675,0.4389304
0,27676,0.436784
0,27677,0.4346678
0,27678,0.4325812
0,27679,0.4305237
0,27680,0.4284949
0,27681,0.4264942
0,27682,0.4245212
0,27683,0.4225755
0,27684,0.4206564
0,27685,0.4187637
0,27686,0.4168968
0,27687,0.4150553
0,27688,0.4132388
0,27689,0.4114468
0,27690,0.4096789
0,27691,0.4079348
0,27692,0.406214
0,27693,0.4045161
0,27694,0.4028407
0,27695,0.4011875
0,27696,0.3995561
0,27697,0.3979461
0,27698,0.3963572
0,27699,0.3947889
0,27700,0.393241
0,27701,0.3917131
0,27702,0.3902049
0,27703,0.388716
0,27704,0.3872461
0,27705,0.3857949
0,27706,0.3843621
0,27707,0.3829474
0,27708,0.3815504
0,27709,0.3801709
0,27710,0.3788086
0,27711,0.3774632
0,27712,0.3761344
0,27713,0.3748219
0,27714,0.3735255
0,27715,0.3722448
0,27716,0.3709797
0,27717,0.3697299
0,27718,0.368495
0,27719,0.367275
0,27720,0.3660694
0,27721,0.3648781
0,27722,0.3637009
0,27723,0.3625375
0,27724,0.3613876
0,27725,0.3602511
0,27726,0.3591278
0,27727,0.3580173
0,27728,0.3569196
0,27729,0.3558343
0,27730,0.3547613
0,27731,0.3537004
0,27732,0.3526514
0,27733,0.3516141
0,27734,0.3505883
0,27735,0.3495738
0,27736,0.3485704
0,27737,0.3475779
0,27738,0.3465962
0,27739,0.3456251
0,27740,0.3446644
0,27741,0.3437139
0,27742,0.3427736
0,27743,0.3418431
0,27744,0.3409224
0,27745,0.3400112
0,27746,0.3391095
0,27747,0.3382171
0,27748,0.3373338
0,27749,0.3364595
0,27750,0.335594
0,27751,0.3347372
0,27752,0.333889
0,27753,0.3330492
0,27754,0.3322176
0,27755,0.3313943
0,27756,0.3305789
0,27757,0.3297714
0,27758,0.3289717
0,27759,0.3281796
0,27760,0.327395
0,27761,0.3266178
0,27762,0.3258479
0,27763,0.3250852
0,27764,0.3243295
0,27765,0.3235807
0,27766,0.3228388
0,27767,0.3221035
0,27768,0.3213749
0,27769,0.3206528
0,27770,0.3199371
0,27771,0.3192277
0,27772,0.3185245
0,27773,0.3178274
0,27774,0.3171363
0,27775,0.3164511
0,27776,0.3157717
0,27777,0.3150981
0,27778,0.3144301
0,27779,0.3137677
0,27780,0.3131107
0,27781,0.3124592
0,27782,0.3118129
0,27783,0.3111718
0,27784,0.3105359
0,27785,0.3099051
0,27786,0.3092792
0,27787,0.3086582
0,27788,0.308042
0,27789,0.3074307
0,27790,0.3068239
0,27791,0.3062218
0,27792,0.3056243
0,27793,0.3050312
0,27794,0.3044425
0,27795,0.3038581
0,27796,0.3032781
0,27797,0.3027022
0,27798,0.3021305
0,27799,0.3015628
0,27800,0.3009992
0,27801,0.3004395
0,27802,0.2998838
0,27803,0.2993318
0,27804,0.2987837
0,27805,0.2982393
0,27806,0.2976986
0,27807,0.2971615
0,27808,0.296628
0,27809,0.296098
0,27810,0.2955714
0,27811,0.2950483
0,27812,0.2945285
0,27813,0.294012
0,27814,0.2934988
0,27815,0.2929889
0,27816,0.292482
0,27817,0.2919784
0,27818,0.2914778
0,27819,0.2909802
0,27820,0.2904857
0,27821,0.2899941
0,27822,0.2895054
0,27823,0.2890196
0,27824,0.2885366
0,27825,0.2880564
0,27826,0.287579
0,27827,0.2871042
0,27828,0.2866322
0,27829,0.2861628
0,27830,0.2856959
0,27831,0.2852317
0,27832,0.28477
0,27833,0.2843107
0,27834,0.2838539
0,27835,0.2833996
0,27836,0.2829477
0,27837,0.2824981
0,27838,0.2820508
0,27839,0.2816059
0,27840,0.2811632
0,27841,0.2807227
0,27842,0.2802845
0,27843,0.2798484
0,27844,0.2794145
0,27845,0.2789827
0,27846,0.278553
0,27847,0.2781254
0,27848,0.2776998
0,27849,0.2772762
0,27850,0.2768546
0,27851,0.276435
0,27852,0.2760173
0,27853,0.2756015
0,27854,0.2751876
0,27855,0.2747756
0,27856,0.2743654
0,27857,0.273957
0,27858,0.2735505
0,27859,0.2731456
0,27860,0.2727426
0,27861,0.2723412
0,27862,0.2719416
0,27863,0.2715437
0,27864,0.2711474
0,27865,0.2707528
0,27866,0.2703598
0,27867,0.2699683
0,27868,0.2695785
0,27869,0.2691903
0,27870,0.2688036
0,27871,0.2684184
0,27872,0.2680348
0,27873,0.2676526
0,27874,0.2672719
0,27875,0.2668927
0,27876,0.2665149
0,27877,0.2661386
0,27878,0.2657636
0,27879,0.2653901
0,27880,0.2650179
0,27881,0.2646471
0,27882,0.2642777
0,27883,0.2639095
0,27884,0.2635427
0,27885,0.2631772
0,27886,0.2628131
0,27887,0.2624501
0,27888,0.2620884
0,27889,0.261728
0,27890,0.2613688
0,27891,0.2610109
0,27892,0.2606541
0,27893,0.2602986
0,27894,0.2599442
0,27895,0.259591
0,27896,0.259239
0,27897,0.2588881
0,27898,0.2585384
0,27899,0.2581898
0,27900,0.2578423
0,27901,0.2574959
0,27902,0.2571505
0,27903,0.2568063
0,27904,0.2564631
0,27905,0.256121
0,27906,0.2557799
0,27907,0.2554398
0,27908,0.2551008
0,27909,0.2547628
0,27910,0.2544259
0,27911,0.2540899
0,27912,0.2537549
0,27913,0.2534209
0,27914,0.2530878
0,27915,0.2527557
0,27916,0.2524246
0,27917,0.2520944
0,27918,0.2517651
0,27919,0.2514368
0,27920,0.2511093
0,27921,0.2507828
0,27922,0.2504572
0,27923,0.2501325
0,27924,0.2498087
0,27925,0.2494857
0,27926,0.2491636
0,27927,0.2488424
0,27928,0.2485221
0,27929,0.2482025
0,27930,0.2478839
0,27931,0.2475661
0,27932,0.2472491
0,27933,0.2469329
0,27934,0.2466175
0,27935,0.246303
0,27936,0.2459892
0,27937,0.2456763
0,27938,0.2453641
0,27939,0.2450528
0,27940,0.2447422
0,27941,0.2444323
0,27942,0.2441233
0,27943,0.243815
0,27944,0.2435075
0,27945,0.2432007
0,27946,0.2428946
0,27947,0.2425893
0,27948,0.2422848
0,27949,0.2419809
0,27950,0.2416778
0,27951,0.2413754
0,27952,0.2410737
0,27953,0.2407728
0,27954,0.2404725
0,27955,0.2401729
0,27956,0.239874
0,27957,0.2395758
0,27958,0.2392783
0,27959,0.2389815
0,27960,0.2386853
0,27961,0.2383898
0,27962,0.238095
0,27963,0.2378009
0,27964,0.2375074
0,27965,0.2372146
0,27966,0.2369224
0,27967,0.2366308
0,27968,0.2363399
0,27969,0.2360497
0,27970,0.23576
0,27971,0.235471
0,27972,0.2351826
0,27973,0.2348949
0,27974,0.2346077
0,27975,0.2343212
0,27976,0.2340353
0,27977,0.2337499
0,27978,0.2334652
0,27979,0.2331811
0,27980,0.2328976
0,27981,0.2326147
0,27982,0.2323324
0,27983,0.2320506
0,27984,0.2317695
0,27985,0.2314889
0,27986,0.2312089
0,27987,0.2309295
0,27988,0.2306507
0,27989,0.2303724
0,27990,0.2300947
0,27991,0.2298175
0,27992,0.2295409
0,27993,0.2292649
0,27994,0.2289893
0,27995,0.2287144
0,27996,0.22844
0,27997,0.2281661
0,27998,0.2278928
0,27999,0.22762
0,28000,0.2273477
0,28001,0.2270761
0,28002,0.2268049
0,28003,0.2265342
0,28004,0.2262641
0,28005,0.2259945
0,28006,0.2257255
0,28007,0.2254569
0,28008,0.2251889
0,28009,0.2249214
0,28010,0.2246543
0,28011,0.2243878
0,28012,0.2241218
0,28013,0.2238563
0,28014,0.2235913
0,28015,0.2233268
0,28016,0.2230628
0,28017,0.2227993
0,28018,0.2225363
0,28019,0.2222738
0,28020,0.2220117
0,28021,0.2217502
0,28022,0.2214892
0,28023,0.2212286
0,28024,0.2209685
0,28025,0.2207089
0,28026,0.2204498
0,28027,0.2201911
0,28028,0.2199329
0,28029,0.2196752
0,28030,0.219418
0,28031,0.2191612
0,28032,0.2189049
0,28033,0.2186491
0,28034,0.2183937
0,28035,0.2181388
0,28036,0.2178843
0,28037,0.2176304
0,28038,0.2173768
0,28039,0.2171237
0,28040,0.2168711
0,28041,0.2166189
0,28042,0.2163672
0,28043,0.2161159
0,28044,0.2158651
0,28045,0.2156147
0,28046,0.2153648
0,28047,0.2151153
0,28048,0.2148662
0,28049,0.2146176
0,28050,0.2143694
0,28051,0.2141217
0,28052,0.2138744
0,28053,0.2136275
0,28054,0.2133811
0,28055,0.2131351
0,28056,0.2128895
0,28057,0.2126444
0,28058,0.2123996
0,28059,0.2121553
0,28060,0.2119115
0,28061,0.211668
0,28062,0.211425
0,28063,0.2111824
0,28064,0.2109402
0,28065,0.2106984
0,28066,0.2104571
0,28067,0.2102161
0,28068,0.2099756
0,28069,0.2097355
0,28070,0.2094958
0,28071,0.2092565
0,28072,0.2090176
0,28073,0.2087792
0,28074,0.2085411
0,28075,0.2083034
0,28076,0.2080662
0,28077,0.2078293
0,28078,0.2075929
0,28079,0.2073568
0,28080,0.2071212
0,28081,0.2068859
0,28082,0.2066511
0,28083,0.2064167
0,28084,0.2061826
0,28085,0.2059489
0,28086,0.2057157
0,28087,0.2054828
0,28088,0.2052503
0,28089,0.2050182
0,28090,0.2047865
0,28091,0.2045552
0,28092,0.2043242
0,28093,0.2040937
0,28094,0.2038635
0,28095,0.2036338
0,28096,0.2034044
0,28097,0.2031753
0,28098,0.2029467
0,28099,0.2027184
0,28100,0.2024905
0,28101,0.202263
0,28102,0.2020359
0,28103,0.2018091
0,28104,0.2015827
0,28105,0.2013567
0,28106,0.201131
0,28107,0.2009058
0,28108,0.2006809
0,28109,0.2004564
0,28110,0.2002322
0,28111,0.2000084
0,28112,0.199785
0,28113,0.199562
0,28114,0.1993393
0,28115,0.199117
0,28116,0.1988951
0,28117,0.1986735
0,28118,0.1984522
0,28119,0.1982314
0,28120,0.1980109
0,28121,0.1977907
0,28122,0.1975709
0,28123,0.1973515
0,28124,0.1971324
0,28125,0.1969137
0,28126,0.1966953
0,28127,0.1964773
0,28128,0.1962596
0,28129,0.1960423
0,28130,0.1958253
0,28131,0.1956087
0,28132,0.1953924
0,28133,0.1951764
0,28134,0.1949608
0,28135,0.1947456
0,28136,0.1945307
0,28137,0.1943161
0,28138,0.1941019
0,28139,0.193888
0,28140,0.1936745
0,28141,0.1934614
0,28142,0.1932485
0,28143,0.1930361
0,28144,0.1928239
0,28145,0.1926121
0,28146,0.1924006
0,28147,0.1921895
0,28148,0.1919787
0,28149,0.1917683
0,28150,0.1915582
0,28151,0.1913484
0,28152,0.1911389
0,28153,0.1909298
0,28154,0.190721
0,28155,0.1905125
0,28156,0.1903044
0,28157,0.1900966
0,28158,0.1898891
0,28159,0.1896819
0,28160,0.1894751
0,28161,0.1892686
0,28162,0.1890624
0,28163,0.1888566
0,28164,0.1886511
0,28165,0.1884459
0,28166,0.188241
0,28167,0.1880364
0,28168,0.1878321
0,28169,0.1876282
0,28170,0.1874246
0,28171,0.1872213
0,28172,0.1870184
0,28173,0.1868158
0,28174,0.1866135
0,28175,0.1864115
0,28176,0.1862098
0,28177,0.1860084
0,28178,0.1858074
0,28179,0.1856066
0,28180,0.1854062
0,28181,0.1852061
0,28182,0.1850063
0,28183,0.1848068
0,28184,0.1846076
0,28185,0.1844088
0,28186,0.1842102
0,28187,0.184012
0,28188,0.183814
0,28189,0.1836164
0,28190,0.1834191
0,28191,0.1832221
0,28192,0.1830254
0,28193,0.182829
0,28194,0.1826329
0,28195,0.1824371
0,28196,0.1822416
0,28197,0.1820464
0,28198,0.1818516
0,28199,0.181657
0,28200,0.1814627
0,28201,0.1812687
0,28202,0.181075
0,28203,0.1808817
0,28204,0.1806886
0,28205,0.1804958
0,28206,0.1803033
0,28207,0.1801112
0,28208,0.1799193
0,28209,0.1797277
0,28210,0.1795364
0,28211,0.1793454
0,28212,0.1791547
0,28213,0.1789643
0,28214,0.1787742
0,28215,0.1785843
0,28216,0.1783948
0,28217,0.1782056
0,28218,0.1780166
0,28219,0.177828
0,28220,0.1776396
0,28221,0.1774515
0,28222,0.1772637
0,28223,0.1770763
0,28224,0.176889
0,28225,0.1767021
0,28226,0.1765155
0,28227,0.1763291
0,28228,0.1761431
0,28229,0.1759573
0,28230,0.1757718
0,28231,0.1755866
0,28232,0.1754017
0,28233,0.175217
0,28234,0.1750327
0,28235,0.1748486
0,28236,0.1746648
0,28237,0.1744813
0,28238,0.174298
0,28239,0.1741151
0,28240,0.1739324
0,28241,0.17375
0,28242,0.1735679
0,28243,0.173386
0,28244,0.1732045
0,28245,0.1730232
0,28246,0.1728422
0,28247,0.1726614
0,28248,0.172481
0,28249,0.1723008
0,28250,0.1721209
0,28251,0.1719412
0,28252,0.1717619
0,28253,0.1715827
0,28254,0.1714039
0,28255,0.1712254
0,28256,0.1710471
0,28257,0.1708691
0,28258,0.1706913
0,28259,0.1705139
0,28260,0.1703366
0,28261,0.1701597
0,28262,0.169983
0,28263,0.1698066
0,28264,0.1696305
0,28265,0.1694546
0,28266,0.169279
0,28267,0.1691037
0,28268,0.1689286
0,28269,0.1687538
0,28270,0.1685792
0,28271,0.168405
0,28272,0.1682309
0,28273,0.1680572
0,28274,0.1678837
0,28275,0.1677104
0,28276,0.1675375
0,28277,0.1673647
0,28278,0.1671923
0,28279,0.1670201
0,28280,0.1668481
0,28281,0.1666764
0,28282,0.166505
0,28283,0.1663338
0,28284,0.1661629
0,28285,0.1659923
0,28286,0.1658219
0,28287,0.1656517
0,28288,0.1654818
0,28289,0.1653122
0,28290,0.1651428
0,28291,0.1649736
0,28292,0.1648048
0,28293,0.1646361
0,28294,0.1644678
0,28295,0.1642996
0,28296,0.1641317
0,28297,0.1639641
0,28298,0.1637968
0,28299,0.1636296
0,28300,0.1634627
0,28301,0.1632961
0,28302,0.1631297
0,28303,0.1629636
0,28304,0.1627977
0,28305,0.1626321
0,28306,0.1624667
0,28307,0.1623015
0,28308,0.1621366
0,28309,0.161972
0,28310,0.1618075
0,28311,0.1616434
0,28312,0.1614794
0,28313,0.1613158
0,28314,0.1611523
0,28315,0.1609891
0,28316,0.1608261
0,28317,0.1606634
0,28318,0.1605009
0,28319,0.1603387
0,28320,0.1601767
0,28321,0.1600149
0,28322,0.1598534
0,28323,0.1596921
0,28324,0.1595311
0,28325,0.1593703
0,28326,0.1592097
0,28327,0.1590493
0,28328,0.1588892
0,28329,0.1587294
0,28330,0.1585698
0,28331,0.1584104
0,28332,0.1582512
0,28333,0.1580923
0,28334,0.1579336
0,28335,0.1577751
0,28336,0.1576169
0,28337,0.1574589
0,28338,0.1573011
0,28339,0.1571436
0,28340,0.1569863
0,28341,0.1568292
0,28342,0.1566724
0,28343,0.1565158
0,28344,0.1563594
0,28345,0.1562032
0,28346,0.1560473
0,28347,0.1558916
0,28348,0.1557361
0,28349,0.1555809
0,28350,0.1554259
0,28351,0.1552711
0,28352,0.1551165
0,28353,0.1549622
0,28354,0.1548081
0,28355,0.1546542
0,28356,0.1545005
0,28357,0.1543471
0,28358,0.1541939
0,28359,0.1540409
0,28360,0.1538881
0,28361,0.1537355
0,28362,0.1535832
0,28363,0.1534311
0,28364,0.1532792
0,28365,0.1531276
0,28366,0.1529761
0,28367,0.1528249
0,28368,0.1526739
0,28369,0.1525231
0,28370,0.1523725
0,28371,0.1522222
0,28372,0.152072
0,28373,0.1519221
0,28374,0.1517724
0,28375,0.1516229
0,28376,0.1514737
0,28377,0.1513246
0,28378,0.1511758
0,28379,0.1510271
0,28380,0.1508787
0,28381,0.1507306
0,28382,0.1505826
0,28383,0.1504348
0,28384,0.1502873
0,28385,0.1501399
0,28386,0.1499928
0,28387,0.1498459
0,28388,0.1496992
0,28389,0.1495527
0,28390,0.1494064
0,28391,0.1492604
0,28392,0.1491145
0,28393,0.1489688
0,28394,0.1488234
0,28395,0.1486782
0,28396,0.1485332
0,28397,0.1483884
0,28398,0.1482438
0,28399,0.1480994
0,28400,0.1479552
0,28401,0.1478112
0,28402,0.1476674
0,28403,0.1475238
0,28404,0.1473805
0,28405,0.1472373
0,28406,0.1470943
0,28407,0.1469516
0,28408,0.146809
0,28409,0.1466667
0,28410,0.1465245
0,28411,0.1463826
0,28412,0.1462409
0,28413,0.1460993
0,28414,0.145958
0,28415,0.1458168
0,28416,0.1456759
0,28417,0.1455352
0,28418,0.1453947
0,28419,0.1452543
0,28420,0.1451142
0,28421,0.1449743
0,28422,0.1448345
0,28423,0.144695
0,28424,0.1445557
0,28425,0.1444165
0,28426,0.1442776
0,28427,0.1441388
0,28428,0.1440003
0,28429,0.1438619
0,28430,0.1437238
0,28431,0.1435858
0,28432,0.1434481
0,28433,0.1433105
0,28434,0.1431731
0,28435,0.143036
0,28436,0.142899
0,28437,0.1427622
0,28438,0.1426256
0,28439,0.1424892
0,28440,0.142353
0,28441,0.142217
0,28442,0.1420811
0,28443,0.1419455
0,28444,0.1418101
0,28445,0.1416748
0,28446,0.1415398
0,28447,0.1414049
0,28448,0.1412702
0,28449,0.1411357
0,28450,0.1410014
0,28451,0.1408673
0,28452,0.1407334
0,28453,0.1405997
0,28454,0.1404661
0,28455,0.1403327
0,28456,0.1401996
0,28457,0.1400666
0,28458,0.1399338
0,28459,0.1398011
0,28460,0.1396687
0,28461,0.1395365
0,28462,0.1394044
0,28463,0.1392725
0,28464,0.1391408
0,28465,0.1390093
0,28466,0.138878
0,28467,0.1387469
0,28468,0.1386159
0,28469,0.1384851
0,28470,0.1383546
0,28471,0.1382241
0,28472,0.1380939
0,28473,0.1379639
0,28474,0.137834
0,28475,0.1377043
0,28476,0.1375748
0,28477,0.1374455
0,28478,0.1373164
0,28479,0.1371874
0,28480,0.1370586
0,28481,0.13693
0,28482,0.1368016
0,28483,0.1366733
0,28484,0.1365453
0,28485,0.1364174
0,28486,0.1362897
0,28487,0.1361621
0,28488,0.1360348
0,28489,0.1359076
0,28490,0.1357806
0,28491,0.1356537
0,28492,0.1355271
0,28493,0.1354006
0,28494,0.1352743
0,28495,0.1351482
0,28496,0.1350222
0,28497,0.1348964
0,28498,0.1347708
0,28499,0.1346454
0,28500,0.1345201
0,28501,0.134395
0,28502,0.1342701
0,28503,0.1341454
0,28504,0.1340208
0,28505,0.1338964
0,28506,0.1337721
0,28507,0.1336481
0,28508,0.1335242
0,28509,0.1334005
0,28510,0.1332769
0,28511,0.1331535
0,28512,0.1330303
0,28513,0.1329073
0,28514,0.1327844
0,28515,0.1326617
0,28516,0.1325392
0,28517,0.1324168
0,28518,0.1322946
0,28519,0.1321725
0,28520,0.1320507
0,28521,0.131929
0,28522,0.1318074
0,28523,0.1316861
0,28524,0.1315649
0,28525,0.1314438
0,28526,0.131323
0,28527,0.1312022
0,28528,0.1310817
0,28529,0.1309613
0,28530,0.1308411
0,28531,0.130721
0,28532,0.1306012
0,28533,0.1304814
0,28534,0.1303619
0,28535,0.1302425
0,28536,0.1301232
0,28537,0.1300042
0,28538,0.1298852
0,28539,0.1297665
0,28540,0.1296479
0,28541,0.1295295
0,28542,0.1294112
0,28543,0.1292931
0,28544,0.1291751
0,28545,0.1290573
0,28546,0.1289397
0,28547,0.1288222
0,28548,0.1287049
0,28549,0.1285878
0,28550,0.1284707
0,28551,0.1283539
0,28552,0.1282372
0,28553,0.1281207
0,28554,0.1280043
0,28555,0.1278881
0,28556,0.1277721
0,28557,0.1276562
0,28558,0.1275404
0,28559,0.1274249
0,28560,0.1273094
0,28561,0.1271942
0,28562,0.127079
0,28563,0.1269641
0,28564,0.1268492
0,28565,0.1267346
0,28566,0.1266201
0,28567,0.1265057
0,28568,0.1263915
0,28569,0.1262775
0,28570,0.1261636
0,28571,0.1260499
0,28572,0.1259363
0,28573,0.1258229
0,28574,0.1257096
0,28575,0.1255964
0,28576,0.1254835
0,28577,0.1253706
0,28578,0.125258
0,28579,0.1251454
0,28580,0.1250331
0,28581,0.1249208
0,28582,0.1248088
0,28583,0.1246968
0,28584,0.124585
0,28585,0.1244734
0,28586,0.1243619
0,28587,0.1242506
0,28588,0.1241394
0,28589,0.1240284
0,28590,0.1239175
0,28591,0.1238068
0,28592,0.1236962
0,28593,0.1235857
0,28594,0.1234754
0,28595,0.1233653
0,28596,0.1232553
0,28597,0.1231454
0,28598,0.1230357
0,28599,0.1229261
0,28600,0.1228167
0,28601,0.1227074
0,28602,0.1225983
0,28603,0.1224893
0,28604,0.1223804
0,28605,0.1222717
0,28606,0.1221631
0,28607,0.1220547
0,28608,0.1219465
0,28609,0.1218383
0,28610,0.1217303
0,28611,0.1216225
0,28612,0.1215148
0,28613,0.1214072
0,28614,0.1212998
0,28615,0.1211925
0,28616,0.1210854
0,28617,0.1209784
0,28618,0.1208715
0,28619,0.1207648
0,28620,0.1206582
0,28621,0.1205518
0,28622,0.1204455
0,28623,0.1203393
0,28624,0.1202333
0,28625,0.1201274
0,28626,0.1200216
0,28627,0.119916
0,28628,0.1198106
0,28629,0.1197052
0,28630,0.1196
0,28631,0.119495
0,28632,0.1193901
0,28633,0.1192853
0,28634,0.1191806
0,28635,0.1190761
0,28636,0.1189718
0,28637,0.1188675
0,28638,0.1187634
0,28639,0.1186595
0,28640,0.1185556
0,28641,0.1184519
0,28642,0.1183484
0,28643,0.118245
0,28644,0.1181417
0,28645,0.1180385
0,28646,0.1179355
0,28647,0.1178326
0,28648,0.1177299
0,28649,0.1176272
0,28650,0.1175248
0,28651,0.1174224
0,28652,0.1173202
0,28653,0.1172181
0,28654,0.1171161
0,28655,0.1170143
0,28656,0.1169126
0,28657,0.1168111
0,28658,0.1167096
0,28659,0.1166083
0,28660,0.1165072
0,28661,0.1164061
0,28662,0.1163052
0,28663,0.1162044
0,28664,0.1161038
0,28665,0.1160033
0,28666,0.1159029
0,28667,0.1158026
0,28668,0.1157025
0,28669,0.1156025
0,28670,0.1155026
0,28671,0.1154029
0,28672,0.1153032
0,28673,0.1152038
0,28674,0.1151044
0,28675,0.1150052
0,28676,0.114906
0,28677,0.1148071
0,28678,0.1147082
0,28679,0.1146095
0,28680,0.1145109
0,28681,0.1144124
0,28682,0.114314
0,28683,0.1142158
0,28684,0.1141177
0,28685,0.1140198
0,28686,0.1139219
0,28687,0.1138242
0,28688,0.1137266
0,28689,0.1136291
0,28690,0.1135318
0,28691,0.1134345
0,28692,0.1133374
0,28693,0.1132404
0,28694,0.1131436
0,28695,0.1130469
0,28696,0.1129502
0,28697,0.1128538
0,28698,0.1127574
0,28699,0.1126612
0,28700,0.112565
0,28701,0.112469
0,28702,0.1123732
0,28703,0.1122774
0,28704,0.1121818
0,28705,0.1120863
0,28706,0.1119909
0,28707,0.1118956
0,28708,0.1118005
0,28709,0.1117054
0,28710,0.1116105
0,28711,0.1115157
0,28712,0.1114211
0,28713,0.1113265
0,28714,0.1112321
0,28715,0.1111378
0,28716,0.1110436
0,28717,0.1109495
0,28718,0.1108555
0,28719,0.1107617
0,28720,0.110668
0,28721,0.1105744
0,28722,0.1104809
0,28723,0.1103875
0,28724,0.1102943
0,28725,0.1102012
0,28726,0.1101081
0,28727,0.1100152
0,28728,0.1099225
0,28729,0.1098298
0,28730,0.1097372
0,28731,0.1096448
0,28732,0.1095525
0,28733,0.1094603
0,28734,0.1093682
0,28735,0.1092762
0,28736,0.1091843
0,28737,0.1090926
0,28738,0.109001
0,28739,0.1089095
0,28740,0.108818
0,28741,0.1087268
0,28742,0.1086356
0,28743,0.1085445
0,28744,0.1084536
0,28745,0.1083627
0,28746,0.108272
0,28747,0.1081814
0,28748,0.1080909
0,28749,0.1080005
0,28750,0.1079103
0,28751,0.1078201
0,28752,0.10773
0,28753,0.1076401
0,28754,0.1075503
0,28755,0.1074606
0,28756,0.107371
0,28757,0.1072815
0,28758,0.1071921
0,28759,0.1071028
0,28760,0.1070137
0,28761,0.1069246
0,28762,0.1068357
0,28763,0.1067468
0,28764,0.1066581
0,28765,0.1065695
0,28766,0.106481
0,28767,0.1063926
0,28768,0.1063043
0,28769,0.1062161
0,28770,0.1061281
0,28771,0.1060401
0,28772,0.1059523
0,28773,0.1058645
0,28774,0.1057769
0,28775,0.1056894
0,28776,0.1056019
0,28777,0.1055146
0,28778,0.1054274
0,28779,0.1053403
0,28780,0.1052533
0,28781,0.1051665
0,28782,0.1050797
0,28783,0.104993
0,28784,0.1049064
0,28785,0.10482
0,28786,0.1047336
0,28787,0.1046473
0,28788,0.1045612
0,28789,0.1044752
0,28790,0.1043892
0,28791,0.1043034
0,28792,0.1042177
0,28793,0.104132
0,28794,0.1040465
0,28795,0.1039611
0,28796,0.1038758
0,28797,0.1037906
0,28798,0.1037055
0,28799,0.1036205
0,28800,0.1035356
0,28801,0.1034517
0,28802,0.1034544
0,28803,0.1041042
0,28804,0.1065382
0,28805,0.1121064
0,28806,0.1220586
0,28807,0.1373812
0,28808,0.1587283
0,28809,0.186416
0,28810,0.2204525
0,28811,0.2605956
0,28812,0.3064184
0,28813,0.3573731
0,28814,0.4128457
0,28815,0.472198
0,28816,0.5347987
0,28817,0.6000439
0,28818,0.6673695
0,28819,0.7362586
0,28820,0.8062439
0,28821,0.8769081
0,28822,0.9478825
0,28823,1.018844
0,28824,1.089514
0,28825,1.15965
0,28826,1.229047
0,28827,1.297533
0,28828,1.364964
0,28829,1.431222
0,28830,1.49621
0,28831,1.559854
0,28832,1.622095
0,28833,1.682892
0,28834,1.742213
0,28835,1.800043
0,28836,1.856372
0,28837,1.911204
0,28838,1.964544
0,28839,2.016409
0,28840,2.066817
0,28841,2.115791
0,28842,2.163358
0,28843,2.209548
0,28844,2.254392
0,28845,2.297923
0,28846,2.340176
0,28847,2.381186
0,28848,2.42099
0,28849,2.459622
0,28850,2.49712
0,28851,2.53352
0,28852,2.568856
0,28853,2.603164
0,28854,2.636478
0,28855,2.668832
0,28856,2.700259
0,28857,2.730791
0,28858,2.760458
0,28859,2.789291
0,28860,2.817319
0,28861,2.844571
0,28862,2.871073
0,28863,2.896853
0,28864,2.921936
0,28865,2.946346
0,28866,2.970107
0,28867,2.99324
0,28868,3.015769
0,28869,3.037714
0,28870,3.059094
0,28871,3.07993
0,28872,3.10024
0,28873,3.120041
0,28874,3.13935
0,28875,3.158184
0,28876,3.176558
0,28877,3.194487
0,28878,3.211986
0,28879,3.229069
0,28880,3.245749
0,28881,3.262038
0,28882,3.277947
0,28883,3.29349
0,28884,3.308676
0,28885,3.323517
0,28886,3.338022
0,28887,3.352203
0,28888,3.366069
0,28889,3.379628
0,28890,3.39289
0,28891,3.405863
0,28892,3.418555
0,28893,3.430972
0,28894,3.443124
0,28895,3.455017
0,28896,3.466657
0,28897,3.478053
0,28898,3.48921
0,28899,3.500135
0,28900,3.510834
0,28901,3.521312
0,28902,3.531576
0,28903,3.541629
0,28904,3.551477
0,28905,3.561123
0,28906,3.570569
0,28907,3.579789
0,28908,3.588634
0,28909,3.596811
0,28910,3.603985
0,28911,3.609857
0,28912,3.6142
0,28913,3.61685
0,28914,3.617704
0,28915,3.616701
0,28916,3.613832
0,28917,3.609096
0,28918,3.602527
0,28919,3.594163
0,28920,3.584041
0,28921,3.572217
0,28922,3.558738
0,28923,3.543658
0,28924,3.527031
0,28925,3.508914
0,28926,3.489361
0,28927,3.468423
0,28928,3.446158
0,28929,3.422615
0,28930,3.397841
0,28931,3.371888
0,28932,3.344796
0,28933,3.316611
0,28934,3.287373
0,28935,3.257119
0,28936,3.225888
0,28937,3.193714
0,28938,3.160631
0,28939,3.126671
0,28940,3.091867
0,28941,3.056247
0,28942,3.019839
0,28943,2.982672
0,28944,2.944771
0,28945,2.906161
0,28946,2.866866
0,28947,2.82691
0,28948,2.786313
0,28949,2.745096
0,28950,2.703281
0,28951,2.660885
0,28952,2.617927
0,28953,2.574424
0,28954,2.530394
0,28955,2.485854
0,28956,2.440818
0,28957,2.395302
0,28958,2.34932
0,28959,2.302893
0,28960,2.256118
0,28961,2.20927
0,28962,2.162727
0,28963,2.116855
0,28964,2.071947
0,28965,2.028215
0,28966,1.985799
0,28967,1.944779
0,28968,1.90519
0,28969,1.867034
0,28970,1.83029
0,28971,1.79492
0,28972,1.760878
0,28973,1.728109
0,28974,1.696557
0,28975,1.666162
0,28976,1.636866
0,28977,1.608612
0,28978,1.581346
0,28979,1.555013
0,28980,1.529564
0,28981,1.504952
0,28982,1.481131
0,28983,1.458058
0,28984,1.435696
0,28985,1.414006
0,28986,1.392955
0,28987,1.37251
0,28988,1.35264
0,28989,1.333319
0,28990,1.314517
0,28991,1.296209
0,28992,1.278366
0,28993,1.260966
0,28994,1.243986
0,28995,1.227407
0,28996,1.211212
0,28997,1.195383
0,28998,1.179906
0,28999,1.164768
0,29000,1.149956
0,29001,1.135459
0,29002,1.121267
0,29003,1.107368
0,29004,1.093754
0,29005,1.080417
0,29006,1.067346
0,29007,1.054536
0,29008,1.041978
0,29009,1.029665
0,29010,1.01759
0,29011,1.005748
0,29012,0.9941323
0,29013,0.9827365
0,29014,0.9715553
0,29015,0.9605832
0,29016,0.9498151
0,29017,0.939246
0,29018,0.9288712
0,29019,0.9186861
0,29020,0.9086863
0,29021,0.8988676
0,29022,0.8892259
0,29023,0.8797572
0,29024,0.8704575
0,29025,0.8613234
0,29026,0.852351
0,29027,0.8435369
0,29028,0.8348777
0,29029,0.8263702
0,29030,0.8180112
0,29031,0.8097975
0,29032,0.8017262
0,29033,0.7937943
0,29034,0.7859989
0,29035,0.7783375
0,29036,0.7708071
0,29037,0.7634053
0,29038,0.7561294
0,29039,0.7489769
0,29040,0.7419455
0,29041,0.7350327
0,29042,0.7282362
0,29043,0.7215538
0,29044,0.7149833
0,29045,0.7085224
0,29046,0.7021692
0,29047,0.6959216
0,29048,0.6897775
0,29049,0.683735
0,29050,0.6777922
0,29051,0.6719472
0,29052,0.6661982
0,29053,0.6605434
0,29054,0.654981
0,29055,0.6495093
0,29056,0.6441267
0,29057,0.6388314
0,29058,0.633622
0,29059,0.6284968
0,29060,0.6234543
0,29061,0.6184929
0,29062,0.6136112
0,29063,0.6088078
0,29064,0.6040812
0,29065,0.59943
0,29066,0.5948529
0,29067,0.5903485
0,29068,0.5859155
0,29069,0.5815527
0,29070,0.5772588
0,29071,0.5730326
0,29072,0.5688727
0,29073,0.5647782
0,29074,0.5607477
0,29075,0.5567803
0,29076,0.5528746
0,29077,0.5490298
0,29078,0.5452446
0,29079,0.541518
0,29080,0.5378489
0,29081,0.5342366
0,29082,0.5306797
0,29083,0.5271774
0,29084,0.5237288
0,29085,0.5203329
0,29086,0.5169888
0,29087,0.5136955
0,29088,0.5104522
0,29089,0.507258
0,29090,0.5041121
0,29091,0.5010135
0,29092,0.4979616
0,29093,0.4949554
0,29094,0.4919942
0,29095,0.4890772
0,29096,0.4862036
0,29097,0.4833727
0,29098,0.4805838
0,29099,0.477836
0,29100,0.4751288
0,29101,0.4724613
0,29102,0.469833
0,29103,0.4672431
0,29104,0.464691
0,29105,0.462176
0,29106,0.4596975
0,29107,0.4572548
0,29108,0.4548474
0,29109,0.4524746
0,29110,0.4501359
0,29111,0.4478306
0,29112,0.4455582
0,29113,0.4433181
0,29114,0.4411098
0,29115,0.4389327
0,29116,0.4367863
0,29117,0.43467
0,29118,0.4325834
0,29119,0.430526
0,29120,0.4284972
0,29121,0.4264965
0,29122,0.4245235
0,29123,0.4225777
0,29124,0.4206587
0,29125,0.418766
0,29126,0.4168991
0,29127,0.4150576
0,29128,0.413241
0,29129,0.411449
0,29130,0.4096812
0,29131,0.407937
0,29132,0.4062162
0,29133,0.4045183
0,29134,0.402843
0,29135,0.4011898
0,29136,0.3995584
0,29137,0.3979484
0,29138,0.3963594
0,29139,0.3947912
0,29140,0.3932433
0,29141,0.3917154
0,29142,0.3902071
0,29143,0.3887182
0,29144,0.3872484
0,29145,0.3857972
0,29146,0.3843644
0,29147,0.3829497
0,29148,0.3815527
0,29149,0.3801732
0,29150,0.3788109
0,29151,0.3774655
0,29152,0.3761366
0,29153,0.3748242
0,29154,0.3735277
0,29155,0.3722471
0,29156,0.370982
0,29157,0.3697321
0,29158,0.3684973
0,29159,0.3672772
0,29160,0.3660717
0,29161,0.3648804
0,29162,0.3637032
0,29163,0.3625397
0,29164,0.3613899
0,29165,0.3602534
0,29166,0.35913
0,29167,0.3580196
0,29168,0.3569218
0,29169,0.3558365
0,29170,0.3547636
0,29171,0.3537027
0,29172,0.3526537
0,29173,0.3516164
0,29174,0.3505905
0,29175,0.349576
0,29176,0.3485726
0,29177,0.3475802
0,29178,0.3465985
0,29179,0.3456274
0,29180,0.3446667
0,29181,0.3437162
0,29182,0.3427758
0,29183,0.3418453
0,29184,0.3409246
0,29185,0.3400135
0,29186,0.3391117
0,29187,0.3382193
0,29188,0.337336
0,29189,0.3364617
0,29190,0.3355962
0,29191,0.3347394
0,29192,0.3338912
0,29193,0.3330514
0,29194,0.3322199
0,29195,0.3313965
0,29196,0.3305811
0,29197,0.3297736
0,29198,0.3289739
0,29199,0.3281818
0,29200,0.3273972
0,29201,0.32662
0,29202,0.3258502
0,29203,0.3250874
0,29204,0.3243317
0,29205,0.3235829
0,29206,0.322841
0,29207,0.3221058
0,29208,0.3213772
0,29209,0.320655
0,29210,0.3199393
0,29211,0.3192299
0,29212,0.3185267
0,29213,0.3178296
0,29214,0.3171385
0,29215,0.3164533
0,29216,0.315774
0,29217,0.3151004
0,29218,0.3144324
0,29219,0.3137699
0,29220,0.313113
0,29221,0.3124614
0,29222,0.3118151
0,29223,0.3111741
0,29224,0.3105382
0,29225,0.3099073
0,29226,0.3092814
0,29227,0.3086604
0,29228,0.3080443
0,29229,0.3074329
0,29230,0.3068262
0,29231,0.3062241
0,29232,0.3056265
0,29233,0.3050334
0,29234,0.3044447
0,29235,0.3038604
0,29236,0.3032803
0,29237,0.3027044
0,29238,0.3021327
0,29239,0.3015651
0,29240,0.3010014
0,29241,0.3004418
0,29242,0.299886
0,29243,0.2993341
0,29244,0.298786
0,29245,0.2982416
0,29246,0.2977008
0,29247,0.2971637
0,29248,0.2966302
0,29249,0.2961002
0,29250,0.2955736
0,29251,0.2950505
0,29252,0.2945307
0,29253,0.2940142
0,29254,0.293501
0,29255,0.2929911
0,29256,0.2924843
0,29257,0.2919806
0,29258,0.29148
0,29259,0.2909825
0,29260,0.2904879
0,29261,0.2899963
0,29262,0.2895077
0,29263,0.2890218
0,29264,0.2885388
0,29265,0.2880586
0,29266,0.2875812
0,29267,0.2871065
0,29268,0.2866344
0,29269,0.286165
0,29270,0.2856981
0,29271,0.2852339
0,29272,0.2847722
0,29273,0.284313
0,29274,0.2838562
0,29275,0.2834018
0,29276,0.2829499
0,29277,0.2825003
0,29278,0.2820531
0,29279,0.2816081
0,29280,0.2811654
0,29281,0.280725
0,29282,0.2802867
0,29283,0.2798507
0,29284,0.2794167
0,29285,0.278985
0,29286,0.2785552
0,29287,0.2781276
0,29288,0.277702
0,29289,0.2772785
0,29290,0.2768568
0,29291,0.2764372
0,29292,0.2760195
0,29293,0.2756037
0,29294,0.2751898
0,29295,0.2747778
0,29296,0.2743676
0,29297,0.2739592
0,29298,0.2735527
0,29299,0.2731479
0,29300,0.2727448
0,29301,0.2723435
0,29302,0.2719438
0,29303,0.2715459
0,29304,0.2711496
0,29305,0.270755
0,29306,0.270362
0,29307,0.2699706
0,29308,0.2695807
0,29309,0.2691925
0,29310,0.2688058
0,29311,0.2684206
0,29312,0.268037
0,29313,0.2676548
0,29314,0.2672741
0,29315,0.2668949
0,29316,0.2665171
0,29317,0.2661408
0,29318,0.2657658
0,29319,0.2653923
0,29320,0.2650201
0,29321,0.2646493
0,29322,0.2642799
0,29323,0.2639118
0,29324,0.2635449
0,29325,0.2631795
0,29326,0.2628153
0,29327,0.2624523
0,29328,0.2620907
0,29329,0.2617302
0,29330,0.261371
0,29331,0.2610131
0,29332,0.2606563
0,29333,0.2603008
0,29334,0.2599464
0,29335,0.2595932
0,29336,0.2592412
0,29337,0.2588903
0,29338,0.2585406
0,29339,0.258192
0,29340,0.2578444
0,29341,0.2574981
0,29342,0.2571527
0,29343,0.2568085
0,29344,0.2564653
0,29345,0.2561232
0,29346,0.2557821
0,29347,0.2554421
0,29348,0.255103
0,29349,0.254765
0,29350,0.2544281
0,29351,0.2540921
0,29352,0.2537571
0,29353,0.253423
0,29354,0.25309
0,29355,0.2527579
0,29356,0.2524268
0,29357,0.2520966
0,29358,0.2517673
0,29359,0.2514389
0,29360,0.2511115
0,29361,0.250785
0,29362,0.2504594
0,29363,0.2501347
0,29364,0.2498109
0,29365,0.2494879
0,29366,0.2491658
0,29367,0.2488446
0,29368,0.2485243
0,29369,0.2482048
0,29370,0.2478861
0,29371,0.2475683
0,29372,0.2472513
0,29373,0.2469351
0,29374,0.2466197
0,29375,0.2463052
0,29376,0.2459914
0,29377,0.2456785
0,29378,0.2453663
0,29379,0.245055
0,29380,0.2447444
0,29381,0.2444346
0,29382,0.2441255
0,29383,0.2438172
0,29384,0.2435097
0,29385,0.2432029
0,29386,0.2428968
0,29387,0.2425915
0,29388,0.242287
0,29389,0.2419831
0,29390,0.24168
0,29391,0.2413776
0,29392,0.2410759
0,29393,0.2407749
0,29394,0.2404747
0,29395,0.2401751
0,29396,0.2398762
0,29397,0.239578
0,29398,0.2392805
0,29399,0.2389837
0,29400,0.2386875
0,29401,0.238392
0,29402,0.2380972
0,29403,0.2378031
0,29404,0.2375096
0,29405,0.2372167
0,29406,0.2369245
0,29407,0.236633
0,29408,0.2363421
0,29409,0.2360518
0,29410,0.2357622
0,29411,0.2354732
0,29412,0.2351848
0,29413,0.234897
0,29414,0.2346099
0,29415,0.2343234
0,29416,0.2340374
0,29417,0.2337521
0,29418,0.2334674
0,29419,0.2331833
0,29420,0.2328998
0,29421,0.2326169
0,29422,0.2323345
0,29423,0.2320528
0,29424,0.2317717
0,29425,0.2314911
0,29426,0.2312111
0,29427,0.2309317
0,29428,0.2306529
0,29429,0.2303746
0,29430,0.2300968
0,29431,0.2298197
0,29432,0.2295431
0,29433,0.229267
0,29434,0.2289915
0,29435,0.2287166
0,29436,0.2284421
0,29437,0.2281683
0,29438,0.2278949
0,29439,0.2276222
0,29440,0.2273499
0,29441,0.2270782
0,29442,0.2268071
0,29443,0.2265364
0,29444,0.2262663
0,29445,0.2259967
0,29446,0.2257276
0,29447,0.2254591
0,29448,0.2251911
0,29449,0.2249235
0,29450,0.2246565
0,29451,0.22439
0,29452,0.224124
0,29453,0.2238585
0,29454,0.2235935
0,29455,0.223329
0,29456,0.223065
0,29457,0.2228015
0,29458,0.2225385
0,29459,0.2222759
0,29460,0.2220139
0,29461,0.2217524
0,29462,0.2214913
0,29463,0.2212308
0,29464,0.2209707
0,29465,0.2207111
0,29466,0.2204519
0,29467,0.2201933
0,29468,0.2199351
0,29469,0.2196774
0,29470,0.2194202
0,29471,0.2191634
0,29472,0.2189071
0,29473,0.2186513
0,29474,0.2183959
0,29475,0.218141
0,29476,0.2178865
0,29477,0.2176325
0,29478,0.217379
0,29479,0.2171259
0,29480,0.2168733
0,29481,0.2166211
0,29482,0.2163694
0,29483,0.2161181
0,29484,0.2158673
0,29485,0.2156169
0,29486,0.2153669
0,29487,0.2151175
0,29488,0.2148684
0,29489,0.2146198
0,29490,0.2143716
0,29491,0.2141239
0,29492,0.2138766
0,29493,0.2136297
0,29494,0.2133833
0,29495,0.2131373
0,29496,0.2128917
0,29497,0.2126465
0,29498,0.2124018
0,29499,0.2121575
0,29500,0.2119136
0,29501,0.2116702
0,29502,0.2114272
0,29503,0.2111846
0,29504,0.2109424
0,29505,0.2107006
0,29506,0.2104592
0,29507,0.2102183
0,29508,0.2099778
0,29509,0.2097377
0,29510,0.209498
0,29511,0.2092587
0,29512,0.2090198
0,29513,0.2087813
0,29514,0.2085433
0,29515,0.2083056
0,29516,0.2080683
0,29517,0.2078315
0,29518,0.207595
0,29519,0.207359
0,29520,0.2071233
0,29521,0.2068881
0,29522,0.2066533
0,29523,0.2064188
0,29524,0.2061847
0,29525,0.2059511
0,29526,0.2057178
0,29527,0.2054849
0,29528,0.2052525
0,29529,0.2050204
0,29530,0.2047887
0,29531,0.2045573
0,29532,0.2043264
0,29533,0.2040958
0,29534,0.2038657
0,29535,0.2036359
0,29536,0.2034065
0,29537,0.2031775
0,29538,0.2029488
0,29539,0.2027206
0,29540,0.2024927
0,29541,0.2022652
0,29542,0.202038
0,29543,0.2018113
0,29544,0.2015849
0,29545,0.2013589
0,29546,0.2011332
0,29547,0.2009079
0,29548,0.200683
0,29549,0.2004585
0,29550,0.2002344
0,29551,0.2000106
0,29552,0.1997872
0,29553,0.1995641
0,29554,0.1993415
0,29555,0.1991191
0,29556,0.1988972
0,29557,0.1986756
0,29558,0.1984544
0,29559,0.1982335
0,29560,0.198013
0,29561,0.1977928
0,29562,0.1975731
0,29563,0.1973536
0,29564,0.1971345
0,29565,0.1969158
0,29566,0.1966974
0,29567,0.1964794
0,29568,0.1962617
0,29569,0.1960444
0,29570,0.1958274
0,29571,0.1956108
0,29572,0.1953945
0,29573,0.1951786
0,29574,0.194963
0,29575,0.1947477
0,29576,0.1945328
0,29577,0.1943182
0,29578,0.194104
0,29579,0.1938902
0,29580,0.1936767
0,29581,0.1934635
0,29582,0.1932507
0,29583,0.1930382
0,29584,0.1928261
0,29585,0.1926143
0,29586,0.1924028
0,29587,0.1921917
0,29588,0.1919809
0,29589,0.1917704
0,29590,0.1915603
0,29591,0.1913505
0,29592,0.191141
0,29593,0.1909319
0,29594,0.1907231
0,29595,0.1905147
0,29596,0.1903065
0,29597,0.1900987
0,29598,0.1898912
0,29599,0.1896841
0,29600,0.1894772
0,29601,0.1892707
0,29602,0.1890646
0,29603,0.1888587
0,29604,0.1886532
0,29605,0.188448
0,29606,0.1882431
0,29607,0.1880385
0,29608,0.1878343
0,29609,0.1876303
0,29610,0.1874267
0,29611,0.1872235
0,29612,0.1870205
0,29613,0.1868179
0,29614,0.1866156
0,29615,0.1864136
0,29616,0.1862119
0,29617,0.1860105
0,29618,0.1858095
0,29619,0.1856088
0,29620,0.1854083
0,29621,0.1852082
0,29622,0.1850084
0,29623,0.1848089
0,29624,0.1846098
0,29625,0.1844109
0,29626,0.1842124
0,29627,0.1840141
0,29628,0.1838162
0,29629,0.1836185
0,29630,0.1834212
0,29631,0.1832242
0,29632,0.1830275
0,29633,0.1828311
0,29634,0.182635
0,29635,0.1824392
0,29636,0.1822437
0,29637,0.1820486
0,29638,0.1818537
0,29639,0.1816591
0,29640,0.1814648
0,29641,0.1812708
0,29642,0.1810772
0,29643,0.1808838
0,29644,0.1806907
0,29645,0.1804979
0,29646,0.1803055
0,29647,0.1801133
0,29648,0.1799214
0,29649,0.1797298
0,29650,0.1795385
0,29651,0.1793475
0,29652,0.1791568
0,29653,0.1789664
0,29654,0.1787763
0,29655,0.1785865
0,29656,0.1783969
0,29657,0.1782077
0,29658,0.1780187
0,29659,0.1778301
0,29660,0.1776417
0,29661,0.1774536
0,29662,0.1772659
0,29663,0.1770784
0,29664,0.1768911
0,29665,0.1767042
0,29666,0.1765176
0,29667,0.1763313
0,29668,0.1761452
0,29669,0.1759594
0,29670,0.1757739
0,29671,0.1755887
0,29672,0.1754038
0,29673,0.1752191
0,29674,0.1750348
0,29675,0.1748507
0,29676,0.1746669
0,29677,0.1744834
0,29678,0.1743001
0,29679,0.1741172
0,29680,0.1739345
0,29681,0.1737521
0,29682,0.17357
0,29683,0.1733882
0,29684,0.1732066
0,29685,0.1730253
0,29686,0.1728443
0,29687,0.1726635
0,29688,0.1724831
0,29689,0.1723029
0,29690,0.172123
0,29691,0.1719433
0,29692,0.171764
0,29693,0.1715849
0,29694,0.171406
0,29695,0.1712275
0,29696,0.1710492
0,29697,0.1708712
0,29698,0.1706934
0,29699,0.170516
0,29700,0.1703387
0,29701,0.1701618
0,29702,0.1699851
0,29703,0.1698087
0,29704,0.1696326
0,29705,0.1694567
0,29706,0.1692811
0,29707,0.1691058
0,29708,0.1689307
0,29709,0.1687559
0,29710,0.1685813
0,29711,0.1684071
0,29712,0.168233
0,29713,0.1680593
0,29714,0.1678858
0,29715,0.1677125
0,29716,0.1675396
0,29717,0.1673668
0,29718,0.1671944
0,29719,0.1670222
0,29720,0.1668502
0,29721,0.1666785
0,29722,0.1665071
0,29723,0.1663359
0,29724,0.166165
0,29725,0.1659944
0,29726,0.165824
0,29727,0.1656538
0,29728,0.1654839
0,29729,0.1653143
0,29730,0.1651449
0,29731,0.1649757
0,29732,0.1648069
0,29733,0.1646382
0,29734,0.1644699
0,29735,0.1643017
0,29736,0.1641338
0,29737,0.1639662
0,29738,0.1637988
0,29739,0.1636317
0,29740,0.1634648
0,29741,0.1632982
0,29742,0.1631318
0,29743,0.1629657
0,29744,0.1627998
0,29745,0.1626342
0,29746,0.1624688
0,29747,0.1623036
0,29748,0.1621387
0,29749,0.161974
0,29750,0.1618096
0,29751,0.1616455
0,29752,0.1614815
0,29753,0.1613178
0,29754,0.1611544
0,29755,0.1609912
0,29756,0.1608282
0,29757,0.1606655
0,29758,0.160503
0,29759,0.1603408
0,29760,0.1601788
0,29761,0.160017
0,29762,0.1598555
0,29763,0.1596942
0,29764,0.1595332
0,29765,0.1593723
0,29766,0.1592118
0,29767,0.1590514
0,29768,0.1588913
0,29769,0.1587315
0,29770,0.1585718
0,29771,0.1584124
0,29772,0.1582533
0,29773,0.1580943
0,29774,0.1579356
0,29775,0.1577772
0,29776,0.157619
0,29777,0.157461
0,29778,0.1573032
0,29779,0.1571457
0,29780,0.1569884
0,29781,0.1568313
0,29782,0.1566745
0,29783,0.1565178
0,29784,0.1563615
0,29785,0.1562053
0,29786,0.1560494
0,29787,0.1558937
0,29788,0.1557382
0,29789,0.155583
0,29790,0.155428
0,29791,0.1552732
0,29792,0.1551186
0,29793,0.1549643
0,29794,0.1548102
0,29795,0.1546563
0,29796,0.1545026
0,29797,0.1543492
0,29798,0.1541959
0,29799,0.1540429
0,29800,0.1538902
0,29801,0.1537376
0,29802,0.1535853
0,29803,0.1534332
0,29804,0.1532813
0,29805,0.1531296
0,29806,0.1529782
0,29807,0.1528269
0,29808,0.1526759
0,29809,0.1525252
0,29810,0.1523746
0,29811,0.1522242
0,29812,0.1520741
0,29813,0.1519242
0,29814,0.1517745
0,29815,0.151625
0,29816,0.1514757
0,29817,0.1513267
0,29818,0.1511778
0,29819,0.1510292
0,29820,0.1508808
0,29821,0.1507326
0,29822,0.1505847
0,29823,0.1504369
0,29824,0.1502893
0,29825,0.150142
0,29826,0.1499949
0,29827,0.149848
0,29828,0.1497013
0,29829,0.1495548
0,29830,0.1494085
0,29831,0.1492624
0,29832,0.1491166
0,29833,0.1489709
0,29834,0.1488255
0,29835,0.1486803
0,29836,0.1485352
0,29837,0.1483904
0,29838,0.1482458
0,29839,0.1481014
0,29840,0.1479573
0,29841,0.1478133
0,29842,0.1476695
0,29843,0.1475259
0,29844,0.1473825
0,29845,0.1472394
0,29846,0.1470964
0,29847,0.1469537
0,29848,0.1468111
0,29849,0.1466687
0,29850,0.1465266
0,29851,0.1463847
0,29852,0.1462429
0,29853,0.1461014
0,29854,0.14596
0,29855,0.1458189
0,29856,0.145678
0,29857,0.1455373
0,29858,0.1453967
0,29859,0.1452564
0,29860,0.1451163
0,29861,0.1449763
0,29862,0.1448366
0,29863,0.1446971
0,29864,0.1445577
0,29865,0.1444186
0,29866,0.1442796
0,29867,0.1441409
0,29868,0.1440023
0,29869,0.143864
0,29870,0.1437259
0,29871,0.1435879
0,29872,0.1434501
0,29873,0.1433126
0,29874,0.1431752
0,29875,0.143038
0,29876,0.142901
0,29877,0.1427643
0,29878,0.1426277
0,29879,0.1424913
0,29880,0.142355
0,29881,0.142219
0,29882,0.1420832
0,29883,0.1419476
0,29884,0.1418121
0,29885,0.1416769
0,29886,0.1415418
0,29887,0.141407
0,29888,0.1412723
0,29889,0.1411378
0,29890,0.1410035
0,29891,0.1408694
0,29892,0.1407354
0,29893,0.1406017
0,29894,0.1404682
0,29895,0.1403348
0,29896,0.1402016
0,29897,0.1400686
0,29898,0.1399358
0,29899,0.1398032
0,29900,0.1396708
0,29901,0.1395385
0,29902,0.1394065
0,29903,0.1392746
0,29904,0.1391429
0,29905,0.1390114
0,29906,0.1388801
0,29907,0.1387489
0,29908,0.138618
0,29909,0.1384872
0,29910,0.1383566
0,29911,0.1382262
0,29912,0.138096
0,29913,0.1379659
0,29914,0.1378361
0,29915,0.1377064
0,29916,0.1375769
0,29917,0.1374476
0,29918,0.1373184
0,29919,0.1371894
0,29920,0.1370607
0,29921,0.136932
0,29922,0.1368036
0,29923,0.1366754
0,29924,0.1365473
0,29925,0.1364194
0,29926,0.1362917
0,29927,0.1361642
0,29928,0.1360368
0,29929,0.1359096
0,29930,0.1357826
0,29931,0.1356558
0,29932,0.1355291
0,29933,0.1354026
0,29934,0.1352763
0,29935,0.1351502
0,29936,0.1350243
0,29937,0.1348985
0,29938,0.1347729
0,29939,0.1346474
0,29940,0.1345222
0,29941,0.1343971
0,29942,0.1342721
0,29943,0.1341474
0,29944,0.1340228
0,29945,0.1338984
0,29946,0.1337742
0,29947,0.1336501
0,29948,0.1335262
0,29949,0.1334025
0,29950,0.133279
0,29951,0.1331556
0,29952,0.1330324
0,29953,0.1329093
0,29954,0.1327864
0,29955,0.1326637
0,29956,0.1325412
0,29957,0.1324188
0,29958,0.1322966
0,29959,0.1321746
0,29960,0.1320527
0,29961,0.131931
0,29962,0.1318095
0,29963,0.1316881
0,29964,0.1315669
0,29965,0.1314459
0,29966,0.131325
0,29967,0.1312043
0,29968,0.1310837
0,29969,0.1309633
0,29970,0.1308431
0,29971,0.1307231
0,29972,0.1306032
0,29973,0.1304835
0,29974,0.1303639
0,29975,0.1302445
0,29976,0.1301253
0,29977,0.1300062
0,29978,0.1298873
0,29979,0.1297685
0,29980,0.1296499
0,29981,0.1295315
0,29982,0.1294132
0,29983,0.1292951
0,29984,0.1291772
0,29985,0.1290594
0,29986,0.1289417
0,29987,0.1288242
0,29988,0.1287069
0,29989,0.1285898
0,29990,0.1284728
0,29991,0.128356
0,29992,0.1282393
0,29993,0.1281227
0,29994,0.1280064
0,29995,0.1278902
0,29996,0.1277741
0,29997,0.1276582
0,29998,0.1275425
0,29999,0.1274269
0,30000,0.1273115
0,30001,0.1271962
0,30002,0.1270811
0,30003,0.1269661
0,30004,0.1268513
0,30005,0.1267366
0,30006,0.1266221
0,30007,0.1265078
0,30008,0.1263936
0,30009,0.1262795
0,30010,0.1261656
0,30011,0.1260519
0,30012,0.1259383
0,30013,0.1258249
0,30014,0.1257116
0,30015,0.1255985
0,30016,0.1254855
0,30017,0.1253727
0,30018,0.12526
0,30019,0.1251475
0,30020,0.1250351
0,30021,0.1249229
0,30022,0.1248108
0,30023,0.1246988
0,30024,0.1245871
0,30025,0.1244754
0,30026,0.124364
0,30027,0.1242526
0,30028,0.1241414
0,30029,0.1240304
0,30030,0.1239195
0,30031,0.1238088
0,30032,0.1236982
0,30033,0.1235877
0,30034,0.1234774
0,30035,0.1233673
0,30036,0.1232573
0,30037,0.1231474
0,30038,0.1230377
0,30039,0.1229281
0,30040,0.1228187
0,30041,0.1227094
0,30042,0.1226003
0,30043,0.1224913
0,30044,0.1223824
0,30045,0.1222737
0,30046,0.1221652
0,30047,0.1220567
0,30048,0.1219485
0,30049,0.1218403
0,30050,0.1217323
0,30051,0.1216245
0,30052,0.1215168
0,30053,0.1214092
0,30054,0.1213018
0,30055,0.1211945
0,30056,0.1210874
0,30057,0.1209804
0,30058,0.1208735
0,30059,0.1207668
0,30060,0.1206602
0,30061,0.1205538
0,30062,0.1204475
0,30063,0.1203413
0,30064,0.1202353
0,30065,0.1201294
0,30066,0.1200237
0,30067,0.119918
0,30068,0.1198126
0,30069,0.1197072
0,30070,0.1196021
0,30071,0.119497
0,30072,0.1193921
0,30073,0.1192873
0,30074,0.1191827
0,30075,0.1190781
0,30076,0.1189738
0,30077,0.1188695
0,30078,0.1187654
0,30079,0.1186615
0,30080,0.1185576
0,30081,0.118454
0,30082,0.1183504
0,30083,0.118247
0,30084,0.1181437
0,30085,0.1180405
0,30086,0.1179375
0,30087,0.1178346
0,30088,0.1177319
0,30089,0.1176293
0,30090,0.1175268
0,30091,0.1174244
0,30092,0.1173222
0,30093,0.1172201
0,30094,0.1171181
0,30095,0.1170163
0,30096,0.1169146
0,30097,0.1168131
0,30098,0.1167116
0,30099,0.1166103
0,30100,0.1165092
0,30101,0.1164081
0,30102,0.1163072
0,30103,0.1162065
0,30104,0.1161058
0,30105,0.1160053
0,30106,0.1159049
0,30107,0.1158046
0,30108,0.1157045
0,30109,0.1156045
0,30110,0.1155046
0,30111,0.1154049
0,30112,0.1153052
0,30113,0.1152057
0,30114,0.1151064
0,30115,0.1150072
0,30116,0.114908
0,30117,0.1148091
0,30118,0.1147102
0,30119,0.1146115
0,30120,0.1145129
0,30121,0.1144144
0,30122,0.114316
0,30123,0.1142178
0,30124,0.1141197
0,30125,0.1140217
0,30126,0.1139239
0,30127,0.1138262
0,30128,0.1137286
0,30129,0.1136311
0,30130,0.1135338
0,30131,0.1134365
0,30132,0.1133394
0,30133,0.1132424
0,30134,0.1131456
0,30135,0.1130489
0,30136,0.1129522
0,30137,0.1128558
0,30138,0.1127594
0,30139,0.1126631
0,30140,0.112567
0,30141,0.112471
0,30142,0.1123752
0,30143,0.1122794
0,30144,0.1121838
0,30145,0.1120883
0,30146,0.1119929
0,30147,0.1118976
0,30148,0.1118024
0,30149,0.1117074
0,30150,0.1116125
0,30151,0.1115177
0,30152,0.111423
0,30153,0.1113285
0,30154,0.1112341
0,30155,0.1111398
0,30156,0.1110456
0,30157,0.1109515
0,30158,0.1108575
0,30159,0.1107637
0,30160,0.11067
0,30161,0.1105764
0,30162,0.1104829
0,30163,0.1103895
0,30164,0.1102963
0,30165,0.1102031
0,30166,0.1101101
0,30167,0.1100172
0,30168,0.1099244
0,30169,0.1098318
0,30170,0.1097392
0,30171,0.1096468
0,30172,0.1095545
0,30173,0.1094623
0,30174,0.1093702
0,30175,0.1092782
0,30176,0.1091863
0,30177,0.1090946
0,30178,0.1090029
0,30179,0.1089114
0,30180,0.10882
0,30181,0.1087287
0,30182,0.1086376
0,30183,0.1085465
0,30184,0.1084556
0,30185,0.1083647
0,30186,0.108274
0,30187,0.1081834
0,30188,0.1080929
0,30189,0.1080025
0,30190,0.1079122
0,30191,0.1078221
0,30192,0.107732
0,30193,0.1076421
0,30194,0.1075523
0,30195,0.1074625
0,30196,0.1073729
0,30197,0.1072834
0,30198,0.1071941
0,30199,0.1071048
0,30200,0.1070156
0,30201,0.1069266
0,30202,0.1068376
0,30203,0.1067488
0,30204,0.1066601
0,30205,0.1065715
0,30206,0.106483
0,30207,0.1063946
0,30208,0.1063063
0,30209,0.1062181
0,30210,0.10613
0,30211,0.1060421
0,30212,0.1059542
0,30213,0.1058665
0,30214,0.1057789
0,30215,0.1056913
0,30216,0.1056039
0,30217,0.1055166
0,30218,0.1054294
0,30219,0.1053423
0,30220,0.1052553
0,30221,0.1051684
0,30222,0.1050816
0,30223,0.104995
0,30224,0.1049084
0,30225,0.1048219
0,30226,0.1047356
0,30227,0.1046493
0,30228,0.1045632
0,30229,0.1044771
0,30230,0.1043912
0,30231,0.1043054
0,30232,0.1042196
0,30233,0.104134
0,30234,0.1040485
0,30235,0.1039631
0,30236,0.1038778
0,30237,0.1037925
0,30238,0.1037074
0,30239,0.1036224
0,30240,0.1035375
0,30241,0.1034537
0,30242,0.1034564
0,30243,0.1041061
0,30244,0.1065402
0,30245,0.1121083
0,30246,0.1220605
0,30247,0.1373831
0,30248,0.1587303
0,30249,0.186418
0,30250,0.2204545
0,30251,0.2605975
0,30252,0.3064204
0,30253,0.3573751
0,30254,0.4128477
0,30255,0.4722
0,30256,0.5348006
0,30257,0.6000459
0,30258,0.6673715
0,30259,0.7362606
0,30260,0.8062459
0,30261,0.87691
0,30262,0.9478844
0,30263,1.018846
0,30264,1.089516
0,30265,1.159652
0,30266,1.229049
0,30267,1.297535
0,30268,1.364966
0,30269,1.431224
0,30270,1.496212
0,30271,1.559856
0,30272,1.622097
0,30273,1.682894
0,30274,1.742215
0,30275,1.800045
0,30276,1.856374
0,30277,1.911206
0,30278,1.964546
0,30279,2.016411
0,30280,2.066819
0,30281,2.115793
0,30282,2.16336
0,30283,2.20955
0,30284,2.254394
0,30285,2.297925
0,30286,2.340178
0,30287,2.381188
0,30288,2.420992
0,30289,2.459624
0,30290,2.497123
0,30291,2.533522
0,30292,2.568858
0,30293,2.603166
0,30294,2.63648
0,30295,2.668834
0,30296,2.700261
0,30297,2.730793
0,30298,2.76046
0,30299,2.789293
0,30300,2.817321
0,30301,2.844573
0,30302,2.871075
0,30303,2.896855
0,30304,2.921938
0,30305,2.946348
0,30306,2.970109
0,30307,2.993242
0,30308,3.015771
0,30309,3.037715
0,30310,3.059096
0,30311,3.079932
0,30312,3.100242
0,30313,3.120043
0,30314,3.139352
0,30315,3.158186
0,30316,3.176559
0,30317,3.194489
0,30318,3.211988
0,30319,3.229071
0,30320,3.245751
0,30321,3.262039
0,30322,3.277949
0,30323,3.293492
0,30324,3.308678
0,30325,3.323519
0,30326,3.338024
0,30327,3.352205
0,30328,3.366071
0,30329,3.37963
0,30330,3.392892
0,30331,3.405865
0,30332,3.418556
0,30333,3.430974
0,30334,3.443126
0,30335,3.455019
0,30336,3.466659
0,30337,3.478055
0,30338,3.489212
0,30339,3.500137
0,30340,3.510836
0,30341,3.521314
0,30342,3.531578
0,30343,3.541631
0,30344,3.551479
0,30345,3.561125
0,30346,3.570571
0,30347,3.579791
0,30348,3.588636
0,30349,3.596813
0,30350,3.603987
0,30351,3.609859
0,30352,3.614202
0,30353,3.616852
0,30354,3.617706
0,30355,3.616703
0,30356,3.613833
0,30357,3.609098
0,30358,3.602529
0,30359,3.594165
0,30360,3.584043
0,30361,3.572219
0,30362,3.558739
0,30363,3.543659
0,30364,3.527033
0,30365,3.508915
0,30366,3.489362
0,30367,3.468425
0,30368,3.44616
0,30369,3.422617
0,30370,3.397843
0,30371,3.37189
0,30372,3.344798
0,30373,3.316612
0,30374,3.287374
0,30375,3.257121
0,30376,3.22589
0,30377,3.193716
0,30378,3.160633
0,30379,3.126673
0,30380,3.091869
0,30381,3.056248
0,30382,3.019841
0,30383,2.982674
0,30384,2.944772
0,30385,2.906163
0,30386,2.866868
0,30387,2.826912
0,30388,2.786314
0,30389,2.745098
0,30390,2.703283
0,30391,2.660887
0,30392,2.617929
0,30393,2.574426
0,30394,2.530396
0,30395,2.485856
0,30396,2.44082
0,30397,2.395304
0,30398,2.349322
0,30399,2.302895
0,30400,2.25612
0,30401,2.209272
0,30402,2.162729
0,30403,2.116857
0,30404,2.071949
0,30405,2.028217
0,30406,1.985801
0,30407,1.944781
0,30408,1.905192
0,30409,1.867036
0,30410,1.830292
0,30411,1.794922
0,30412,1.76088
0,30413,1.728111
0,30414,1.696559
0,30415,1.666164
0,30416,1.636868
0,30417,1.608614
0,30418,1.581348
0,30419,1.555015
0,30420,1.529566
0,30421,1.504954
0,30422,1.481133
0,30423,1.458061
0,30424,1.435698
0,30425,1.414008
0,30426,1.392957
0,30427,1.372512
0,30428,1.352642
0,30429,1.33332
0,30430,1.314519
0,30431,1.29621
0,30432,1.278368
0,30433,1.260968
0,30434,1.243988
0,30435,1.227409
0,30436,1.211213
0,30437,1.195385
0,30438,1.179908
0,30439,1.16477
0,30440,1.149958
0,30441,1.135461
0,30442,1.121269
0,30443,1.10737
0,30444,1.093756
0,30445,1.080418
0,30446,1.067348
0,30447,1.054538
0,30448,1.04198
0,30449,1.029667
0,30450,1.017592
0,30451,1.00575
0,30452,0.9941342
0,30453,0.9827384
0,30454,0.9715572
0,30455,0.9605851
0,30456,0.949817
0,30457,0.9392479
0,30458,0.9288731
0,30459,0.918688
0,30460,0.9086882
0,30461,0.8988695
0,30462,0.8892278
0,30463,0.8797591
0,30464,0.8704594
0,30465,0.8613253
0,30466,0.8523529
0,30467,0.8435388
0,30468,0.8348796
0,30469,0.8263721
0,30470,0.8180131
0,30471,0.8097994
0,30472,0.8017281
0,30473,0.7937962
0,30474,0.7860008
0,30475,0.7783394
0,30476,0.7708091
0,30477,0.7634072
0,30478,0.7561313
0,30479,0.7489789
0,30480,0.7419474
0,30481,0.7350346
0,30482,0.7282381
0,30483,0.7215557
0,30484,0.7149852
0,30485,0.7085243
0,30486,0.7021711
0,30487,0.6959235
0,30488,0.6897794
0,30489,0.6837369
0,30490,0.6777941
0,30491,0.6719491
0,30492,0.6662001
0,30493,0.6605453
0,30494,0.6549829
0,30495,0.6495112
0,30496,0.6441286
0,30497,0.6388333
0,30498,0.6336239
0,30499,0.6284987
0,30500,0.6234562
0,30501,0.6184948
0,30502,0.6136131
0,30503,0.6088096
0,30504,0.6040831
0,30505,0.5994319
0,30506,0.5948548
0,30507,0.5903504
0,30508,0.5859174
0,30509,0.5815547
0,30510,0.5772607
0,30511,0.5730345
0,30512,0.5688747
0,30513,0.5647801
0,30514,0.5607497
0,30515,0.5567822
0,30516,0.5528765
0,30517,0.5490317
0,30518,0.5452465
0,30519,0.5415199
0,30520,0.5378509
0,30521,0.5342385
0,30522,0.5306816
0,30523,0.5271793
0,30524,0.5237307
0,30525,0.5203348
0,30526,0.5169907
0,30527,0.5136974
0,30528,0.5104541
0,30529,0.5072598
0,30530,0.5041139
0,30531,0.5010154
0,30532,0.4979635
0,30533,0.4949573
0,30534,0.4919961
0,30535,0.4890791
0,30536,0.4862055
0,30537,0.4833746
0,30538,0.4805857
0,30539,0.4778379
0,30540,0.4751307
0,30541,0.4724633
0,30542,0.4698349
0,30543,0.467245
0,30544,0.4646929
0,30545,0.4621779
0,30546,0.4596994
0,30547,0.4572567
0,30548,0.4548493
0,30549,0.4524765
0,30550,0.4501378
0,30551,0.4478325
0,30552,0.4455601
0,30553,0.44332
0,30554,0.4411117
0,30555,0.4389346
0,30556,0.4367882
0,30557,0.4346719
0,30558,0.4325853
0,30559,0.4305279
0,30560,0.428499
0,30561,0.4264984
0,30562,0.4245254
0,30563,0.4225796
0,30564,0.4206606
0,30565,0.4187678
0,30566,0.4169009
0,30567,0.4150594
0,30568,0.4132429
0,30569,0.4114509
0,30570,0.4096831
0,30571,0.4079389
0,30572,0.4062181
0,30573,0.4045202
0,30574,0.4028449
0,30575,0.4011917
0,30576,0.3995603
0,30577,0.3979503
0,30578,0.3963613
0,30579,0.3947931
0,30580,0.3932452
0,30581,0.3917173
0,30582,0.390209
0,30583,0.3887202
0,30584,0.3872503
0,30585,0.3857991
0,30586,0.3843663
0,30587,0.3829516
0,30588,0.3815546
0,30589,0.3801751
0,30590,0.3788128
0,30591,0.3774673
0,30592,0.3761385
0,30593,0.374826
0,30594,0.3735296
0,30595,0.372249
0,30596,0.3709838
0,30597,0.369734
0,30598,0.3684992
0,30599,0.3672791
0,30600,0.3660735
0,30601,0.3648823
0,30602,0.363705
0,30603,0.3625416
0,30604,0.3613918
0,30605,0.3602553
0,30606,0.3591319
0,30607,0.3580214
0,30608,0.3569237
0,30609,0.3558384
0,30610,0.3547654
0,30611,0.3537046
0,30612,0.3526556
0,30613,0.3516182
0,30614,0.3505924
0,30615,0.3495779
0,30616,0.3485745
0,30617,0.347582
0,30618,0.3466004
0,30619,0.3456292
0,30620,0.3446685
0,30621,0.3437181
0,30622,0.3427777
0,30623,0.3418472
0,30624,0.3409265
0,30625,0.3400154
0,30626,0.3391136
0,30627,0.3382212
0,30628,0.3373379
0,30629,0.3364636
0,30630,0.3355981
0,30631,0.3347413
0,30632,0.3338931
0,30633,0.3330533
0,30634,0.3322217
0,30635,0.3313984
0,30636,0.330583
0,30637,0.3297755
0,30638,0.3289758
0,30639,0.3281837
0,30640,0.3273991
0,30641,0.3266219
0,30642,0.325852
0,30643,0.3250893
0,30644,0.3243336
0,30645,0.3235848
0,30646,0.3228429
0,30647,0.3221076
0,30648,0.321379
0,30649,0.3206569
0,30650,0.3199412
0,30651,0.3192318
0,30652,0.3185286
0,30653,0.3178315
0,30654,0.3171404
0,30655,0.3164552
0,30656,0.3157758
0,30657,0.3151022
0,30658,0.3144342
0,30659,0.3137718
0,30660,0.3131149
0,30661,0.3124633
0,30662,0.311817
0,30663,0.3111759
0,30664,0.31054
0,30665,0.3099092
0,30666,0.3092833
0,30667,0.3086623
0,30668,0.3080461
0,30669,0.3074347
0,30670,0.306828
0,30671,0.3062259
0,30672,0.3056284
0,30673,0.3050353
0,30674,0.3044466
0,30675,0.3038622
0,30676,0.3032822
0,30677,0.3027063
0,30678,0.3021346
0,30679,0.3015669
0,30680,0.3010033
0,30681,0.3004436
0,30682,0.2998879
0,30683,0.299336
0,30684,0.2987878
0,30685,0.2982434
0,30686,0.2977027
0,30687,0.2971656
0,30688,0.2966321
0,30689,0.296102
0,30690,0.2955755
0,30691,0.2950523
0,30692,0.2945326
0,30693,0.2940161
0,30694,0.2935029
0,30695,0.2929929
0,30696,0.2924861
0,30697,0.2919825
0,30698,0.2914819
0,30699,0.2909843
0,30700,0.2904898
0,30701,0.2899982
0,30702,0.2895095
0,30703,0.2890237
0,30704,0.2885407
0,30705,0.2880605
0,30706,0.2875831
0,30707,0.2871083
0,30708,0.2866363
0,30709,0.2861668
0,30710,0.2857
0,30711,0.2852358
0,30712,0.284774
0,30713,0.2843148
0,30714,0.283858
0,30715,0.2834037
0,30716,0.2829517
0,30717,0.2825022
0,30718,0.2820549
0,30719,0.28161
0,30720,0.2811673
0,30721,0.2807268
0,30722,0.2802886
0,30723,0.2798525
0,30724,0.2794186
0,30725,0.2789868
0,30726,0.2785571
0,30727,0.2781295
0,30728,0.2777039
0,30729,0.2772803
0,30730,0.2768587
0,30731,0.2764391
0,30732,0.2760214
0,30733,0.2756056
0,30734,0.2751917
0,30735,0.2747796
0,30736,0.2743695
0,30737,0.2739611
0,30738,0.2735545
0,30739,0.2731497
0,30740,0.2727466
0,30741,0.2723453
0,30742,0.2719457
0,30743,0.2715477
0,30744,0.2711515
0,30745,0.2707568
0,30746,0.2703638
0,30747,0.2699724
0,30748,0.2695826
0,30749,0.2691943
0,30750,0.2688076
0,30751,0.2684225
0,30752,0.2680388
0,30753,0.2676567
0,30754,0.267276
0,30755,0.2668967
0,30756,0.266519
0,30757,0.2661426
0,30758,0.2657677
0,30759,0.2653941
0,30760,0.265022
0,30761,0.2646512
0,30762,0.2642817
0,30763,0.2639136
0,30764,0.2635468
0,30765,0.2631813
0,30766,0.2628171
0,30767,0.2624542
0,30768,0.2620925
0,30769,0.2617321
0,30770,0.2613729
0,30771,0.2610149
0,30772,0.2606582
0,30773,0.2603026
0,30774,0.2599483
0,30775,0.2595951
0,30776,0.259243
0,30777,0.2588922
0,30778,0.2585424
0,30779,0.2581938
0,30780,0.2578463
0,30781,0.2574999
0,30782,0.2571546
0,30783,0.2568103
0,30784,0.2564672
0,30785,0.256125
0,30786,0.2557839
0,30787,0.2554439
0,30788,0.2551049
0,30789,0.2547669
0,30790,0.2544299
0,30791,0.2540939
0,30792,0.2537589
0,30793,0.2534249
0,30794,0.2530918
0,30795,0.2527597
0,30796,0.2524286
0,30797,0.2520984
0,30798,0.2517691
0,30799,0.2514408
0,30800,0.2511134
0,30801,0.2507868
0,30802,0.2504613
0,30803,0.2501365
0,30804,0.2498127
0,30805,0.2494897
0,30806,0.2491677
0,30807,0.2488464
0,30808,0.2485261
0,30809,0.2482066
0,30810,0.2478879
0,30811,0.2475701
0,30812,0.2472531
0,30813,0.2469369
0,30814,0.2466216
0,30815,0.246307
0,30816,0.2459933
0,30817,0.2456803
0,30818,0.2453682
0,30819,0.2450568
0,30820,0.2447462
0,30821,0.2444364
0,30822,0.2441273
0,30823,0.243819
0,30824,0.2435115
0,30825,0.2432047
0,30826,0.2428987
0,30827,0.2425934
0,30828,0.2422888
0,30829,0.2419849
0,30830,0.2416818
0,30831,0.2413794
0,30832,0.2410778
0,30833,0.2407768
0,30834,0.2404765
0,30835,0.2401769
0,30836,0.239878
0,30837,0.2395798
0,30838,0.2392823
0,30839,0.2389855
0,30840,0.2386893
0,30841,0.2383939
0,30842,0.238099
0,30843,0.2378049
0,30844,0.2375114
0,30845,0.2372186
0,30846,0.2369264
0,30847,0.2366348
0,30848,0.2363439
0,30849,0.2360537
0,30850,0.235764
0,30851,0.235475
0,30852,0.2351866
0,30853,0.2348989
0,30854,0.2346117
0,30855,0.2343252
0,30856,0.2340393
0,30857,0.2337539
0,30858,0.2334692
0,30859,0.2331851
0,30860,0.2329016
0,30861,0.2326187
0,30862,0.2323364
0,30863,0.2320546
0,30864,0.2317735
0,30865,0.2314929
0,30866,0.2312129
0,30867,0.2309335
0,30868,0.2306547
0,30869,0.2303764
0,30870,0.2300987
0,30871,0.2298215
0,30872,0.2295449
0,30873,0.2292688
0,30874,0.2289933
0,30875,0.2287184
0,30876,0.228444
0,30877,0.2281701
0,30878,0.2278967
0,30879,0.227624
0,30880,0.2273517
0,30881,0.22708
0,30882,0.2268089
0,30883,0.2265382
0,30884,0.2262681
0,30885,0.2259985
0,30886,0.2257295
0,30887,0.2254609
0,30888,0.2251929
0,30889,0.2249253
0,30890,0.2246583
0,30891,0.2243918
0,30892,0.2241258
0,30893,0.2238603
0,30894,0.2235953
0,30895,0.2233308
0,30896,0.2230668
0,30897,0.2228033
0,30898,0.2225403
0,30899,0.2222778
0,30900,0.2220157
0,30901,0.2217542
0,30902,0.2214931
0,30903,0.2212326
0,30904,0.2209725
0,30905,0.2207129
0,30906,0.2204538
0,30907,0.2201951
0,30908,0.2199369
0,30909,0.2196792
0,30910,0.219422
0,30911,0.2191652
0,30912,0.2189089
0,30913,0.2186531
0,30914,0.2183977
0,30915,0.2181428
0,30916,0.2178883
0,30917,0.2176343
0,30918,0.2173808
0,30919,0.2171277
0,30920,0.2168751
0,30921,0.2166229
0,30922,0.2163712
0,30923,0.2161199
0,30924,0.2158691
0,30925,0.2156187
0,30926,0.2153687
0,30927,0.2151193
0,30928,0.2148702
0,30929,0.2146216
0,30930,0.2143734
0,30931,0.2141257
0,30932,0.2138784
0,30933,0.2136315
0,30934,0.2133851
0,30935,0.213139
0,30936,0.2128935
0,30937,0.2126483
0,30938,0.2124036
0,30939,0.2121593
0,30940,0.2119154
0,30941,0.211672
0,30942,0.211429
0,30943,0.2111863
0,30944,0.2109442
0,30945,0.2107024
0,30946,0.2104611
0,30947,0.2102201
0,30948,0.2099796
0,30949,0.2097395
0,30950,0.2094998
0,30951,0.2092605
0,30952,0.2090216
0,30953,0.2087831
0,30954,0.2085451
0,30955,0.2083074
0,30956,0.2080701
0,30957,0.2078333
0,30958,0.2075968
0,30959,0.2073608
0,30960,0.2071251
0,30961,0.2068899
0,30962,0.206655
0,30963,0.2064206
0,30964,0.2061865
0,30965,0.2059529
0,30966,0.2057196
0,30967,0.2054867
0,30968,0.2052542
0,30969,0.2050222
0,30970,0.2047904
0,30971,0.2045591
0,30972,0.2043282
0,30973,0.2040976
0,30974,0.2038675
0,30975,0.2036377
0,30976,0.2034083
0,30977,0.2031793
0,30978,0.2029506
0,30979,0.2027224
0,30980,0.2024945
0,30981,0.202267
0,30982,0.2020398
0,30983,0.2018131
0,30984,0.2015867
0,30985,0.2013606
0,30986,0.201135
0,30987,0.2009097
0,30988,0.2006848
0,30989,0.2004603
0,30990,0.2002362
0,30991,0.2000124
0,30992,0.199789
0,30993,0.1995659
0,30994,0.1993432
0,30995,0.1991209
0,30996,0.198899
0,30997,0.1986774
0,30998,0.1984562
0,30999,0.1982353
0,31000,0.1980148
0,31001,0.1977946
0,31002,0.1975748
0,31003,0.1973554
0,31004,0.1971363
0,31005,0.1969176
0,31006,0.1966992
0,31007,0.1964812
0,31008,0.1962635
0,31009,0.1960462
0,31010,0.1958292
0,31011,0.1956126
0,31012,0.1953963
0,31013,0.1951804
0,31014,0.1949648
0,31015,0.1947495
0,31016,0.1945346
0,31017,0.19432
0,31018,0.1941058
0,31019,0.193892
0,31020,0.1936785
0,31021,0.1934653
0,31022,0.1932525
0,31023,0.19304
0,31024,0.1928278
0,31025,0.192616
0,31026,0.1924046
0,31027,0.1921934
0,31028,0.1919826
0,31029,0.1917722
0,31030,0.1915621
0,31031,0.1913523
0,31032,0.1911428
0,31033,0.1909337
0,31034,0.1907249
0,31035,0.1905164
0,31036,0.1903083
0,31037,0.1901005
0,31038,0.189893
0,31039,0.1896859
0,31040,0.189479
0,31041,0.1892725
0,31042,0.1890664
0,31043,0.1888605
0,31044,0.188655
0,31045,0.1884498
0,31046,0.1882449
0,31047,0.1880403
0,31048,0.1878361
0,31049,0.1876321
0,31050,0.1874285
0,31051,0.1872253
0,31052,0.1870223
0,31053,0.1868197
0,31054,0.1866174
0,31055,0.1864154
0,31056,0.1862137
0,31057,0.1860123
0,31058,0.1858113
0,31059,0.1856105
0,31060,0.1854101
0,31061,0.18521
0,31062,0.1850102
0,31063,0.1848107
0,31064,0.1846115
0,31065,0.1844127
0,31066,0.1842141
0,31067,0.1840159
0,31068,0.183818
0,31069,0.1836203
0,31070,0.183423
0,31071,0.183226
0,31072,0.1830293
0,31073,0.1828329
0,31074,0.1826368
0,31075,0.182441
0,31076,0.1822455
0,31077,0.1820503
0,31078,0.1818554
0,31079,0.1816609
0,31080,0.1814666
0,31081,0.1812726
0,31082,0.1810789
0,31083,0.1808856
0,31084,0.1806925
0,31085,0.1804997
0,31086,0.1803072
0,31087,0.180115
0,31088,0.1799232
0,31089,0.1797316
0,31090,0.1795403
0,31091,0.1793493
0,31092,0.1791586
0,31093,0.1789682
0,31094,0.178778
0,31095,0.1785882
0,31096,0.1783987
0,31097,0.1782095
0,31098,0.1780205
0,31099,0.1778318
0,31100,0.1776435
0,31101,0.1774554
0,31102,0.1772676
0,31103,0.1770801
0,31104,0.1768929
0,31105,0.176706
0,31106,0.1765194
0,31107,0.176333
0,31108,0.176147
0,31109,0.1759612
0,31110,0.1757757
0,31111,0.1755905
0,31112,0.1754055
0,31113,0.1752209
0,31114,0.1750365
0,31115,0.1748525
0,31116,0.1746687
0,31117,0.1744851
0,31118,0.1743019
0,31119,0.174119
0,31120,0.1739363
0,31121,0.1737539
0,31122,0.1735718
0,31123,0.1733899
0,31124,0.1732083
0,31125,0.1730271
0,31126,0.172846
0,31127,0.1726653
0,31128,0.1724848
0,31129,0.1723046
0,31130,0.1721247
0,31131,0.1719451
0,31132,0.1717657
0,31133,0.1715866
0,31134,0.1714078
0,31135,0.1712292
0,31136,0.171051
0,31137,0.1708729
0,31138,0.1706952
0,31139,0.1705177
0,31140,0.1703405
0,31141,0.1701636
0,31142,0.1699869
0,31143,0.1698105
0,31144,0.1696343
0,31145,0.1694585
0,31146,0.1692829
0,31147,0.1691075
0,31148,0.1689325
0,31149,0.1687576
0,31150,0.1685831
0,31151,0.1684088
0,31152,0.1682348
0,31153,0.168061
0,31154,0.1678875
0,31155,0.1677143
0,31156,0.1675413
0,31157,0.1673686
0,31158,0.1671961
0,31159,0.1670239
0,31160,0.166852
0,31161,0.1666803
0,31162,0.1665089
0,31163,0.1663377
0,31164,0.1661668
0,31165,0.1659961
0,31166,0.1658257
0,31167,0.1656556
0,31168,0.1654857
0,31169,0.165316
0,31170,0.1651466
0,31171,0.1649775
0,31172,0.1648086
0,31173,0.16464
0,31174,0.1644716
0,31175,0.1643035
0,31176,0.1641356
0,31177,0.163968
0,31178,0.1638006
0,31179,0.1636335
0,31180,0.1634666
0,31181,0.1633
0,31182,0.1631336
0,31183,0.1629674
0,31184,0.1628015
0,31185,0.1626359
0,31186,0.1624705
0,31187,0.1623054
0,31188,0.1621405
0,31189,0.1619758
0,31190,0.1618114
0,31191,0.1616472
0,31192,0.1614833
0,31193,0.1613196
0,31194,0.1611561
0,31195,0.1609929
0,31196,0.16083
0,31197,0.1606672
0,31198,0.1605048
0,31199,0.1603425
0,31200,0.1601805
0,31201,0.1600188
0,31202,0.1598572
0,31203,0.1596959
0,31204,0.1595349
0,31205,0.1593741
0,31206,0.1592135
0,31207,0.1590532
0,31208,0.1588931
0,31209,0.1587332
0,31210,0.1585736
0,31211,0.1584142
0,31212,0.158255
0,31213,0.1580961
0,31214,0.1579374
0,31215,0.1577789
0,31216,0.1576207
0,31217,0.1574627
0,31218,0.1573049
0,31219,0.1571474
0,31220,0.1569901
0,31221,0.156833
0,31222,0.1566762
0,31223,0.1565196
0,31224,0.1563632
0,31225,0.1562071
0,31226,0.1560511
0,31227,0.1558954
0,31228,0.15574
0,31229,0.1555847
0,31230,0.1554297
0,31231,0.1552749
0,31232,0.1551203
0,31233,0.154966
0,31234,0.1548119
0,31235,0.154658
0,31236,0.1545043
0,31237,0.1543509
0,31238,0.1541977
0,31239,0.1540447
0,31240,0.1538919
0,31241,0.1537394
0,31242,0.153587
0,31243,0.1534349
0,31244,0.153283
0,31245,0.1531314
0,31246,0.1529799
0,31247,0.1528287
0,31248,0.1526777
0,31249,0.1525269
0,31250,0.1523763
0,31251,0.152226
0,31252,0.1520758
0,31253,0.1519259
0,31254,0.1517762
0,31255,0.1516267
0,31256,0.1514775
0,31257,0.1513284
0,31258,0.1511796
0,31259,0.151031
0,31260,0.1508825
0,31261,0.1507344
0,31262,0.1505864
0,31263,0.1504386
0,31264,0.1502911
0,31265,0.1501437
0,31266,0.1499966
0,31267,0.1498497
0,31268,0.149703
0,31269,0.1495565
0,31270,0.1494102
0,31271,0.1492642
0,31272,0.1491183
0,31273,0.1489726
0,31274,0.1488272
0,31275,0.148682
0,31276,0.148537
0,31277,0.1483922
0,31278,0.1482476
0,31279,0.1481032
0,31280,0.147959
0,31281,0.147815
0,31282,0.1476712
0,31283,0.1475276
0,31284,0.1473843
0,31285,0.1472411
0,31286,0.1470981
0,31287,0.1469554
0,31288,0.1468128
0,31289,0.1466705
0,31290,0.1465283
0,31291,0.1463864
0,31292,0.1462446
0,31293,0.1461031
0,31294,0.1459618
0,31295,0.1458206
0,31296,0.1456797
0,31297,0.145539
0,31298,0.1453984
0,31299,0.1452581
0,31300,0.145118
0,31301,0.144978
0,31302,0.1448383
0,31303,0.1446988
0,31304,0.1445594
0,31305,0.1444203
0,31306,0.1442814
0,31307,0.1441426
0,31308,0.1440041
0,31309,0.1438657
0,31310,0.1437276
0,31311,0.1435896
0,31312,0.1434519
0,31313,0.1433143
0,31314,0.1431769
0,31315,0.1430397
0,31316,0.1429028
0,31317,0.142766
0,31318,0.1426294
0,31319,0.142493
0,31320,0.1423568
0,31321,0.1422208
0,31322,0.1420849
0,31323,0.1419493
0,31324,0.1418138
0,31325,0.1416786
0,31326,0.1415436
0,31327,0.1414087
0,31328,0.141274
0,31329,0.1411395
0,31330,0.1410052
0,31331,0.1408711
0,31332,0.1407372
0,31333,0.1406034
0,31334,0.1404699
0,31335,0.1403365
0,31336,0.1402033
0,31337,0.1400703
0,31338,0.1399375
0,31339,0.1398049
0,31340,0.1396725
0,31341,0.1395402
0,31342,0.1394082
0,31343,0.1392763
0,31344,0.1391446
0,31345,0.1390131
0,31346,0.1388818
0,31347,0.1387506
0,31348,0.1386197
0,31349,0.1384889
0,31350,0.1383583
0,31351,0.1382279
0,31352,0.1380977
0,31353,0.1379676
0,31354,0.1378378
0,31355,0.1377081
0,31356,0.1375786
0,31357,0.1374492
0,31358,0.1373201
0,31359,0.1371911
0,31360,0.1370624
0,31361,0.1369338
0,31362,0.1368053
0,31363,0.1366771
0,31364,0.136549
0,31365,0.1364211
0,31366,0.1362934
0,31367,0.1361659
0,31368,0.1360385
0,31369,0.1359113
0,31370,0.1357843
0,31371,0.1356575
0,31372,0.1355308
0,31373,0.1354044
0,31374,0.1352781
0,31375,0.1351519
0,31376,0.135026
0,31377,0.1349002
0,31378,0.1347746
0,31379,0.1346491
0,31380,0.1345239
0,31381,0.1343988
0,31382,0.1342739
0,31383,0.1341491
0,31384,0.1340245
0,31385,0.1339001
0,31386,0.1337759
0,31387,0.1336518
0,31388,0.1335279
0,31389,0.1334042
0,31390,0.1332806
0,31391,0.1331573
0,31392,0.1330341
0,31393,0.132911
0,31394,0.1327881
0,31395,0.1326654
0,31396,0.1325429
0,31397,0.1324205
0,31398,0.1322983
0,31399,0.1321763
0,31400,0.1320544
0,31401,0.1319327
0,31402,0.1318112
0,31403,0.1316898
0,31404,0.1315686
0,31405,0.1314476
0,31406,0.1313267
0,31407,0.131206
0,31408,0.1310854
0,31409,0.130965
0,31410,0.1308448
0,31411,0.1307248
0,31412,0.1306049
0,31413,0.1304852
0,31414,0.1303656
0,31415,0.1302462
0,31416,0.130127
0,31417,0.1300079
0,31418,0.129889
0,31419,0.1297702
0,31420,0.1296516
0,31421,0.1295332
0,31422,0.1294149
0,31423,0.1292968
0,31424,0.1291789
0,31425,0.1290611
0,31426,0.1289434
0,31427,0.1288259
0,31428,0.1287086
0,31429,0.1285915
0,31430,0.1284745
0,31431,0.1283576
0,31432,0.128241
0,31433,0.1281244
0,31434,0.1280081
0,31435,0.1278919
0,31436,0.1277758
0,31437,0.1276599
0,31438,0.1275441
0,31439,0.1274286
0,31440,0.1273131
0,31441,0.1271979
0,31442,0.1270827
0,31443,0.1269678
0,31444,0.126853
0,31445,0.1267383
0,31446,0.1266238
0,31447,0.1265095
0,31448,0.1263953
0,31449,0.1262812
0,31450,0.1261673
0,31451,0.1260536
0,31452,0.12594
0,31453,0.1258266
0,31454,0.1257133
0,31455,0.1256002
0,31456,0.1254872
0,31457,0.1253743
0,31458,0.1252617
0,31459,0.1251491
0,31460,0.1250368
0,31461,0.1249245
0,31462,0.1248125
0,31463,0.1247005
0,31464,0.1245888
0,31465,0.1244771
0,31466,0.1243657
0,31467,0.1242543
0,31468,0.1241431
0,31469,0.1240321
0,31470,0.1239212
0,31471,0.1238105
0,31472,0.1236999
0,31473,0.1235894
0,31474,0.1234791
0,31475,0.123369
0,31476,0.123259
0,31477,0.1231491
0,31478,0.1230394
0,31479,0.1229298
0,31480,0.1228204
0,31481,0.1227111
0,31482,0.122602
0,31483,0.122493
0,31484,0.1223841
0,31485,0.1222754
0,31486,0.1221668
0,31487,0.1220584
0,31488,0.1219501
0,31489,0.121842
0,31490,0.121734
0,31491,0.1216262
0,31492,0.1215185
0,31493,0.1214109
0,31494,0.1213035
0,31495,0.1211962
0,31496,0.121089
0,31497,0.120982
0,31498,0.1208752
0,31499,0.1207685
0,31500,0.1206619
0,31501,0.1205554
0,31502,0.1204491
0,31503,0.120343
0,31504,0.120237
0,31505,0.1201311
0,31506,0.1200253
0,31507,0.1199197
0,31508,0.1198143
0,31509,0.1197089
0,31510,0.1196037
0,31511,0.1194987
0,31512,0.1193938
0,31513,0.119289
0,31514,0.1191843
0,31515,0.1190798
0,31516,0.1189755
0,31517,0.1188712
0,31518,0.1187671
0,31519,0.1186632
0,31520,0.1185593
0,31521,0.1184556
0,31522,0.1183521
0,31523,0.1182486
0,31524,0.1181454
0,31525,0.1180422
0,31526,0.1179392
0,31527,0.1178363
0,31528,0.1177335
0,31529,0.1176309
0,31530,0.1175284
0,31531,0.1174261
0,31532,0.1173239
0,31533,0.1172218
0,31534,0.1171198
0,31535,0.117018
0,31536,0.1169163
0,31537,0.1168147
0,31538,0.1167133
0,31539,0.116612
0,31540,0.1165108
0,31541,0.1164098
0,31542,0.1163089
0,31543,0.1162081
0,31544,0.1161075
0,31545,0.1160069
0,31546,0.1159066
0,31547,0.1158063
0,31548,0.1157062
0,31549,0.1156062
0,31550,0.1155063
0,31551,0.1154065
0,31552,0.1153069
0,31553,0.1152074
0,31554,0.1151081
0,31555,0.1150088
0,31556,0.1149097
0,31557,0.1148107
0,31558,0.1147119
0,31559,0.1146131
0,31560,0.1145145
0,31561,0.1144161
0,31562,0.1143177
0,31563,0.1142195
0,31564,0.1141214
0,31565,0.1140234
0,31566,0.1139256
0,31567,0.1138278
0,31568,0.1137302
0,31569,0.1136328
0,31570,0.1135354
0,31571,0.1134382
0,31572,0.1133411
0,31573,0.1132441
0,31574,0.1131472
0,31575,0.1130505
0,31576,0.1129539
0,31577,0.1128574
0,31578,0.1127611
0,31579,0.1126648
0,31580,0.1125687
0,31581,0.1124727
0,31582,0.1123768
0,31583,0.1122811
0,31584,0.1121854
0,31585,0.1120899
0,31586,0.1119945
0,31587,0.1118992
0,31588,0.1118041
0,31589,0.1117091
0,31590,0.1116142
0,31591,0.1115194
0,31592,0.1114247
0,31593,0.1113302
0,31594,0.1112357
0,31595,0.1111414
0,31596,0.1110472
0,31597,0.1109531
0,31598,0.1108592
0,31599,0.1107654
0,31600,0.1106716
0,31601,0.110578
0,31602,0.1104846
0,31603,0.1103912
0,31604,0.1102979
0,31605,0.1102048
0,31606,0.1101118
0,31607,0.1100189
0,31608,0.1099261
0,31609,0.1098334
0,31610,0.1097409
0,31611,0.1096484
0,31612,0.1095561
0,31613,0.1094639
0,31614,0.1093718
0,31615,0.1092798
0,31616,0.109188
0,31617,0.1090962
0,31618,0.1090046
0,31619,0.1089131
0,31620,0.1088217
0,31621,0.1087304
0,31622,0.1086392
0,31623,0.1085482
0,31624,0.1084572
0,31625,0.1083664
0,31626,0.1082756
0,31627,0.108185
0,31628,0.1080945
0,31629,0.1080042
0,31630,0.1079139
0,31631,0.1078237
0,31632,0.1077337
0,31633,0.1076437
0,31634,0.1075539
0,31635,0.1074642
0,31636,0.1073746
0,31637,0.1072851
0,31638,0.1071957
0,31639,0.1071064
0,31640,0.1070173
0,31641,0.1069282
0,31642,0.1068393
0,31643,0.1067505
0,31644,0.1066617
0,31645,0.1065731
0,31646,0.1064846
0,31647,0.1063962
0,31648,0.1063079
0,31649,0.1062198
0,31650,0.1061317
0,31651,0.1060437
0,31652,0.1059559
0,31653,0.1058681
0,31654,0.1057805
0,31655,0.105693
0,31656,0.1056056
0,31657,0.1055182
0,31658,0.105431
0,31659,0.1053439
0,31660,0.105257
0,31661,0.1051701
0,31662,0.1050833
0,31663,0.1049966
0,31664,0.10491
0,31665,0.1048236
0,31666,0.1047372
0,31667,0.104651
0,31668,0.1045648
0,31669,0.1044788
0,31670,0.1043928
0,31671,0.104307
0,31672,0.1042213
0,31673,0.1041356
0,31674,0.1040501
0,31675,0.1039647
0,31676,0.1038794
0,31677,0.1037942
0,31678,0.1037091
0,31679,0.1036241
0,31680,0.1035392
0,31681,0.1034553
0,31682,0.103458
0,31683,0.1041078
0,31684,0.1065418
0,31685,0.11211
0,31686,0.1220622
0,31687,0.1373848
0,31688,0.1587319
0,31689,0.1864196
0,31690,0.2204561
0,31691,0.2605992
0,31692,0.3064221
0,31693,0.3573768
0,31694,0.4128493
0,31695,0.4722016
0,31696,0.5348023
0,31697,0.6000475
0,31698,0.6673732
0,31699,0.7362623
0,31700,0.8062475
0,31701,0.8769116
0,31702,0.947886
0,31703,1.018848
0,31704,1.089517
0,31705,1.159653
0,31706,1.229051
0,31707,1.297537
0,31708,1.364968
0,31709,1.431225
0,31710,1.496214
0,31711,1.559858
0,31712,1.622099
0,31713,1.682895
0,31714,1.742217
0,31715,1.800047
0,31716,1.856376
0,31717,1.911207
0,31718,1.964548
0,31719,2.016412
0,31720,2.06682
0,31721,2.115795
0,31722,2.163362
0,31723,2.209552
0,31724,2.254395
0,31725,2.297927
0,31726,2.34018
0,31727,2.38119
0,31728,2.420993
0,31729,2.459626
0,31730,2.497124
0,31731,2.533524
0,31732,2.56886
0,31733,2.603168
0,31734,2.636482
0,31735,2.668836
0,31736,2.700263
0,31737,2.730794
0,31738,2.760462
0,31739,2.789295
0,31740,2.817323
0,31741,2.844574
0,31742,2.871077
0,31743,2.896857
0,31744,2.921939
0,31745,2.946349
0,31746,2.97011
0,31747,2.993244
0,31748,3.015773
0,31749,3.037717
0,31750,3.059098
0,31751,3.079934
0,31752,3.100244
0,31753,3.120044
0,31754,3.139354
0,31755,3.158187
0,31756,3.176561
0,31757,3.194491
0,31758,3.21199
0,31759,3.229073
0,31760,3.245752
0,31761,3.262041
0,31762,3.277951
0,31763,3.293494
0,31764,3.30868
0,31765,3.32352
0,31766,3.338026
0,31767,3.352207
0,31768,3.366072
0,31769,3.379632
0,31770,3.392894
0,31771,3.405866
0,31772,3.418558
0,31773,3.430976
0,31774,3.443128
0,31775,3.45502
0,31776,3.466661
0,31777,3.478056
0,31778,3.489213
0,31779,3.500138
0,31780,3.510837
0,31781,3.521316
0,31782,3.531579
0,31783,3.541632
0,31784,3.55148
0,31785,3.561126
0,31786,3.570572
0,31787,3.579792
0,31788,3.588638
0,31789,3.596815
0,31790,3.603988
0,31791,3.609861
0,31792,3.614204
0,31793,3.616854
0,31794,3.617707
0,31795,3.616705
0,31796,3.613835
0,31797,3.609099
0,31798,3.602531
0,31799,3.594167
0,31800,3.584045
0,31801,3.572221
0,31802,3.558741
0,31803,3.543661
0,31804,3.527035
0,31805,3.508917
0,31806,3.489364
0,31807,3.468427
0,31808,3.446162
0,31809,3.422619
0,31810,3.397845
0,31811,3.371891
0,31812,3.3448
0,31813,3.316614
0,31814,3.287376
0,31815,3.257123
0,31816,3.225891
0,31817,3.193717
0,31818,3.160635
0,31819,3.126675
0,31820,3.09187
0,31821,3.05625
0,31822,3.019842
0,31823,2.982675
0,31824,2.944774
0,31825,2.906164
0,31826,2.86687
0,31827,2.826913
0,31828,2.786316
0,31829,2.7451
0,31830,2.703284
0,31831,2.660888
0,31832,2.61793
0,31833,2.574427
0,31834,2.530398
0,31835,2.485857
0,31836,2.440821
0,31837,2.395305
0,31838,2.349324
0,31839,2.302897
0,31840,2.256121
0,31841,2.209273
0,31842,2.162731
0,31843,2.116858
0,31844,2.07195
0,31845,2.028219
0,31846,1.985803
0,31847,1.944783
0,31848,1.905194
0,31849,1.867038
0,31850,1.830293
0,31851,1.794924
0,31852,1.760882
0,31853,1.728113
0,31854,1.69656
0,31855,1.666165
0,31856,1.636869
0,31857,1.608616
0,31858,1.581349
0,31859,1.555017
0,31860,1.529568
0,31861,1.504955
0,31862,1.481134
0,31863,1.458062
0,31864,1.4357
0,31865,1.41401
0,31866,1.392958
0,31867,1.372513
0,31868,1.352644
0,31869,1.333322
0,31870,1.314521
0,31871,1.296212
0,31872,1.27837
0,31873,1.26097
0,31874,1.24399
0,31875,1.227411
0,31876,1.211215
0,31877,1.195386
0,31878,1.179909
0,31879,1.164771
0,31880,1.14996
0,31881,1.135463
0,31882,1.12127
0,31883,1.107372
0,31884,1.093758
0,31885,1.08042
0,31886,1.06735
0,31887,1.054539
0,31888,1.041981
0,31889,1.029668
0,31890,1.017594
0,31891,1.005752
0,31892,0.9941359
0,31893,0.98274
0,31894,0.9715588
0,31895,0.9605867
0,31896,0.9498186
0,31897,0.9392495
0,31898,0.9288747
0,31899,0.9186896
0,31900,0.9086898
0,31901,0.8988711
0,31902,0.8892294
0,31903,0.8797607
0,31904,0.870461
0,31905,0.8613269
0,31906,0.8523545
0,31907,0.8435404
0,31908,0.8348812
0,31909,0.8263737
0,31910,0.8180146
0,31911,0.809801
0,31912,0.8017296
0,31913,0.7937977
0,31914,0.7860025
0,31915,0.778341
0,31916,0.7708107
0,31917,0.7634088
0,31918,0.7561329
0,31919,0.7489805
0,31920,0.741949
0,31921,0.7350362
0,31922,0.7282397
0,31923,0.7215573
0,31924,0.7149867
0,31925,0.708526
0,31926,0.7021727
0,31927,0.6959251
0,31928,0.689781
0,31929,0.6837385
0,31930,0.6777957
0,31931,0.6719507
0,31932,0.6662017
0,31933,0.6605468
0,31934,0.6549845
0,31935,0.6495128
0,31936,0.6441302
0,31937,0.638835
0,31938,0.6336255
0,31939,0.6285003
0,31940,0.6234577
0,31941,0.6184964
0,31942,0.6136147
0,31943,0.6088113
0,31944,0.6040847
0,31945,0.5994335
0,31946,0.5948563
0,31947,0.590352
0,31948,0.585919
0,31949,0.5815562
0,31950,0.5772623
0,31951,0.573036
0,31952,0.5688762
0,31953,0.5647817
0,31954,0.5607513
0,31955,0.5567837
0,31956,0.5528781
0,31957,0.5490332
0,31958,0.545248
0,31959,0.5415214
0,31960,0.5378525
0,31961,0.53424
0,31962,0.5306832
0,31963,0.5271809
0,31964,0.5237323
0,31965,0.5203364
0,31966,0.5169922
0,31967,0.5136989
0,31968,0.5104557
0,31969,0.5072615
0,31970,0.5041155
0,31971,0.501017
0,31972,0.497965
0,31973,0.4949589
0,31974,0.4919977
0,31975,0.4890807
0,31976,0.4862071
0,31977,0.4833762
0,31978,0.4805873
0,31979,0.4778395
0,31980,0.4751323
0,31981,0.4724648
0,31982,0.4698365
0,31983,0.4672466
0,31984,0.4646945
0,31985,0.4621795
0,31986,0.459701
0,31987,0.4572583
0,31988,0.4548509
0,31989,0.4524781
0,31990,0.4501393
0,31991,0.4478341
0,31992,0.4455616
0,31993,0.4433216
0,31994,0.4411133
0,31995,0.4389361
0,31996,0.4367898
0,31997,0.4346735
0,31998,0.4325869
0,31999,0.4305294
0,32000,0.4285006
0,32001,0.4265
0,32002,0.424527
0,32003,0.4225812
0,32004,0.4206622
0,32005,0.4187694
0,32006,0.4169025
0,32007,0.415061
0,32008,0.4132445
0,32009,0.4114525
0,32010,0.4096846
0,32011,0.4079405
0,32012,0.4062197
0,32013,0.4045218
0,32014,0.4028465
0,32015,0.4011933
0,32016,0.3995618
0,32017,0.3979518
0,32018,0.3963629
0,32019,0.3947946
0,32020,0.3932467
0,32021,0.3917188
0,32022,0.3902106
0,32023,0.3887217
0,32024,0.3872518
0,32025,0.3858007
0,32026,0.3843679
0,32027,0.3829531
0,32028,0.3815562
0,32029,0.3801767
0,32030,0.3788143
0,32031,0.3774689
0,32032,0.3761401
0,32033,0.3748276
0,32034,0.3735312
0,32035,0.3722505
0,32036,0.3709854
0,32037,0.3697356
0,32038,0.3685007
0,32039,0.3672807
0,32040,0.3660751
0,32041,0.3648838
0,32042,0.3637066
0,32043,0.3625432
0,32044,0.3613933
0,32045,0.3602568
0,32046,0.3591335
0,32047,0.358023
0,32048,0.3569252
0,32049,0.35584
0,32050,0.354767
0,32051,0.3537061
0,32052,0.3526571
0,32053,0.3516198
0,32054,0.350594
0,32055,0.3495795
0,32056,0.3485761
0,32057,0.3475836
0,32058,0.3466019
0,32059,0.3456308
0,32060,0.3446701
0,32061,0.3437196
0,32062,0.3427792
0,32063,0.3418488
0,32064,0.340928
0,32065,0.3400169
0,32066,0.3391152
0,32067,0.3382228
0,32068,0.3373395
0,32069,0.3364652
0,32070,0.3355997
0,32071,0.3347429
0,32072,0.3338947
0,32073,0.3330548
0,32074,0.3322233
0,32075,0.3313999
0,32076,0.3305846
0,32077,0.3297771
0,32078,0.3289773
0,32079,0.3281853
0,32080,0.3274007
0,32081,0.3266235
0,32082,0.3258536
0,32083,0.3250908
0,32084,0.3243351
0,32085,0.3235864
0,32086,0.3228444
0,32087,0.3221092
0,32088,0.3213806
0,32089,0.3206585
0,32090,0.3199427
0,32091,0.3192333
0,32092,0.3185301
0,32093,0.317833
0,32094,0.317142
0,32095,0.3164568
0,32096,0.3157774
0,32097,0.3151038
0,32098,0.3144358
0,32099,0.3137734
0,32100,0.3131164
0,32101,0.3124648
0,32102,0.3118186
0,32103,0.3111775
0,32104,0.3105416
0,32105,0.3099107
0,32106,0.3092848
0,32107,0.3086638
0,32108,0.3080477
0,32109,0.3074363
0,32110,0.3068296
0,32111,0.3062275
0,32112,0.3056299
0,32113,0.3050368
0,32114,0.3044481
0,32115,0.3038638
0,32116,0.3032837
0,32117,0.3027079
0,32118,0.3021361
0,32119,0.3015685
0,32120,0.3010049
0,32121,0.3004452
0,32122,0.2998894
0,32123,0.2993375
0,32124,0.2987894
0,32125,0.298245
0,32126,0.2977042
0,32127,0.2971672
0,32128,0.2966336
0,32129,0.2961036
0,32130,0.295577
0,32131,0.2950539
0,32132,0.2945341
0,32133,0.2940177
0,32134,0.2935045
0,32135,0.2929945
0,32136,0.2924877
0,32137,0.291984
0,32138,0.2914834
0,32139,0.2909859
0,32140,0.2904913
0,32141,0.2899997
0,32142,0.2895111
0,32143,0.2890252
0,32144,0.2885422
0,32145,0.288062
0,32146,0.2875846
0,32147,0.2871099
0,32148,0.2866378
0,32149,0.2861684
0,32150,0.2857016
0,32151,0.2852373
0,32152,0.2847756
0,32153,0.2843164
0,32154,0.2838596
0,32155,0.2834052
0,32156,0.2829533
0,32157,0.2825037
0,32158,0.2820565
0,32159,0.2816115
0,32160,0.2811688
0,32161,0.2807284
0,32162,0.2802901
0,32163,0.2798541
0,32164,0.2794201
0,32165,0.2789883
0,32166,0.2785586
0,32167,0.278131
0,32168,0.2777054
0,32169,0.2772819
0,32170,0.2768602
0,32171,0.2764406
0,32172,0.2760229
0,32173,0.2756071
0,32174,0.2751932
0,32175,0.2747812
0,32176,0.274371
0,32177,0.2739626
0,32178,0.2735561
0,32179,0.2731512
0,32180,0.2727482
0,32181,0.2723468
0,32182,0.2719472
0,32183,0.2715493
0,32184,0.271153
0,32185,0.2707584
0,32186,0.2703653
0,32187,0.2699739
0,32188,0.2695841
0,32189,0.2691959
0,32190,0.2688092
0,32191,0.268424
0,32192,0.2680404
0,32193,0.2676582
0,32194,0.2672775
0,32195,0.2668983
0,32196,0.2665205
0,32197,0.2661442
0,32198,0.2657692
0,32199,0.2653957
0,32200,0.2650235
0,32201,0.2646527
0,32202,0.2642832
0,32203,0.2639152
0,32204,0.2635483
0,32205,0.2631828
0,32206,0.2628186
0,32207,0.2624557
0,32208,0.2620941
0,32209,0.2617336
0,32210,0.2613744
0,32211,0.2610165
0,32212,0.2606597
0,32213,0.2603042
0,32214,0.2599498
0,32215,0.2595966
0,32216,0.2592446
0,32217,0.2588937
0,32218,0.258544
0,32219,0.2581953
0,32220,0.2578478
0,32221,0.2575014
0,32222,0.2571561
0,32223,0.2568119
0,32224,0.2564687
0,32225,0.2561266
0,32226,0.2557855
0,32227,0.2554454
0,32228,0.2551064
0,32229,0.2547684
0,32230,0.2544314
0,32231,0.2540954
0,32232,0.2537604
0,32233,0.2534264
0,32234,0.2530934
0,32235,0.2527613
0,32236,0.2524301
0,32237,0.2520999
0,32238,0.2517706
0,32239,0.2514423
0,32240,0.2511149
0,32241,0.2507884
0,32242,0.2504628
0,32243,0.250138
0,32244,0.2498142
0,32245,0.2494913
0,32246,0.2491692
0,32247,0.248848
0,32248,0.2485276
0,32249,0.2482081
0,32250,0.2478894
0,32251,0.2475716
0,32252,0.2472546
0,32253,0.2469385
0,32254,0.2466231
0,32255,0.2463085
0,32256,0.2459948
0,32257,0.2456819
0,32258,0.2453697
0,32259,0.2450583
0,32260,0.2447477
0,32261,0.2444379
0,32262,0.2441288
0,32263,0.2438205
0,32264,0.243513
0,32265,0.2432062
0,32266,0.2429002
0,32267,0.2425949
0,32268,0.2422903
0,32269,0.2419865
0,32270,0.2416834
0,32271,0.241381
0,32272,0.2410793
0,32273,0.2407783
0,32274,0.240478
0,32275,0.2401784
0,32276,0.2398796
0,32277,0.2395814
0,32278,0.2392838
0,32279,0.238987
0,32280,0.2386909
0,32281,0.2383954
0,32282,0.2381006
0,32283,0.2378064
0,32284,0.2375129
0,32285,0.2372201
0,32286,0.2369279
0,32287,0.2366364
0,32288,0.2363454
0,32289,0.2360552
0,32290,0.2357655
0,32291,0.2354765
0,32292,0.2351882
0,32293,0.2349004
0,32294,0.2346132
0,32295,0.2343267
0,32296,0.2340408
0,32297,0.2337555
0,32298,0.2334707
0,32299,0.2331866
0,32300,0.2329031
0,32301,0.2326202
0,32302,0.2323379
0,32303,0.2320562
0,32304,0.231775
0,32305,0.2314944
0,32306,0.2312144
0,32307,0.230935
0,32308,0.2306562
0,32309,0.2303779
0,32310,0.2301002
0,32311,0.229823
0,32312,0.2295464
0,32313,0.2292704
0,32314,0.2289949
0,32315,0.2287199
0,32316,0.2284455
0,32317,0.2281716
0,32318,0.2278983
0,32319,0.2276255
0,32320,0.2273533
0,32321,0.2270816
0,32322,0.2268104
0,32323,0.2265397
0,32324,0.2262696
0,32325,0.226
0,32326,0.225731
0,32327,0.2254624
0,32328,0.2251944
0,32329,0.2249269
0,32330,0.2246598
0,32331,0.2243933
0,32332,0.2241273
0,32333,0.2238618
0,32334,0.2235968
0,32335,0.2233323
0,32336,0.2230683
0,32337,0.2228048
0,32338,0.2225418
0,32339,0.2222793
0,32340,0.2220172
0,32341,0.2217557
0,32342,0.2214947
0,32343,0.2212341
0,32344,0.220974
0,32345,0.2207144
0,32346,0.2204553
0,32347,0.2201966
0,32348,0.2199384
0,32349,0.2196807
0,32350,0.2194235
0,32351,0.2191667
0,32352,0.2189104
0,32353,0.2186546
0,32354,0.2183992
0,32355,0.2181443
0,32356,0.2178898
0,32357,0.2176358
0,32358,0.2173823
0,32359,0.2171292
0,32360,0.2168766
0,32361,0.2166244
0,32362,0.2163727
0,32363,0.2161214
0,32364,0.2158706
0,32365,0.2156202
0,32366,0.2153703
0,32367,0.2151208
0,32368,0.2148717
0,32369,0.2146231
0,32370,0.2143749
0,32371,0.2141272
0,32372,0.2138799
0,32373,0.213633
0,32374,0.2133866
0,32375,0.2131405
0,32376,0.212895
0,32377,0.2126498
0,32378,0.2124051
0,32379,0.2121608
0,32380,0.2119169
0,32381,0.2116735
0,32382,0.2114305
0,32383,0.2111879
0,32384,0.2109457
0,32385,0.2107039
0,32386,0.2104626
0,32387,0.2102216
0,32388,0.2099811
0,32389,0.209741
0,32390,0.2095013
0,32391,0.209262
0,32392,0.2090231
0,32393,0.2087846
0,32394,0.2085466
0,32395,0.2083089
0,32396,0.2080716
0,32397,0.2078348
0,32398,0.2075983
0,32399,0.2073623
0,32400,0.2071266
0,32401,0.2068914
0,32402,0.2066565
0,32403,0.2064221
0,32404,0.206188
0,32405,0.2059544
0,32406,0.2057211
0,32407,0.2054882
0,32408,0.2052557
0,32409,0.2050236
0,32410,0.2047919
0,32411,0.2045606
0,32412,0.2043297
0,32413,0.2040991
0,32414,0.203869
0,32415,0.2036392
0,32416,0.2034098
0,32417,0.2031808
0,32418,0.2029521
0,32419,0.2027239
0,32420,0.202496
0,32421,0.2022685
0,32422,0.2020413
0,32423,0.2018146
0,32424,0.2015882
0,32425,0.2013621
0,32426,0.2011365
0,32427,0.2009112
0,32428,0.2006863
0,32429,0.2004618
0,32430,0.2002376
0,32431,0.2000139
0,32432,0.1997905
0,32433,0.1995674
0,32434,0.1993447
0,32435,0.1991224
0,32436,0.1989005
0,32437,0.1986789
0,32438,0.1984577
0,32439,0.1982368
0,32440,0.1980163
0,32441,0.1977961
0,32442,0.1975763
0,32443,0.1973569
0,32444,0.1971378
0,32445,0.1969191
0,32446,0.1967007
0,32447,0.1964827
0,32448,0.196265
0,32449,0.1960477
0,32450,0.1958307
0,32451,0.1956141
0,32452,0.1953978
0,32453,0.1951819
0,32454,0.1949663
0,32455,0.194751
0,32456,0.1945361
0,32457,0.1943215
0,32458,0.1941073
0,32459,0.1938934
0,32460,0.1936799
0,32461,0.1934668
0,32462,0.1932539
0,32463,0.1930415
0,32464,0.1928293
0,32465,0.1926175
0,32466,0.1924061
0,32467,0.1921949
0,32468,0.1919841
0,32469,0.1917737
0,32470,0.1915635
0,32471,0.1913538
0,32472,0.1911443
0,32473,0.1909352
0,32474,0.1907264
0,32475,0.1905179
0,32476,0.1903098
0,32477,0.190102
0,32478,0.1898945
0,32479,0.1896873
0,32480,0.1894805
0,32481,0.189274
0,32482,0.1890678
0,32483,0.188862
0,32484,0.1886564
0,32485,0.1884512
0,32486,0.1882464
0,32487,0.1880418
0,32488,0.1878375
0,32489,0.1876336
0,32490,0.18743
0,32491,0.1872267
0,32492,0.1870238
0,32493,0.1868212
0,32494,0.1866188
0,32495,0.1864168
0,32496,0.1862152
0,32497,0.1860138
0,32498,0.1858127
0,32499,0.185612
0,32500,0.1854116
0,32501,0.1852115
0,32502,0.1850117
0,32503,0.1848122
0,32504,0.184613
0,32505,0.1844142
0,32506,0.1842156
0,32507,0.1840174
0,32508,0.1838194
0,32509,0.1836218
0,32510,0.1834245
0,32511,0.1832275
0,32512,0.1830308
0,32513,0.1828344
0,32514,0.1826383
0,32515,0.1824425
0,32516,0.182247
0,32517,0.1820518
0,32518,0.1818569
0,32519,0.1816623
0,32520,0.1814681
0,32521,0.1812741
0,32522,0.1810804
0,32523,0.180887
0,32524,0.180694
0,32525,0.1805012
0,32526,0.1803087
0,32527,0.1801165
0,32528,0.1799246
0,32529,0.179733
0,32530,0.1795418
0,32531,0.1793507
0,32532,0.17916
0,32533,0.1789696
0,32534,0.1787795
0,32535,0.1785897
0,32536,0.1784002
0,32537,0.1782109
0,32538,0.178022
0,32539,0.1778333
0,32540,0.177645
0,32541,0.1774569
0,32542,0.1772691
0,32543,0.1770816
0,32544,0.1768944
0,32545,0.1767075
0,32546,0.1765208
0,32547,0.1763345
0,32548,0.1761484
0,32549,0.1759626
0,32550,0.1757772
0,32551,0.1755919
0,32552,0.175407
0,32553,0.1752224
0,32554,0.175038
0,32555,0.1748539
0,32556,0.1746701
0,32557,0.1744866
0,32558,0.1743034
0,32559,0.1741204
0,32560,0.1739377
0,32561,0.1737553
0,32562,0.1735732
0,32563,0.1733914
0,32564,0.1732098
0,32565,0.1730285
0,32566,0.1728475
0,32567,0.1726668
0,32568,0.1724863
0,32569,0.1723061
0,32570,0.1721262
0,32571,0.1719466
0,32572,0.1717672
0,32573,0.1715881
0,32574,0.1714092
0,32575,0.1712307
0,32576,0.1710524
0,32577,0.1708744
0,32578,0.1706966
0,32579,0.1705192
0,32580,0.170342
0,32581,0.170165
0,32582,0.1699883
0,32583,0.1698119
0,32584,0.1696358
0,32585,0.1694599
0,32586,0.1692843
0,32587,0.169109
0,32588,0.1689339
0,32589,0.1687591
0,32590,0.1685846
0,32591,0.1684103
0,32592,0.1682363
0,32593,0.1680625
0,32594,0.167889
0,32595,0.1677157
0,32596,0.1675428
0,32597,0.1673701
0,32598,0.1671976
0,32599,0.1670254
0,32600,0.1668534
0,32601,0.1666818
0,32602,0.1665103
0,32603,0.1663392
0,32604,0.1661682
0,32605,0.1659976
0,32606,0.1658272
0,32607,0.165657
0,32608,0.1654871
0,32609,0.1653175
0,32610,0.1651481
0,32611,0.164979
0,32612,0.1648101
0,32613,0.1646414
0,32614,0.1644731
0,32615,0.1643049
0,32616,0.1641371
0,32617,0.1639694
0,32618,0.1638021
0,32619,0.1636349
0,32620,0.163468
0,32621,0.1633014
0,32622,0.163135
0,32623,0.1629689
0,32624,0.162803
0,32625,0.1626374
0,32626,0.162472
0,32627,0.1623068
0,32628,0.1621419
0,32629,0.1619772
0,32630,0.1618128
0,32631,0.1616487
0,32632,0.1614847
0,32633,0.161321
0,32634,0.1611576
0,32635,0.1609944
0,32636,0.1608314
0,32637,0.1606687
0,32638,0.1605062
0,32639,0.160344
0,32640,0.160182
0,32641,0.1600202
0,32642,0.1598587
0,32643,0.1596974
0,32644,0.1595363
0,32645,0.1593755
0,32646,0.159215
0,32647,0.1590546
0,32648,0.1588945
0,32649,0.1587347
0,32650,0.158575
0,32651,0.1584156
0,32652,0.1582565
0,32653,0.1580975
0,32654,0.1579389
0,32655,0.1577804
0,32656,0.1576222
0,32657,0.1574642
0,32658,0.1573064
0,32659,0.1571489
0,32660,0.1569916
0,32661,0.1568345
0,32662,0.1566776
0,32663,0.156521
0,32664,0.1563646
0,32665,0.1562085
0,32666,0.1560526
0,32667,0.1558969
0,32668,0.1557414
0,32669,0.1555862
0,32670,0.1554312
0,32671,0.1552764
0,32672,0.1551218
0,32673,0.1549675
0,32674,0.1548133
0,32675,0.1546595
0,32676,0.1545058
0,32677,0.1543524
0,32678,0.1541991
0,32679,0.1540461
0,32680,0.1538934
0,32681,0.1537408
0,32682,0.1535885
0,32683,0.1534364
0,32684,0.1532845
0,32685,0.1531328
0,32686,0.1529814
0,32687,0.1528301
0,32688,0.1526791
0,32689,0.1525283
0,32690,0.1523778
0,32691,0.1522274
0,32692,0.1520773
0,32693,0.1519274
0,32694,0.1517777
0,32695,0.1516282
0,32696,0.1514789
0,32697,0.1513298
0,32698,0.151181
0,32699,0.1510324
0,32700,0.150884
0,32701,0.1507358
0,32702,0.1505878
0,32703,0.1504401
0,32704,0.1502925
0,32705,0.1501452
0,32706,0.149998
0,32707,0.1498511
0,32708,0.1497044
0,32709,0.1495579
0,32710,0.1494117
0,32711,0.1492656
0,32712,0.1491197
0,32713,0.1489741
0,32714,0.1488287
0,32715,0.1486834
0,32716,0.1485384
0,32717,0.1483936
0,32718,0.148249
0,32719,0.1481046
0,32720,0.1479604
0,32721,0.1478164
0,32722,0.1476727
0,32723,0.1475291
0,32724,0.1473857
0,32725,0.1472425
0,32726,0.1470996
0,32727,0.1469568
0,32728,0.1468143
0,32729,0.1466719
0,32730,0.1465298
0,32731,0.1463878
0,32732,0.1462461
0,32733,0.1461045
0,32734,0.1459632
0,32735,0.1458221
0,32736,0.1456811
0,32737,0.1455404
0,32738,0.1453999
0,32739,0.1452595
0,32740,0.1451194
0,32741,0.1449795
0,32742,0.1448397
0,32743,0.1447002
0,32744,0.1445609
0,32745,0.1444217
0,32746,0.1442828
0,32747,0.1441441
0,32748,0.1440055
0,32749,0.1438672
0,32750,0.143729
0,32751,0.143591
0,32752,0.1434533
0,32753,0.1433157
0,32754,0.1431783
0,32755,0.1430412
0,32756,0.1429042
0,32757,0.1427674
0,32758,0.1426308
0,32759,0.1424944
0,32760,0.1423582
0,32761,0.1422222
0,32762,0.1420864
0,32763,0.1419507
0,32764,0.1418153
0,32765,0.14168
0,32766,0.141545
0,32767,0.1414101
0,32768,0.1412754
0,32769,0.1411409
0,32770,0.1410066
0,32771,0.1408725
0,32772,0.1407386
0,32773,0.1406049
0,32774,0.1404713
0,32775,0.1403379
0,32776,0.1402048
0,32777,0.1400718
0,32778,0.139939
0,32779,0.1398063
0,32780,0.1396739
0,32781,0.1395417
0,32782,0.1394096
0,32783,0.1392777
0,32784,0.139146
0,32785,0.1390145
0,32786,0.1388832
0,32787,0.1387521
0,32788,0.1386211
0,32789,0.1384903
0,32790,0.1383597
0,32791,0.1382293
0,32792,0.1380991
0,32793,0.1379691
0,32794,0.1378392
0,32795,0.1377095
0,32796,0.13758
0,32797,0.1374507
0,32798,0.1373215
0,32799,0.1371926
0,32800,0.1370638
0,32801,0.1369352
0,32802,0.1368068
0,32803,0.1366785
0,32804,0.1365504
0,32805,0.1364225
0,32806,0.1362948
0,32807,0.1361673
0,32808,0.1360399
0,32809,0.1359128
0,32810,0.1357857
0,32811,0.1356589
0,32812,0.1355323
0,32813,0.1354058
0,32814,0.1352795
0,32815,0.1351534
0,32816,0.1350274
0,32817,0.1349016
0,32818,0.134776
0,32819,0.1346506
0,32820,0.1345253
0,32821,0.1344002
0,32822,0.1342753
0,32823,0.1341505
0,32824,0.1340259
0,32825,0.1339015
0,32826,0.1337773
0,32827,0.1336532
0,32828,0.1335294
0,32829,0.1334056
0,32830,0.1332821
0,32831,0.1331587
0,32832,0.1330355
0,32833,0.1329124
0,32834,0.1327896
0,32835,0.1326669
0,32836,0.1325443
0,32837,0.1324219
0,32838,0.1322997
0,32839,0.1321777
0,32840,0.1320558
0,32841,0.1319341
0,32842,0.1318126
0,32843,0.1316912
0,32844,0.13157
0,32845,0.131449
0,32846,0.1313281
0,32847,0.1312074
0,32848,0.1310868
0,32849,0.1309665
0,32850,0.1308462
0,32851,0.1307262
0,32852,0.1306063
0,32853,0.1304866
0,32854,0.130367
0,32855,0.1302476
0,32856,0.1301284
0,32857,0.1300093
0,32858,0.1298904
0,32859,0.1297716
0,32860,0.129653
0,32861,0.1295346
0,32862,0.1294163
0,32863,0.1292982
0,32864,0.1291803
0,32865,0.1290625
0,32866,0.1289448
0,32867,0.1288274
0,32868,0.12871
0,32869,0.1285929
0,32870,0.1284759
0,32871,0.128359
0,32872,0.1282424
0,32873,0.1281258
0,32874,0.1280095
0,32875,0.1278933
0,32876,0.1277772
0,32877,0.1276613
0,32878,0.1275456
0,32879,0.12743
0,32880,0.1273146
0,32881,0.1271993
0,32882,0.1270842
0,32883,0.1269692
0,32884,0.1268544
0,32885,0.1267397
0,32886,0.1266252
0,32887,0.1265109
0,32888,0.1263967
0,32889,0.1262826
0,32890,0.1261687
0,32891,0.126055
0,32892,0.1259414
0,32893,0.125828
0,32894,0.1257147
0,32895,0.1256016
0,32896,0.1254886
0,32897,0.1253758
0,32898,0.1252631
0,32899,0.1251505
0,32900,0.1250382
0,32901,0.1249259
0,32902,0.1248139
0,32903,0.1247019
0,32904,0.1245902
0,32905,0.1244785
0,32906,0.1243671
0,32907,0.1242557
0,32908,0.1241445
0,32909,0.1240335
0,32910,0.1239226
0,32911,0.1238119
0,32912,0.1237013
0,32913,0.1235908
0,32914,0.1234805
0,32915,0.1233704
0,32916,0.1232604
0,32917,0.1231505
0,32918,0.1230408
0,32919,0.1229312
0,32920,0.1228218
0,32921,0.1227125
0,32922,0.1226034
0,32923,0.1224944
0,32924,0.1223855
0,32925,0.1222768
0,32926,0.1221683
0,32927,0.1220598
0,32928,0.1219516
0,32929,0.1218434
0,32930,0.1217354
0,32931,0.1216276
0,32932,0.1215199
0,32933,0.1214123
0,32934,0.1213049
0,32935,0.1211976
0,32936,0.1210904
0,32937,0.1209834
0,32938,0.1208766
0,32939,0.1207699
0,32940,0.1206633
0,32941,0.1205568
0,32942,0.1204505
0,32943,0.1203444
0,32944,0.1202384
0,32945,0.1201325
0,32946,0.1200267
0,32947,0.1199211
0,32948,0.1198156
0,32949,0.1197103
0,32950,0.1196051
0,32951,0.1195001
0,32952,0.1193952
0,32953,0.1192904
0,32954,0.1191857
0,32955,0.1190812
0,32956,0.1189768
0,32957,0.1188726
0,32958,0.1187685
0,32959,0.1186645
0,32960,0.1185607
0,32961,0.118457
0,32962,0.1183535
0,32963,0.11825
0,32964,0.1181468
0,32965,0.1180436
0,32966,0.1179406
0,32967,0.1178377
0,32968,0.1177349
0,32969,0.1176323
0,32970,0.1175298
0,32971,0.1174275
0,32972,0.1173253
0,32973,0.1172232
0,32974,0.1171212
0,32975,0.1170194
0,32976,0.1169177
0,32977,0.1168161
0,32978,0.1167147
0,32979,0.1166134
0,32980,0.1165122
0,32981,0.1164112
0,32982,0.1163103
0,32983,0.1162095
0,32984,0.1161089
0,32985,0.1160083
0,32986,0.1159079
0,32987,0.1158077
0,32988,0.1157076
0,32989,0.1156075
0,32990,0.1155077
0,32991,0.1154079
0,32992,0.1153083
0,32993,0.1152088
0,32994,0.1151094
0,32995,0.1150102
0,32996,0.1149111
0,32997,0.1148121
0,32998,0.1147133
0,32999,0.1146145
0,33000,0.1145159
0,33001,0.1144174
0,33002,0.1143191
0,33003,0.1142209
0,33004,0.1141228
0,33005,0.1140248
0,33006,0.113927
0,33007,0.1138292
0,33008,0.1137316
0,33009,0.1136342
0,33010,0.1135368
0,33011,0.1134396
0,33012,0.1133425
0,33013,0.1132455
0,33014,0.1131486
0,33015,0.1130519
0,33016,0.1129553
0,33017,0.1128588
0,33018,0.1127624
0,33019,0.1126662
0,33020,0.1125701
0,33021,0.1124741
0,33022,0.1123782
0,33023,0.1122824
0,33024,0.1121868
0,33025,0.1120913
0,33026,0.1119959
0,33027,0.1119006
0,33028,0.1118055
0,33029,0.1117105
0,33030,0.1116155
0,33031,0.1115208
0,33032,0.1114261
0,33033,0.1113315
0,33034,0.1112371
0,33035,0.1111428
0,33036,0.1110486
0,33037,0.1109545
0,33038,0.1108606
0,33039,0.1107667
0,33040,0.110673
0,33041,0.1105794
0,33042,0.1104859
0,33043,0.1103926
0,33044,0.1102993
0,33045,0.1102062
0,33046,0.1101132
0,33047,0.1100203
0,33048,0.1099275
0,33049,0.1098348
0,33050,0.1097423
0,33051,0.1096498
0,33052,0.1095575
0,33053,0.1094653
0,33054,0.1093732
0,33055,0.1092812
0,33056,0.1091894
0,33057,0.1090976
0,33058,0.109006
0,33059,0.1089145
0,33060,0.1088231
0,33061,0.1087318
0,33062,0.1086406
0,33063,0.1085495
0,33064,0.1084586
0,33065,0.1083677
0,33066,0.108277
0,33067,0.1081864
0,33068,0.1080959
0,33069,0.1080055
0,33070,0.1079153
0,33071,0.1078251
0,33072,0.107735
0,33073,0.1076451
0,33074,0.1075553
0,33075,0.1074656
0,33076,0.107376
0,33077,0.1072865
0,33078,0.1071971
0,33079,0.1071078
0,33080,0.1070187
0,33081,0.1069296
0,33082,0.1068407
0,33083,0.1067518
0,33084,0.1066631
0,33085,0.1065745
0,33086,0.106486
0,33087,0.1063976
0,33088,0.1063093
0,33089,0.1062211
0,33090,0.1061331
0,33091,0.1060451
0,33092,0.1059573
0,33093,0.1058695
0,33094,0.1057819
0,33095,0.1056944
0,33096,0.1056069
0,33097,0.1055196
0,33098,0.1054324
0,33099,0.1053453
0,33100,0.1052583
0,33101,0.1051714
0,33102,0.1050847
0,33103,0.104998
0,33104,0.1049114
0,33105,0.1048249
0,33106,0.1047386
0,33107,0.1046523
0,33108,0.1045662
0,33109,0.1044801
0,33110,0.1043942
0,33111,0.1043084
0,33112,0.1042226
0,33113,0.104137
0,33114,0.1040515
0,33115,0.1039661
0,33116,0.1038808
0,33117,0.1037956
0,33118,0.1037105
0,33119,0.1036255
0,33120,0.1035406
0,33121,0.1034567
0,33122,0.1034594
0,33123,0.1041091
0,33124,0.1065432
0,33125,0.1121114
0,33126,0.1220635
0,33127,0.1373862
0,33128,0.1587333
0,33129,0.186421
0,33130,0.2204575
0,33131,0.2606005
0,33132,0.3064234
0,33133,0.3573781
0,33134,0.4128507
0,33135,0.472203
0,33136,0.5348036
0,33137,0.6000489
0,33138,0.6673746
0,33139,0.7362636
0,33140,0.8062488
0,33141,0.876913
0,33142,0.9478874
0,33143,1.018849
0,33144,1.089519
0,33145,1.159654
0,33146,1.229052
0,33147,1.297538
0,33148,1.364969
0,33149,1.431227
0,33150,1.496215
0,33151,1.559859
0,33152,1.6221
0,33153,1.682897
0,33154,1.742218
0,33155,1.800048
0,33156,1.856377
0,33157,1.911209
0,33158,1.964549
0,33159,2.016414
0,33160,2.066822
0,33161,2.115796
0,33162,2.163363
0,33163,2.209553
0,33164,2.254397
0,33165,2.297928
0,33166,2.340181
0,33167,2.381191
0,33168,2.420995
0,33169,2.459627
0,33170,2.497125
0,33171,2.533525
0,33172,2.568861
0,33173,2.603169
0,33174,2.636483
0,33175,2.668837
0,33176,2.700264
0,33177,2.730796
0,33178,2.760463
0,33179,2.789296
0,33180,2.817324
0,33181,2.844576
0,33182,2.871078
0,33183,2.896858
0,33184,2.921941
0,33185,2.946351
0,33186,2.970112
0,33187,2.993245
0,33188,3.015774
0,33189,3.037718
0,33190,3.059099
0,33191,3.079935
0,33192,3.100245
0,33193,3.120046
0,33194,3.139355
0,33195,3.158189
0,33196,3.176563
0,33197,3.194492
0,33198,3.211991
0,33199,3.229074
0,33200,3.245754
0,33201,3.262043
0,33202,3.277952
0,33203,3.293495
0,33204,3.308681
0,33205,3.323522
0,33206,3.338027
0,33207,3.352208
0,33208,3.366074
0,33209,3.379633
0,33210,3.392895
0,33211,3.405868
0,33212,3.41856
0,33213,3.430977
0,33214,3.443129
0,33215,3.455022
0,33216,3.466662
0,33217,3.478058
0,33218,3.489215
0,33219,3.50014
0,33220,3.510839
0,33221,3.521317
0,33222,3.53158
0,33223,3.541634
0,33224,3.551482
0,33225,3.561128
0,33226,3.570574
0,33227,3.579794
0,33228,3.588639
0,33229,3.596816
0,33230,3.60399
0,33231,3.609862
0,33232,3.614205
0,33233,3.616855
0,33234,3.617709
0,33235,3.616706
0,33236,3.613837
0,33237,3.609101
0,33238,3.602532
0,33239,3.594168
0,33240,3.584046
0,33241,3.572222
0,33242,3.558743
0,33243,3.543662
0,33244,3.527036
0,33245,3.508919
0,33246,3.489366
0,33247,3.468428
0,33248,3.446163
0,33249,3.42262
0,33250,3.397846
0,33251,3.371893
0,33252,3.344801
0,33253,3.316616
0,33254,3.287377
0,33255,3.257124
0,33256,3.225893
0,33257,3.193718
0,33258,3.160636
0,33259,3.126676
0,33260,3.091872
0,33261,3.056252
0,33262,3.019844
0,33263,2.982677
0,33264,2.944775
0,33265,2.906166
0,33266,2.866871
0,33267,2.826915
0,33268,2.786317
0,33269,2.745101
0,33270,2.703285
0,33271,2.66089
0,33272,2.617932
0,33273,2.574429
0,33274,2.530399
0,33275,2.485859
0,33276,2.440823
0,33277,2.395307
0,33278,2.349325
0,33279,2.302898
0,33280,2.256123
0,33281,2.209275
0,33282,2.162732
0,33283,2.11686
0,33284,2.071951
0,33285,2.02822
0,33286,1.985804
0,33287,1.944784
0,33288,1.905195
0,33289,1.867039
0,33290,1.830295
0,33291,1.794925
0,33292,1.760883
0,33293,1.728114
0,33294,1.696562
0,33295,1.666167
0,33296,1.636871
0,33297,1.608617
0,33298,1.581351
0,33299,1.555018
0,33300,1.529569
0,33301,1.504957
0,33302,1.481135
0,33303,1.458063
0,33304,1.435701
0,33305,1.414011
0,33306,1.39296
0,33307,1.372514
0,33308,1.352645
0,33309,1.333323
0,33310,1.314522
0,33311,1.296213
0,33312,1.278371
0,33313,1.260971
0,33314,1.243991
0,33315,1.227412
0,33316,1.211216
0,33317,1.195387
0,33318,1.179911
0,33319,1.164773
0,33320,1.149961
0,33321,1.135464
0,33322,1.121271
0,33323,1.107373
0,33324,1.093759
0,33325,1.080421
0,33326,1.067351
0,33327,1.054541
0,33328,1.041983
0,33329,1.02967
0,33330,1.017595
0,33331,1.005753
0,33332,0.9941372
0,33333,0.9827414
0,33334,0.9715601
0,33335,0.9605881
0,33336,0.9498199
0,33337,0.9392508
0,33338,0.928876
0,33339,0.9186909
0,33340,0.9086912
0,33341,0.8988724
0,33342,0.8892307
0,33343,0.879762
0,33344,0.8704624
0,33345,0.8613282
0,33346,0.8523558
0,33347,0.8435417
0,33348,0.8348826
0,33349,0.826375
0,33350,0.818016
0,33351,0.8098023
0,33352,0.801731
0,33353,0.7937991
0,33354,0.7860038
0,33355,0.7783423
0,33356,0.770812
0,33357,0.7634102
0,33358,0.7561342
0,33359,0.7489818
0,33360,0.7419503
0,33361,0.7350375
0,33362,0.728241
0,33363,0.7215586
0,33364,0.7149881
0,33365,0.7085273
0,33366,0.7021741
0,33367,0.6959264
0,33368,0.6897823
0,33369,0.6837398
0,33370,0.677797
0,33371,0.671952
0,33372,0.666203
0,33373,0.6605482
0,33374,0.6549858
0,33375,0.6495141
0,33376,0.6441315
0,33377,0.6388363
0,33378,0.6336268
0,33379,0.6285016
0,33380,0.6234591
0,33381,0.6184977
0,33382,0.613616
0,33383,0.6088126
0,33384,0.604086
0,33385,0.5994348
0,33386,0.5948577
0,33387,0.5903533
0,33388,0.5859203
0,33389,0.5815575
0,33390,0.5772637
0,33391,0.5730374
0,33392,0.5688776
0,33393,0.564783
0,33394,0.5607526
0,33395,0.5567851
0,33396,0.5528795
0,33397,0.5490346
0,33398,0.5452493
0,33399,0.5415228
0,33400,0.5378538
0,33401,0.5342413
0,33402,0.5306845
0,33403,0.5271822
0,33404,0.5237336
0,33405,0.5203377
0,33406,0.5169935
0,33407,0.5137002
0,33408,0.510457
0,33409,0.5072628
0,33410,0.5041168
0,33411,0.5010183
0,33412,0.4979663
0,33413,0.4949602
0,33414,0.491999
0,33415,0.489082
0,33416,0.4862084
0,33417,0.4833775
0,33418,0.4805886
0,33419,0.4778408
0,33420,0.4751336
0,33421,0.4724661
0,33422,0.4698378
0,33423,0.4672479
0,33424,0.4646958
0,33425,0.4621808
0,33426,0.4597023
0,33427,0.4572596
0,33428,0.4548522
0,33429,0.4524794
0,33430,0.4501407
0,33431,0.4478354
0,33432,0.445563
0,33433,0.4433229
0,33434,0.4411146
0,33435,0.4389375
0,33436,0.4367911
0,33437,0.4346748
0,33438,0.4325882
0,33439,0.4305308
0,33440,0.4285019
0,33441,0.4265013
0,33442,0.4245283
0,33443,0.4225825
0,33444,0.4206635
0,33445,0.4187707
0,33446,0.4169038
0,33447,0.4150623
0,33448,0.4132458
0,33449,0.4114538
0,33450,0.409686
0,33451,0.4079418
0,33452,0.406221
0,33453,0.4045231
0,33454,0.4028478
0,33455,0.4011946
0,33456,0.3995631
0,33457,0.3979532
0,33458,0.3963642
0,33459,0.394796
0,33460,0.3932481
0,33461,0.3917201
0,33462,0.3902119
0,33463,0.388723
0,33464,0.3872531
0,33465,0.385802
0,33466,0.3843692
0,33467,0.3829544
0,33468,0.3815575
0,33469,0.380178
0,33470,0.3788157
0,33471,0.3774702
0,33472,0.3761414
0,33473,0.3748289
0,33474,0.3735325
0,33475,0.3722518
0,33476,0.3709867
0,33477,0.3697369
0,33478,0.3685021
0,33479,0.367282
0,33480,0.3660764
0,33481,0.3648852
0,33482,0.3637079
0,33483,0.3625445
0,33484,0.3613946
0,33485,0.3602581
0,33486,0.3591348
0,33487,0.3580243
0,33488,0.3569266
0,33489,0.3558413
0,33490,0.3547683
0,33491,0.3537074
0,33492,0.3526584
0,33493,0.3516211
0,33494,0.3505953
0,33495,0.3495808
0,33496,0.3485774
0,33497,0.3475849
0,33498,0.3466032
0,33499,0.3456321
0,33500,0.3446714
0,33501,0.3437209
0,33502,0.3427806
0,33503,0.3418501
0,33504,0.3409294
0,33505,0.3400182
0,33506,0.3391165
0,33507,0.3382241
0,33508,0.3373408
0,33509,0.3364665
0,33510,0.335601
0,33511,0.3347442
0,33512,0.333896
0,33513,0.3330562
0,33514,0.3322246
0,33515,0.3314012
0,33516,0.3305859
0,33517,0.3297784
0,33518,0.3289786
0,33519,0.3281865
0,33520,0.327402
0,33521,0.3266248
0,33522,0.3258549
0,33523,0.3250921
0,33524,0.3243364
0,33525,0.3235877
0,33526,0.3228457
0,33527,0.3221105
0,33528,0.3213819
0,33529,0.3206598
0,33530,0.3199441
0,33531,0.3192346
0,33532,0.3185314
0,33533,0.3178343
0,33534,0.3171432
0,33535,0.3164581
0,33536,0.3157787
0,33537,0.3151051
0,33538,0.3144371
0,33539,0.3137747
0,33540,0.3131177
0,33541,0.3124661
0,33542,0.3118199
0,33543,0.3111788
0,33544,0.3105429
0,33545,0.309912
0,33546,0.3092861
0,33547,0.3086652
0,33548,0.308049
0,33549,0.3074376
0,33550,0.3068309
0,33551,0.3062288
0,33552,0.3056312
0,33553,0.3050381
0,33554,0.3044494
0,33555,0.3038651
0,33556,0.303285
0,33557,0.3027091
0,33558,0.3021374
0,33559,0.3015698
0,33560,0.3010061
0,33561,0.3004465
0,33562,0.2998907
0,33563,0.2993388
0,33564,0.2987907
0,33565,0.2982463
0,33566,0.2977055
0,33567,0.2971684
0,33568,0.2966349
0,33569,0.2961049
0,33570,0.2955783
0,33571,0.2950552
0,33572,0.2945354
0,33573,0.294019
0,33574,0.2935058
0,33575,0.2929958
0,33576,0.292489
0,33577,0.2919853
0,33578,0.2914847
0,33579,0.2909872
0,33580,0.2904926
0,33581,0.290001
0,33582,0.2895123
0,33583,0.2890265
0,33584,0.2885435
0,33585,0.2880633
0,33586,0.2875859
0,33587,0.2871112
0,33588,0.2866391
0,33589,0.2861697
0,33590,0.2857029
0,33591,0.2852386
0,33592,0.2847769
0,33593,0.2843176
0,33594,0.2838609
0,33595,0.2834065
0,33596,0.2829546
0,33597,0.282505
0,33598,0.2820577
0,33599,0.2816128
0,33600,0.2811701
0,33601,0.2807297
0,33602,0.2802914
0,33603,0.2798553
0,33604,0.2794214
0,33605,0.2789896
0,33606,0.2785599
0,33607,0.2781323
0,33608,0.2777067
0,33609,0.2772831
0,33610,0.2768615
0,33611,0.2764419
0,33612,0.2760242
0,33613,0.2756084
0,33614,0.2751945
0,33615,0.2747825
0,33616,0.2743723
0,33617,0.2739639
0,33618,0.2735573
0,33619,0.2731525
0,33620,0.2727495
0,33621,0.2723481
0,33622,0.2719485
0,33623,0.2715505
0,33624,0.2711543
0,33625,0.2707596
0,33626,0.2703666
0,33627,0.2699752
0,33628,0.2695854
0,33629,0.2691972
0,33630,0.2688105
0,33631,0.2684253
0,33632,0.2680416
0,33633,0.2676595
0,33634,0.2672788
0,33635,0.2668996
0,33636,0.2665218
0,33637,0.2661454
0,33638,0.2657705
0,33639,0.265397
0,33640,0.2650248
0,33641,0.264654
0,33642,0.2642846
0,33643,0.2639164
0,33644,0.2635496
0,33645,0.2631841
0,33646,0.2628199
0,33647,0.262457
0,33648,0.2620953
0,33649,0.2617349
0,33650,0.2613757
0,33651,0.2610177
0,33652,0.260661
0,33653,0.2603054
0,33654,0.2599511
0,33655,0.2595979
0,33656,0.2592459
0,33657,0.258895
0,33658,0.2585452
0,33659,0.2581966
0,33660,0.2578491
0,33661,0.2575027
0,33662,0.2571574
0,33663,0.2568131
0,33664,0.25647
0,33665,0.2561278
0,33666,0.2557867
0,33667,0.2554467
0,33668,0.2551077
0,33669,0.2547697
0,33670,0.2544327
0,33671,0.2540967
0,33672,0.2537617
0,33673,0.2534277
0,33674,0.2530946
0,33675,0.2527626
0,33676,0.2524314
0,33677,0.2521012
0,33678,0.2517719
0,33679,0.2514436
0,33680,0.2511162
0,33681,0.2507896
0,33682,0.2504641
0,33683,0.2501393
0,33684,0.2498155
0,33685,0.2494925
0,33686,0.2491705
0,33687,0.2488492
0,33688,0.2485289
0,33689,0.2482094
0,33690,0.2478907
0,33691,0.2475729
0,33692,0.2472559
0,33693,0.2469397
0,33694,0.2466244
0,33695,0.2463098
0,33696,0.2459961
0,33697,0.2456831
0,33698,0.245371
0,33699,0.2450596
0,33700,0.244749
0,33701,0.2444392
0,33702,0.2441301
0,33703,0.2438218
0,33704,0.2435143
0,33705,0.2432075
0,33706,0.2429015
0,33707,0.2425962
0,33708,0.2422916
0,33709,0.2419877
0,33710,0.2416846
0,33711,0.2413822
0,33712,0.2410806
0,33713,0.2407796
0,33714,0.2404793
0,33715,0.2401797
0,33716,0.2398808
0,33717,0.2395826
0,33718,0.2392851
0,33719,0.2389883
0,33720,0.2386921
0,33721,0.2383966
0,33722,0.2381018
0,33723,0.2378077
0,33724,0.2375142
0,33725,0.2372213
0,33726,0.2369292
0,33727,0.2366376
0,33728,0.2363467
0,33729,0.2360564
0,33730,0.2357668
0,33731,0.2354778
0,33732,0.2351894
0,33733,0.2349017
0,33734,0.2346145
0,33735,0.234328
0,33736,0.234042
0,33737,0.2337567
0,33738,0.233472
0,33739,0.2331879
0,33740,0.2329044
0,33741,0.2326215
0,33742,0.2323391
0,33743,0.2320574
0,33744,0.2317763
0,33745,0.2314957
0,33746,0.2312157
0,33747,0.2309363
0,33748,0.2306574
0,33749,0.2303792
0,33750,0.2301015
0,33751,0.2298243
0,33752,0.2295477
0,33753,0.2292716
0,33754,0.2289961
0,33755,0.2287212
0,33756,0.2284468
0,33757,0.2281729
0,33758,0.2278995
0,33759,0.2276268
0,33760,0.2273545
0,33761,0.2270828
0,33762,0.2268116
0,33763,0.226541
0,33764,0.2262709
0,33765,0.2260013
0,33766,0.2257322
0,33767,0.2254637
0,33768,0.2251956
0,33769,0.2249281
0,33770,0.2246611
0,33771,0.2243946
0,33772,0.2241286
0,33773,0.2238631
0,33774,0.2235981
0,33775,0.2233336
0,33776,0.2230696
0,33777,0.2228061
0,33778,0.222543
0,33779,0.2222805
0,33780,0.2220185
0,33781,0.221757
0,33782,0.2214959
0,33783,0.2212353
0,33784,0.2209753
0,33785,0.2207157
0,33786,0.2204565
0,33787,0.2201979
0,33788,0.2199397
0,33789,0.219682
0,33790,0.2194247
0,33791,0.219168
0,33792,0.2189117
0,33793,0.2186558
0,33794,0.2184004
0,33795,0.2181455
0,33796,0.2178911
0,33797,0.2176371
0,33798,0.2173835
0,33799,0.2171305
0,33800,0.2168778
0,33801,0.2166257
0,33802,0.216374
0,33803,0.2161227
0,33804,0.2158718
0,33805,0.2156215
0,33806,0.2153715
0,33807,0.215122
0,33808,0.214873
0,33809,0.2146243
0,33810,0.2143762
0,33811,0.2141284
0,33812,0.2138811
0,33813,0.2136343
0,33814,0.2133878
0,33815,0.2131418
0,33816,0.2128962
0,33817,0.2126511
0,33818,0.2124064
0,33819,0.2121621
0,33820,0.2119182
0,33821,0.2116747
0,33822,0.2114317
0,33823,0.2111891
0,33824,0.2109469
0,33825,0.2107052
0,33826,0.2104638
0,33827,0.2102229
0,33828,0.2099823
0,33829,0.2097422
0,33830,0.2095025
0,33831,0.2092632
0,33832,0.2090244
0,33833,0.2087859
0,33834,0.2085478
0,33835,0.2083101
0,33836,0.2080729
0,33837,0.207836
0,33838,0.2075996
0,33839,0.2073635
0,33840,0.2071279
0,33841,0.2068926
0,33842,0.2066578
0,33843,0.2064233
0,33844,0.2061893
0,33845,0.2059556
0,33846,0.2057224
0,33847,0.2054895
0,33848,0.205257
0,33849,0.2050249
0,33850,0.2047932
0,33851,0.2045619
0,33852,0.2043309
0,33853,0.2041004
0,33854,0.2038702
0,33855,0.2036404
0,33856,0.203411
0,33857,0.203182
0,33858,0.2029534
0,33859,0.2027251
0,33860,0.2024972
0,33861,0.2022697
0,33862,0.2020426
0,33863,0.2018158
0,33864,0.2015894
0,33865,0.2013634
0,33866,0.2011377
0,33867,0.2009124
0,33868,0.2006876
0,33869,0.200463
0,33870,0.2002389
0,33871,0.2000151
0,33872,0.1997917
0,33873,0.1995687
0,33874,0.199346
0,33875,0.1991237
0,33876,0.1989017
0,33877,0.1986801
0,33878,0.1984589
0,33879,0.198238
0,33880,0.1980175
0,33881,0.1977974
0,33882,0.1975776
0,33883,0.1973581
0,33884,0.1971391
0,33885,0.1969203
0,33886,0.196702
0,33887,0.1964839
0,33888,0.1962662
0,33889,0.1960489
0,33890,0.195832
0,33891,0.1956153
0,33892,0.195399
0,33893,0.1951831
0,33894,0.1949675
0,33895,0.1947522
0,33896,0.1945373
0,33897,0.1943228
0,33898,0.1941085
0,33899,0.1938947
0,33900,0.1936812
0,33901,0.193468
0,33902,0.1932552
0,33903,0.1930427
0,33904,0.1928306
0,33905,0.1926188
0,33906,0.1924073
0,33907,0.1921962
0,33908,0.1919854
0,33909,0.1917749
0,33910,0.1915648
0,33911,0.191355
0,33912,0.1911455
0,33913,0.1909364
0,33914,0.1907276
0,33915,0.1905192
0,33916,0.190311
0,33917,0.1901032
0,33918,0.1898957
0,33919,0.1896886
0,33920,0.1894818
0,33921,0.1892752
0,33922,0.1890691
0,33923,0.1888632
0,33924,0.1886577
0,33925,0.1884525
0,33926,0.1882476
0,33927,0.188043
0,33928,0.1878388
0,33929,0.1876348
0,33930,0.1874312
0,33931,0.187228
0,33932,0.187025
0,33933,0.1868224
0,33934,0.1866201
0,33935,0.1864181
0,33936,0.1862164
0,33937,0.186015
0,33938,0.185814
0,33939,0.1856132
0,33940,0.1854128
0,33941,0.1852127
0,33942,0.1850129
0,33943,0.1848134
0,33944,0.1846143
0,33945,0.1844154
0,33946,0.1842168
0,33947,0.1840186
0,33948,0.1838207
0,33949,0.183623
0,33950,0.1834257
0,33951,0.1832287
0,33952,0.183032
0,33953,0.1828356
0,33954,0.1826395
0,33955,0.1824437
0,33956,0.1822482
0,33957,0.182053
0,33958,0.1818582
0,33959,0.1816636
0,33960,0.1814693
0,33961,0.1812753
0,33962,0.1810816
0,33963,0.1808883
0,33964,0.1806952
0,33965,0.1805024
0,33966,0.1803099
0,33967,0.1801177
0,33968,0.1799259
0,33969,0.1797343
0,33970,0.179543
0,33971,0.179352
0,33972,0.1791613
0,33973,0.1789709
0,33974,0.1787807
0,33975,0.1785909
0,33976,0.1784014
0,33977,0.1782122
0,33978,0.1780232
0,33979,0.1778346
0,33980,0.1776462
0,33981,0.1774581
0,33982,0.1772703
0,33983,0.1770828
0,33984,0.1768956
0,33985,0.1767087
0,33986,0.1765221
0,33987,0.1763357
0,33988,0.1761497
0,33989,0.1759639
0,33990,0.1757784
0,33991,0.1755932
0,33992,0.1754082
0,33993,0.1752236
0,33994,0.1750392
0,33995,0.1748552
0,33996,0.1746714
0,33997,0.1744878
0,33998,0.1743046
0,33999,0.1741216
0,34000,0.173939
0,34001,0.1737566
0,34002,0.1735744
0,34003,0.1733926
0,34004,0.173211
0,34005,0.1730298
0,34006,0.1728487
0,34007,0.172668
0,34008,0.1724875
0,34009,0.1723073
0,34010,0.1721274
0,34011,0.1719478
0,34012,0.1717684
0,34013,0.1715893
0,34014,0.1714105
0,34015,0.1712319
0,34016,0.1710536
0,34017,0.1708756
0,34018,0.1706979
0,34019,0.1705204
0,34020,0.1703432
0,34021,0.1701663
0,34022,0.1699896
0,34023,0.1698132
0,34024,0.169637
0,34025,0.1694612
0,34026,0.1692856
0,34027,0.1691102
0,34028,0.1689351
0,34029,0.1687603
0,34030,0.1685858
0,34031,0.1684115
0,34032,0.1682375
0,34033,0.1680637
0,34034,0.1678902
0,34035,0.167717
0,34036,0.167544
0,34037,0.1673713
0,34038,0.1671988
0,34039,0.1670266
0,34040,0.1668547
0,34041,0.166683
0,34042,0.1665116
0,34043,0.1663404
0,34044,0.1661695
0,34045,0.1659988
0,34046,0.1658284
0,34047,0.1656582
0,34048,0.1654883
0,34049,0.1653187
0,34050,0.1651493
0,34051,0.1649802
0,34052,0.1648113
0,34053,0.1646427
0,34054,0.1644743
0,34055,0.1643061
0,34056,0.1641383
0,34057,0.1639706
0,34058,0.1638033
0,34059,0.1636361
0,34060,0.1634693
0,34061,0.1633026
0,34062,0.1631362
0,34063,0.1629701
0,34064,0.1628042
0,34065,0.1626386
0,34066,0.1624732
0,34067,0.162308
0,34068,0.1621431
0,34069,0.1619785
0,34070,0.161814
0,34071,0.1616499
0,34072,0.1614859
0,34073,0.1613223
0,34074,0.1611588
0,34075,0.1609956
0,34076,0.1608326
0,34077,0.1606699
0,34078,0.1605074
0,34079,0.1603452
0,34080,0.1601832
0,34081,0.1600214
0,34082,0.1598599
0,34083,0.1596986
0,34084,0.1595376
0,34085,0.1593768
0,34086,0.1592162
0,34087,0.1590558
0,34088,0.1588957
0,34089,0.1587359
0,34090,0.1585762
0,34091,0.1584168
0,34092,0.1582577
0,34093,0.1580988
0,34094,0.1579401
0,34095,0.1577816
0,34096,0.1576234
0,34097,0.1574654
0,34098,0.1573076
0,34099,0.1571501
0,34100,0.1569928
0,34101,0.1568357
0,34102,0.1566789
0,34103,0.1565222
0,34104,0.1563659
0,34105,0.1562097
0,34106,0.1560538
0,34107,0.1558981
0,34108,0.1557426
0,34109,0.1555874
0,34110,0.1554324
0,34111,0.1552776
0,34112,0.155123
0,34113,0.1549687
0,34114,0.1548146
0,34115,0.1546607
0,34116,0.154507
0,34117,0.1543536
0,34118,0.1542003
0,34119,0.1540473
0,34120,0.1538946
0,34121,0.153742
0,34122,0.1535897
0,34123,0.1534376
0,34124,0.1532857
0,34125,0.153134
0,34126,0.1529826
0,34127,0.1528313
0,34128,0.1526803
0,34129,0.1525295
0,34130,0.152379
0,34131,0.1522286
0,34132,0.1520785
0,34133,0.1519286
0,34134,0.1517789
0,34135,0.1516294
0,34136,0.1514801
0,34137,0.1513311
0,34138,0.1511822
0,34139,0.1510336
0,34140,0.1508852
0,34141,0.150737
0,34142,0.150589
0,34143,0.1504413
0,34144,0.1502937
0,34145,0.1501464
0,34146,0.1499992
0,34147,0.1498523
0,34148,0.1497056
0,34149,0.1495591
0,34150,0.1494129
0,34151,0.1492668
0,34152,0.1491209
0,34153,0.1489753
0,34154,0.1488299
0,34155,0.1486846
0,34156,0.1485396
0,34157,0.1483948
0,34158,0.1482502
0,34159,0.1481058
0,34160,0.1479616
0,34161,0.1478176
0,34162,0.1476738
0,34163,0.1475303
0,34164,0.1473869
0,34165,0.1472437
0,34166,0.1471008
0,34167,0.146958
0,34168,0.1468155
0,34169,0.1466731
0,34170,0.146531
0,34171,0.146389
0,34172,0.1462473
0,34173,0.1461058
0,34174,0.1459644
0,34175,0.1458233
0,34176,0.1456823
0,34177,0.1455416
0,34178,0.1454011
0,34179,0.1452608
0,34180,0.1451206
0,34181,0.1449807
0,34182,0.144841
0,34183,0.1447014
0,34184,0.1445621
0,34185,0.1444229
0,34186,0.144284
0,34187,0.1441453
0,34188,0.1440067
0,34189,0.1438684
0,34190,0.1437302
0,34191,0.1435922
0,34192,0.1434545
0,34193,0.1433169
0,34194,0.1431796
0,34195,0.1430424
0,34196,0.1429054
0,34197,0.1427686
0,34198,0.142632
0,34199,0.1424956
0,34200,0.1423594
0,34201,0.1422234
0,34202,0.1420875
0,34203,0.1419519
0,34204,0.1418165
0,34205,0.1416812
0,34206,0.1415462
0,34207,0.1414113
0,34208,0.1412766
0,34209,0.1411421
0,34210,0.1410078
0,34211,0.1408737
0,34212,0.1407398
0,34213,0.140606
0,34214,0.1404725
0,34215,0.1403391
0,34216,0.1402059
0,34217,0.140073
0,34218,0.1399402
0,34219,0.1398075
0,34220,0.1396751
0,34221,0.1395429
0,34222,0.1394108
0,34223,0.1392789
0,34224,0.1391472
0,34225,0.1390157
0,34226,0.1388844
0,34227,0.1387533
0,34228,0.1386223
0,34229,0.1384915
0,34230,0.1383609
0,34231,0.1382305
0,34232,0.1381003
0,34233,0.1379702
0,34234,0.1378404
0,34235,0.1377107
0,34236,0.1375812
0,34237,0.1374519
0,34238,0.1373227
0,34239,0.1371938
0,34240,0.137065
0,34241,0.1369364
0,34242,0.1368079
0,34243,0.1366797
0,34244,0.1365516
0,34245,0.1364237
0,34246,0.136296
0,34247,0.1361685
0,34248,0.1360411
0,34249,0.135914
0,34250,0.1357869
0,34251,0.1356601
0,34252,0.1355335
0,34253,0.135407
0,34254,0.1352807
0,34255,0.1351545
0,34256,0.1350286
0,34257,0.1349028
0,34258,0.1347772
0,34259,0.1346517
0,34260,0.1345265
0,34261,0.1344014
0,34262,0.1342765
0,34263,0.1341517
0,34264,0.1340271
0,34265,0.1339027
0,34266,0.1337785
0,34267,0.1336544
0,34268,0.1335305
0,34269,0.1334068
0,34270,0.1332833
0,34271,0.1331599
0,34272,0.1330367
0,34273,0.1329136
0,34274,0.1327907
0,34275,0.132668
0,34276,0.1325455
0,34277,0.1324231
0,34278,0.1323009
0,34279,0.1321789
0,34280,0.132057
0,34281,0.1319353
0,34282,0.1318138
0,34283,0.1316924
0,34284,0.1315712
0,34285,0.1314502
0,34286,0.1313293
0,34287,0.1312086
0,34288,0.131088
0,34289,0.1309676
0,34290,0.1308474
0,34291,0.1307274
0,34292,0.1306075
0,34293,0.1304878
0,34294,0.1303682
0,34295,0.1302488
0,34296,0.1301295
0,34297,0.1300105
0,34298,0.1298916
0,34299,0.1297728
0,34300,0.1296542
0,34301,0.1295358
0,34302,0.1294175
0,34303,0.1292994
0,34304,0.1291814
0,34305,0.1290637
0,34306,0.128946
0,34307,0.1288285
0,34308,0.1287112
0,34309,0.1285941
0,34310,0.1284771
0,34311,0.1283602
0,34312,0.1282436
0,34313,0.128127
0,34314,0.1280107
0,34315,0.1278944
0,34316,0.1277784
0,34317,0.1276625
0,34318,0.1275467
0,34319,0.1274312
0,34320,0.1273157
0,34321,0.1272005
0,34322,0.1270853
0,34323,0.1269704
0,34324,0.1268556
0,34325,0.1267409
0,34326,0.1266264
0,34327,0.126512
0,34328,0.1263978
0,34329,0.1262838
0,34330,0.1261699
0,34331,0.1260562
0,34332,0.1259426
0,34333,0.1258292
0,34334,0.1257159
0,34335,0.1256027
0,34336,0.1254898
0,34337,0.1253769
0,34338,0.1252643
0,34339,0.1251517
0,34340,0.1250394
0,34341,0.1249271
0,34342,0.124815
0,34343,0.1247031
0,34344,0.1245913
0,34345,0.1244797
0,34346,0.1243682
0,34347,0.1242569
0,34348,0.1241457
0,34349,0.1240347
0,34350,0.1239238
0,34351,0.123813
0,34352,0.1237025
0,34353,0.123592
0,34354,0.1234817
0,34355,0.1233715
0,34356,0.1232615
0,34357,0.1231517
0,34358,0.123042
0,34359,0.1229324
0,34360,0.122823
0,34361,0.1227137
0,34362,0.1226045
0,34363,0.1224955
0,34364,0.1223867
0,34365,0.122278
0,34366,0.1221694
0,34367,0.122061
0,34368,0.1219527
0,34369,0.1218446
0,34370,0.1217366
0,34371,0.1216287
0,34372,0.121521
0,34373,0.1214135
0,34374,0.121306
0,34375,0.1211988
0,34376,0.1210916
0,34377,0.1209846
0,34378,0.1208778
0,34379,0.120771
0,34380,0.1206645
0,34381,0.120558
0,34382,0.1204517
0,34383,0.1203455
0,34384,0.1202395
0,34385,0.1201336
0,34386,0.1200279
0,34387,0.1199223
0,34388,0.1198168
0,34389,0.1197115
0,34390,0.1196063
0,34391,0.1195012
0,34392,0.1193963
0,34393,0.1192915
0,34394,0.1191869
0,34395,0.1190824
0,34396,0.118978
0,34397,0.1188738
0,34398,0.1187697
0,34399,0.1186657
0,34400,0.1185619
0,34401,0.1184582
0,34402,0.1183546
0,34403,0.1182512
0,34404,0.1181479
0,34405,0.1180448
0,34406,0.1179417
0,34407,0.1178389
0,34408,0.1177361
0,34409,0.1176335
0,34410,0.117531
0,34411,0.1174286
0,34412,0.1173264
0,34413,0.1172243
0,34414,0.1171224
0,34415,0.1170206
0,34416,0.1169189
0,34417,0.1168173
0,34418,0.1167159
0,34419,0.1166146
0,34420,0.1165134
0,34421,0.1164124
0,34422,0.1163115
0,34423,0.1162107
0,34424,0.11611
0,34425,0.1160095
0,34426,0.1159091
0,34427,0.1158089
0,34428,0.1157087
0,34429,0.1156087
0,34430,0.1155088
0,34431,0.1154091
0,34432,0.1153095
0,34433,0.11521
0,34434,0.1151106
0,34435,0.1150114
0,34436,0.1149123
0,34437,0.1148133
0,34438,0.1147144
0,34439,0.1146157
0,34440,0.1145171
0,34441,0.1144186
0,34442,0.1143203
0,34443,0.114222
0,34444,0.1141239
0,34445,0.114026
0,34446,0.1139281
0,34447,0.1138304
0,34448,0.1137328
0,34449,0.1136353
0,34450,0.113538
0,34451,0.1134407
0,34452,0.1133436
0,34453,0.1132466
0,34454,0.1131498
0,34455,0.1130531
0,34456,0.1129564
0,34457,0.11286
0,34458,0.1127636
0,34459,0.1126674
0,34460,0.1125712
0,34461,0.1124752
0,34462,0.1123794
0,34463,0.1122836
0,34464,0.112188
0,34465,0.1120925
0,34466,0.1119971
0,34467,0.1119018
0,34468,0.1118066
0,34469,0.1117116
0,34470,0.1116167
0,34471,0.1115219
0,34472,0.1114272
0,34473,0.1113327
0,34474,0.1112383
0,34475,0.111144
0,34476,0.1110498
0,34477,0.1109557
0,34478,0.1108617
0,34479,0.1107679
0,34480,0.1106742
0,34481,0.1105806
0,34482,0.1104871
0,34483,0.1103937
0,34484,0.1103005
0,34485,0.1102073
0,34486,0.1101143
0,34487,0.1100214
0,34488,0.1099286
0,34489,0.109836
0,34490,0.1097434
0,34491,0.109651
0,34492,0.1095586
0,34493,0.1094664
0,34494,0.1093744
0,34495,0.1092824
0,34496,0.1091905
0,34497,0.1090988
0,34498,0.1090071
0,34499,0.1089156
0,34500,0.1088242
0,34501,0.1087329
0,34502,0.1086418
0,34503,0.1085507
0,34504,0.1084597
0,34505,0.1083689
0,34506,0.1082782
0,34507,0.1081876
0,34508,0.1080971
0,34509,0.1080067
0,34510,0.1079164
0,34511,0.1078262
0,34512,0.1077362
0,34513,0.1076463
0,34514,0.1075564
0,34515,0.1074667
0,34516,0.1073771
0,34517,0.1072876
0,34518,0.1071982
0,34519,0.107109
0,34520,0.1070198
0,34521,0.1069308
0,34522,0.1068418
0,34523,0.106753
0,34524,0.1066643
0,34525,0.1065756
0,34526,0.1064871
0,34527,0.1063987
0,34528,0.1063105
0,34529,0.1062223
0,34530,0.1061342
0,34531,0.1060463
0,34532,0.1059584
0,34533,0.1058707
0,34534,0.105783
0,34535,0.1056955
0,34536,0.1056081
0,34537,0.1055208
0,34538,0.1054336
0,34539,0.1053465
0,34540,0.1052595
0,34541,0.1051726
0,34542,0.1050858
0,34543,0.1049991
0,34544,0.1049126
0,34545,0.1048261
0,34546,0.1047397
0,34547,0.1046535
0,34548,0.1045673
0,34549,0.1044813
0,34550,0.1043954
0,34551,0.1043095
0,34552,0.1042238
0,34553,0.1041382
0,34554,0.1040526
0,34555,0.1039672
0,34556,0.1038819
0,34557,0.1037967
0,34558,0.1037116
0,34559,0.1036266
0,34560,0.1035417
0,34561,0.1034578
0,34562,0.1034605
0,34563,0.1041103
0,34564,0.1065443
0,34565,0.1121125
0,34566,0.1220647
0,34567,0.1373873
0,34568,0.1587344
0,34569,0.1864221
0,34570,0.2204586
0,34571,0.2606017
0,34572,0.3064246
0,34573,0.3573793
0,34574,0.4128518
0,34575,0.4722041
0,34576,0.5348048
0,34577,0.60005
0,34578,0.6673757
0,34579,0.7362648
0,34580,0.80625
0,34581,0.8769141
0,34582,0.9478886
0,34583,1.01885
0,34584,1.08952
0,34585,1.159656
0,34586,1.229053
0,34587,1.297539
0,34588,1.36497
0,34589,1.431228
0,34590,1.496216
0,34591,1.55986
0,34592,1.622101
0,34593,1.682898
0,34594,1.74222
0,34595,1.800049
0,34596,1.856378
0,34597,1.91121
0,34598,1.96455
0,34599,2.016415
0,34600,2.066823
0,34601,2.115797
0,34602,2.163365
0,34603,2.209554
0,34604,2.254398
0,34605,2.297929
0,34606,2.340182
0,34607,2.381192
0,34608,2.420996
0,34609,2.459629
0,34610,2.497127
0,34611,2.533526
0,34612,2.568862
0,34613,2.60317
0,34614,2.636484
0,34615,2.668839
0,34616,2.700265
0,34617,2.730797
0,34618,2.760464
0,34619,2.789297
0,34620,2.817326
0,34621,2.844577
0,34622,2.871079
0,34623,2.896859
0,34624,2.921942
0,34625,2.946352
0,34626,2.970113
0,34627,2.993246
0,34628,3.015775
0,34629,3.037719
0,34630,3.0591
0,34631,3.079936
0,34632,3.100246
0,34633,3.120047
0,34634,3.139356
0,34635,3.15819
0,34636,3.176564
0,34637,3.194493
0,34638,3.211993
0,34639,3.229075
0,34640,3.245755
0,34641,3.262043
0,34642,3.277954
0,34643,3.293496
0,34644,3.308682
0,34645,3.323523
0,34646,3.338028
0,34647,3.352209
0,34648,3.366075
0,34649,3.379634
0,34650,3.392896
0,34651,3.405869
0,34652,3.418561
0,34653,3.430979
0,34654,3.44313
0,34655,3.455023
0,34656,3.466663
0,34657,3.478059
0,34658,3.489216
0,34659,3.500141
0,34660,3.51084
0,34661,3.521318
0,34662,3.531582
0,34663,3.541635
0,34664,3.551483
0,34665,3.561129
0,34666,3.570575
0,34667,3.579795
0,34668,3.58864
0,34669,3.596817
0,34670,3.603991
0,34671,3.609863
0,34672,3.614206
0,34673,3.616856
0,34674,3.61771
0,34675,3.616707
0,34676,3.613837
0,34677,3.609102
0,34678,3.602533
0,34679,3.594169
0,34680,3.584047
0,34681,3.572223
0,34682,3.558744
0,34683,3.543664
0,34684,3.527037
0,34685,3.508919
0,34686,3.489367
0,34687,3.468429
0,34688,3.446164
0,34689,3.422621
0,34690,3.397847
0,34691,3.371894
0,34692,3.344802
0,34693,3.316617
0,34694,3.287379
0,34695,3.257125
0,34696,3.225894
0,34697,3.19372
0,34698,3.160637
0,34699,3.126677
0,34700,3.091873
0,34701,3.056252
0,34702,3.019845
0,34703,2.982678
0,34704,2.944777
0,34705,2.906167
0,34706,2.866872
0,34707,2.826916
0,34708,2.786319
0,34709,2.745102
0,34710,2.703287
0,34711,2.660891
0,34712,2.617933
0,34713,2.57443
0,34714,2.5304
0,34715,2.48586
0,34716,2.440824
0,34717,2.395308
0,34718,2.349326
0,34719,2.302899
0,34720,2.256124
0,34721,2.209276
0,34722,2.162733
0,34723,2.116861
0,34724,2.071953
0,34725,2.028221
0,34726,1.985805
0,34727,1.944785
0,34728,1.905196
0,34729,1.86704
0,34730,1.830296
0,34731,1.794926
0,34732,1.760884
0,34733,1.728115
0,34734,1.696563
0,34735,1.666168
0,34736,1.636872
0,34737,1.608618
0,34738,1.581352
0,34739,1.555019
0,34740,1.52957
0,34741,1.504958
0,34742,1.481137
0,34743,1.458065
0,34744,1.435702
0,34745,1.414012
0,34746,1.392961
0,34747,1.372516
0,34748,1.352646
0,34749,1.333325
0,34750,1.314523
0,34751,1.296214
0,34752,1.278372
0,34753,1.260972
0,34754,1.243992
0,34755,1.227413
0,34756,1.211218
0,34757,1.195389
0,34758,1.179912
0,34759,1.164774
0,34760,1.149962
0,34761,1.135465
0,34762,1.121273
0,34763,1.107374
0,34764,1.09376
0,34765,1.080423
0,34766,1.067352
0,34767,1.054542
0,34768,1.041984
0,34769,1.029671
0,34770,1.017596
0,34771,1.005754
0,34772,0.9941383
0,34773,0.9827425
0,34774,0.9715613
0,34775,0.9605892
0,34776,0.9498211
0,34777,0.939252
0,34778,0.9288771
0,34779,0.9186921
0,34780,0.9086922
0,34781,0.8988736
0,34782,0.8892319
0,34783,0.8797631
0,34784,0.8704635
0,34785,0.8613293
0,34786,0.8523569
0,34787,0.8435428
0,34788,0.8348836
0,34789,0.8263761
0,34790,0.8180171
0,34791,0.8098034
0,34792,0.8017321
0,34793,0.7938002
0,34794,0.7860049
0,34795,0.7783434
0,34796,0.7708131
0,34797,0.7634112
0,34798,0.7561353
0,34799,0.7489829
0,34800,0.7419515
0,34801,0.7350386
0,34802,0.7282422
0,34803,0.7215598
0,34804,0.7149892
0,34805,0.7085284
0,34806,0.7021751
0,34807,0.6959275
0,34808,0.6897834
0,34809,0.6837409
0,34810,0.6777982
0,34811,0.6719531
0,34812,0.6662041
0,34813,0.6605493
0,34814,0.6549869
0,34815,0.6495152
0,34816,0.6441326
0,34817,0.6388374
0,34818,0.633628
0,34819,0.6285027
0,34820,0.6234602
0,34821,0.6184988
0,34822,0.6136171
0,34823,0.6088137
0,34824,0.6040871
0,34825,0.5994359
0,34826,0.5948588
0,34827,0.5903544
0,34828,0.5859215
0,34829,0.5815586
0,34830,0.5772647
0,34831,0.5730385
0,34832,0.5688787
0,34833,0.5647841
0,34834,0.5607537
0,34835,0.5567862
0,34836,0.5528806
0,34837,0.5490357
0,34838,0.5452505
0,34839,0.5415239
0,34840,0.5378549
0,34841,0.5342425
0,34842,0.5306856
0,34843,0.5271834
0,34844,0.5237347
0,34845,0.5203388
0,34846,0.5169947
0,34847,0.5137014
0,34848,0.5104581
0,34849,0.5072639
0,34850,0.504118
0,34851,0.5010194
0,34852,0.4979675
0,34853,0.4949613
0,34854,0.4920001
0,34855,0.4890831
0,34856,0.4862095
0,34857,0.4833786
0,34858,0.4805897
0,34859,0.4778419
0,34860,0.4751347
0,34861,0.4724672
0,34862,0.4698389
0,34863,0.467249
0,34864,0.4646969
0,34865,0.4621819
0,34866,0.4597034
0,34867,0.4572607
0,34868,0.4548533
0,34869,0.4524805
0,34870,0.4501418
0,34871,0.4478365
0,34872,0.4455641
0,34873,0.443324
0,34874,0.4411157
0,34875,0.4389386
0,34876,0.4367922
0,34877,0.4346759
0,34878,0.4325893
0,34879,0.4305319
0,34880,0.428503
0,34881,0.4265024
0,34882,0.4245294
0,34883,0.4225836
0,34884,0.4206646
0,34885,0.4187718
0,34886,0.4169049
0,34887,0.4150634
0,34888,0.4132469
0,34889,0.4114549
0,34890,0.409687
0,34891,0.4079429
0,34892,0.4062221
0,34893,0.4045242
0,34894,0.4028489
0,34895,0.4011956
0,34896,0.3995642
0,34897,0.3979543
0,34898,0.3963653
0,34899,0.394797
0,34900,0.3932491
0,34901,0.3917212
0,34902,0.390213
0,34903,0.3887241
0,34904,0.3872542
0,34905,0.3858031
0,34906,0.3843703
0,34907,0.3829555
0,34908,0.3815586
0,34909,0.380179
0,34910,0.3788168
0,34911,0.3774713
0,34912,0.3761425
0,34913,0.37483
0,34914,0.3735336
0,34915,0.3722529
0,34916,0.3709878
0,34917,0.369738
0,34918,0.3685032
0,34919,0.3672831
0,34920,0.3660775
0,34921,0.3648863
0,34922,0.363709
0,34923,0.3625456
0,34924,0.3613957
0,34925,0.3602592
0,34926,0.3591359
0,34927,0.3580254
0,34928,0.3569277
0,34929,0.3558424
0,34930,0.3547694
0,34931,0.3537085
0,34932,0.3526595
0,34933,0.3516222
0,34934,0.3505964
0,34935,0.3495819
0,34936,0.3485785
0,34937,0.347586
0,34938,0.3466043
0,34939,0.3456332
0,34940,0.3446725
0,34941,0.343722
0,34942,0.3427816
0,34943,0.3418512
0,34944,0.3409304
0,34945,0.3400193
0,34946,0.3391176
0,34947,0.3382252
0,34948,0.3373419
0,34949,0.3364676
0,34950,0.3356021
0,34951,0.3347453
0,34952,0.3338971
0,34953,0.3330573
0,34954,0.3322257
0,34955,0.3314023
0,34956,0.3305869
0,34957,0.3297794
0,34958,0.3289797
0,34959,0.3281876
0,34960,0.3274031
0,34961,0.3266259
0,34962,0.325856
0,34963,0.3250932
0,34964,0.3243375
0,34965,0.3235888
0,34966,0.3228468
0,34967,0.3221116
0,34968,0.321383
0,34969,0.3206609
0,34970,0.3199451
0,34971,0.3192357
0,34972,0.3185325
0,34973,0.3178354
0,34974,0.3171443
0,34975,0.3164591
0,34976,0.3157798
0,34977,0.3151062
0,34978,0.3144382
0,34979,0.3137757
0,34980,0.3131188
0,34981,0.3124672
0,34982,0.311821
0,34983,0.3111799
0,34984,0.310544
0,34985,0.3099131
0,34986,0.3092872
0,34987,0.3086662
0,34988,0.3080501
0,34989,0.3074387
0,34990,0.306832
0,34991,0.3062299
0,34992,0.3056323
0,34993,0.3050392
0,34994,0.3044505
0,34995,0.3038662
0,34996,0.3032861
0,34997,0.3027102
0,34998,0.3021385
0,34999,0.3015708
0,35000,0.3010072
0,35001,0.3004476
0,35002,0.2998918
0,35003,0.2993399
0,35004,0.2987917
0,35005,0.2982473
0,35006,0.2977066
0,35007,0.2971695
0,35008,0.296636
0,35009,0.296106
0,35010,0.2955794
0,35011,0.2950563
0,35012,0.2945365
0,35013,0.29402
0,35014,0.2935068
0,35015,0.2929969
0,35016,0.2924901
0,35017,0.2919864
0,35018,0.2914858
0,35019,0.2909883
0,35020,0.2904937
0,35021,0.2900021
0,35022,0.2895134
0,35023,0.2890276
0,35024,0.2885446
0,35025,0.2880644
0,35026,0.287587
0,35027,0.2871122
0,35028,0.2866402
0,35029,0.2861708
0,35030,0.2857039
0,35031,0.2852397
0,35032,0.2847779
0,35033,0.2843187
0,35034,0.2838619
0,35035,0.2834076
0,35036,0.2829556
0,35037,0.2825061
0,35038,0.2820588
0,35039,0.2816139
0,35040,0.2811712
0,35041,0.2807307
0,35042,0.2802925
0,35043,0.2798564
0,35044,0.2794225
0,35045,0.2789907
0,35046,0.278561
0,35047,0.2781334
0,35048,0.2777078
0,35049,0.2772842
0,35050,0.2768626
0,35051,0.276443
0,35052,0.2760253
0,35053,0.2756095
0,35054,0.2751956
0,35055,0.2747836
0,35056,0.2743734
0,35057,0.273965
0,35058,0.2735584
0,35059,0.2731536
0,35060,0.2727505
0,35061,0.2723492
0,35062,0.2719496
0,35063,0.2715516
0,35064,0.2711553
0,35065,0.2707607
0,35066,0.2703677
0,35067,0.2699763
0,35068,0.2695865
0,35069,0.2691982
0,35070,0.2688115
0,35071,0.2684264
0,35072,0.2680427
0,35073,0.2676605
0,35074,0.2672799
0,35075,0.2669006
0,35076,0.2665229
0,35077,0.2661465
0,35078,0.2657716
0,35079,0.265398
0,35080,0.2650259
0,35081,0.2646551
0,35082,0.2642856
0,35083,0.2639175
0,35084,0.2635507
0,35085,0.2631852
0,35086,0.262821
0,35087,0.2624581
0,35088,0.2620964
0,35089,0.261736
0,35090,0.2613768
0,35091,0.2610188
0,35092,0.260662
0,35093,0.2603065
0,35094,0.2599522
0,35095,0.259599
0,35096,0.2592469
0,35097,0.2588961
0,35098,0.2585463
0,35099,0.2581977
0,35100,0.2578502
0,35101,0.2575038
0,35102,0.2571585
0,35103,0.2568142
0,35104,0.256471
0,35105,0.2561289
0,35106,0.2557878
0,35107,0.2554478
0,35108,0.2551087
0,35109,0.2547708
0,35110,0.2544338
0,35111,0.2540978
0,35112,0.2537628
0,35113,0.2534288
0,35114,0.2530957
0,35115,0.2527636
0,35116,0.2524325
0,35117,0.2521023
0,35118,0.251773
0,35119,0.2514447
0,35120,0.2511172
0,35121,0.2507907
0,35122,0.2504651
0,35123,0.2501404
0,35124,0.2498166
0,35125,0.2494936
0,35126,0.2491715
0,35127,0.2488503
0,35128,0.24853
0,35129,0.2482104
0,35130,0.2478918
0,35131,0.247574
0,35132,0.247257
0,35133,0.2469408
0,35134,0.2466254
0,35135,0.2463109
0,35136,0.2459971
0,35137,0.2456842
0,35138,0.245372
0,35139,0.2450607
0,35140,0.2447501
0,35141,0.2444402
0,35142,0.2441312
0,35143,0.2438229
0,35144,0.2435154
0,35145,0.2432086
0,35146,0.2429025
0,35147,0.2425972
0,35148,0.2422927
0,35149,0.2419888
0,35150,0.2416857
0,35151,0.2413833
0,35152,0.2410816
0,35153,0.2407806
0,35154,0.2404803
0,35155,0.2401808
0,35156,0.2398819
0,35157,0.2395837
0,35158,0.2392862
0,35159,0.2389893
0,35160,0.2386932
0,35161,0.2383977
0,35162,0.2381029
0,35163,0.2378087
0,35164,0.2375153
0,35165,0.2372224
0,35166,0.2369302
0,35167,0.2366387
0,35168,0.2363478
0,35169,0.2360575
0,35170,0.2357679
0,35171,0.2354789
0,35172,0.2351905
0,35173,0.2349027
0,35174,0.2346156
0,35175,0.234329
0,35176,0.2340431
0,35177,0.2337578
0,35178,0.233473
0,35179,0.2331889
0,35180,0.2329054
0,35181,0.2326225
0,35182,0.2323402
0,35183,0.2320585
0,35184,0.2317773
0,35185,0.2314968
0,35186,0.2312168
0,35187,0.2309373
0,35188,0.2306585
0,35189,0.2303802
0,35190,0.2301025
0,35191,0.2298253
0,35192,0.2295487
0,35193,0.2292727
0,35194,0.2289972
0,35195,0.2287222
0,35196,0.2284478
0,35197,0.2281739
0,35198,0.2279006
0,35199,0.2276278
0,35200,0.2273556
0,35201,0.2270839
0,35202,0.2268127
0,35203,0.2265421
0,35204,0.226272
0,35205,0.2260024
0,35206,0.2257333
0,35207,0.2254647
0,35208,0.2251967
0,35209,0.2249292
0,35210,0.2246622
0,35211,0.2243956
0,35212,0.2241296
0,35213,0.2238642
0,35214,0.2235992
0,35215,0.2233346
0,35216,0.2230706
0,35217,0.2228071
0,35218,0.2225441
0,35219,0.2222816
0,35220,0.2220196
0,35221,0.221758
0,35222,0.221497
0,35223,0.2212364
0,35224,0.2209763
0,35225,0.2207167
0,35226,0.2204576
0,35227,0.2201989
0,35228,0.2199407
0,35229,0.219683
0,35230,0.2194258
0,35231,0.219169
0,35232,0.2189127
0,35233,0.2186569
0,35234,0.2184015
0,35235,0.2181466
0,35236,0.2178921
0,35237,0.2176381
0,35238,0.2173846
0,35239,0.2171315
0,35240,0.2168789
0,35241,0.2166267
0,35242,0.216375
0,35243,0.2161237
0,35244,0.2158729
0,35245,0.2156225
0,35246,0.2153726
0,35247,0.2151231
0,35248,0.214874
0,35249,0.2146254
0,35250,0.2143772
0,35251,0.2141295
0,35252,0.2138822
0,35253,0.2136353
0,35254,0.2133889
0,35255,0.2131429
0,35256,0.2128973
0,35257,0.2126521
0,35258,0.2124074
0,35259,0.2121631
0,35260,0.2119192
0,35261,0.2116758
0,35262,0.2114328
0,35263,0.2111902
0,35264,0.210948
0,35265,0.2107062
0,35266,0.2104649
0,35267,0.2102239
0,35268,0.2099834
0,35269,0.2097433
0,35270,0.2095036
0,35271,0.2092643
0,35272,0.2090254
0,35273,0.2087869
0,35274,0.2085489
0,35275,0.2083112
0,35276,0.2080739
0,35277,0.2078371
0,35278,0.2076006
0,35279,0.2073646
0,35280,0.2071289
0,35281,0.2068937
0,35282,0.2066588
0,35283,0.2064244
0,35284,0.2061903
0,35285,0.2059567
0,35286,0.2057234
0,35287,0.2054905
0,35288,0.205258
0,35289,0.2050259
0,35290,0.2047942
0,35291,0.2045629
0,35292,0.204332
0,35293,0.2041014
0,35294,0.2038713
0,35295,0.2036415
0,35296,0.2034121
0,35297,0.2031831
0,35298,0.2029544
0,35299,0.2027262
0,35300,0.2024983
0,35301,0.2022707
0,35302,0.2020436
0,35303,0.2018168
0,35304,0.2015904
0,35305,0.2013644
0,35306,0.2011388
0,35307,0.2009135
0,35308,0.2006886
0,35309,0.2004641
0,35310,0.2002399
0,35311,0.2000162
0,35312,0.1997927
0,35313,0.1995697
0,35314,0.199347
0,35315,0.1991247
0,35316,0.1989028
0,35317,0.1986812
0,35318,0.1984599
0,35319,0.1982391
0,35320,0.1980186
0,35321,0.1977984
0,35322,0.1975786
0,35323,0.1973592
0,35324,0.1971401
0,35325,0.1969214
0,35326,0.196703
0,35327,0.196485
0,35328,0.1962673
0,35329,0.19605
0,35330,0.195833
0,35331,0.1956164
0,35332,0.1954001
0,35333,0.1951841
0,35334,0.1949685
0,35335,0.1947533
0,35336,0.1945384
0,35337,0.1943238
0,35338,0.1941096
0,35339,0.1938957
0,35340,0.1936822
0,35341,0.193469
0,35342,0.1932562
0,35343,0.1930438
0,35344,0.1928316
0,35345,0.1926198
0,35346,0.1924083
0,35347,0.1921972
0,35348,0.1919864
0,35349,0.1917759
0,35350,0.1915658
0,35351,0.191356
0,35352,0.1911466
0,35353,0.1909374
0,35354,0.1907286
0,35355,0.1905202
0,35356,0.1903121
0,35357,0.1901042
0,35358,0.1898968
0,35359,0.1896896
0,35360,0.1894828
0,35361,0.1892763
0,35362,0.1890701
0,35363,0.1888642
0,35364,0.1886587
0,35365,0.1884535
0,35366,0.1882486
0,35367,0.1880441
0,35368,0.1878398
0,35369,0.1876359
0,35370,0.1874323
0,35371,0.187229
0,35372,0.1870261
0,35373,0.1868234
0,35374,0.1866211
0,35375,0.1864191
0,35376,0.1862174
0,35377,0.1860161
0,35378,0.185815
0,35379,0.1856143
0,35380,0.1854139
0,35381,0.1852137
0,35382,0.1850139
0,35383,0.1848145
0,35384,0.1846153
0,35385,0.1844164
0,35386,0.1842179
0,35387,0.1840196
0,35388,0.1838217
0,35389,0.1836241
0,35390,0.1834268
0,35391,0.1832297
0,35392,0.183033
0,35393,0.1828366
0,35394,0.1826405
0,35395,0.1824447
0,35396,0.1822492
0,35397,0.1820541
0,35398,0.1818592
0,35399,0.1816646
0,35400,0.1814703
0,35401,0.1812764
0,35402,0.1810827
0,35403,0.1808893
0,35404,0.1806962
0,35405,0.1805034
0,35406,0.180311
0,35407,0.1801188
0,35408,0.1799269
0,35409,0.1797353
0,35410,0.179544
0,35411,0.179353
0,35412,0.1791623
0,35413,0.1789719
0,35414,0.1787818
0,35415,0.178592
0,35416,0.1784024
0,35417,0.1782132
0,35418,0.1780242
0,35419,0.1778356
0,35420,0.1776472
0,35421,0.1774591
0,35422,0.1772714
0,35423,0.1770838
0,35424,0.1768966
0,35425,0.1767097
0,35426,0.1765231
0,35427,0.1763367
0,35428,0.1761507
0,35429,0.1759649
0,35430,0.1757794
0,35431,0.1755942
0,35432,0.1754093
0,35433,0.1752246
0,35434,0.1750403
0,35435,0.1748562
0,35436,0.1746724
0,35437,0.1744889
0,35438,0.1743056
0,35439,0.1741227
0,35440,0.17394
0,35441,0.1737576
0,35442,0.1735755
0,35443,0.1733936
0,35444,0.1732121
0,35445,0.1730308
0,35446,0.1728498
0,35447,0.172669
0,35448,0.1724886
0,35449,0.1723084
0,35450,0.1721284
0,35451,0.1719488
0,35452,0.1717694
0,35453,0.1715903
0,35454,0.1714115
0,35455,0.171233
0,35456,0.1710547
0,35457,0.1708767
0,35458,0.1706989
0,35459,0.1705214
0,35460,0.1703442
0,35461,0.1701673
0,35462,0.1699906
0,35463,0.1698142
0,35464,0.1696381
0,35465,0.1694622
0,35466,0.1692866
0,35467,0.1691112
0,35468,0.1689362
0,35469,0.1687614
0,35470,0.1685868
0,35471,0.1684125
0,35472,0.1682385
0,35473,0.1680647
0,35474,0.1678912
0,35475,0.167718
0,35476,0.167545
0,35477,0.1673723
0,35478,0.1671998
0,35479,0.1670276
0,35480,0.1668557
0,35481,0.166684
0,35482,0.1665126
0,35483,0.1663414
0,35484,0.1661705
0,35485,0.1659998
0,35486,0.1658294
0,35487,0.1656593
0,35488,0.1654894
0,35489,0.1653197
0,35490,0.1651503
0,35491,0.1649812
0,35492,0.1648123
0,35493,0.1646437
0,35494,0.1644753
0,35495,0.1643072
0,35496,0.1641393
0,35497,0.1639717
0,35498,0.1638043
0,35499,0.1636372
0,35500,0.1634703
0,35501,0.1633036
0,35502,0.1631373
0,35503,0.1629711
0,35504,0.1628052
0,35505,0.1626396
0,35506,0.1624742
0,35507,0.1623091
0,35508,0.1621441
0,35509,0.1619795
0,35510,0.1618151
0,35511,0.1616509
0,35512,0.161487
0,35513,0.1613233
0,35514,0.1611598
0,35515,0.1609966
0,35516,0.1608337
0,35517,0.1606709
0,35518,0.1605085
0,35519,0.1603462
0,35520,0.1601842
0,35521,0.1600224
0,35522,0.1598609
0,35523,0.1596996
0,35524,0.1595386
0,35525,0.1593778
0,35526,0.1592172
0,35527,0.1590569
0,35528,0.1588967
0,35529,0.1587369
0,35530,0.1585772
0,35531,0.1584179
0,35532,0.1582587
0,35533,0.1580998
0,35534,0.1579411
0,35535,0.1577826
0,35536,0.1576244
0,35537,0.1574664
0,35538,0.1573086
0,35539,0.1571511
0,35540,0.1569938
0,35541,0.1568367
0,35542,0.1566799
0,35543,0.1565233
0,35544,0.1563669
0,35545,0.1562107
0,35546,0.1560548
0,35547,0.1558991
0,35548,0.1557436
0,35549,0.1555884
0,35550,0.1554334
0,35551,0.1552786
0,35552,0.155124
0,35553,0.1549697
0,35554,0.1548156
0,35555,0.1546617
0,35556,0.154508
0,35557,0.1543546
0,35558,0.1542013
0,35559,0.1540484
0,35560,0.1538956
0,35561,0.153743
0,35562,0.1535907
0,35563,0.1534386
0,35564,0.1532867
0,35565,0.153135
0,35566,0.1529836
0,35567,0.1528323
0,35568,0.1526813
0,35569,0.1525306
0,35570,0.15238
0,35571,0.1522296
0,35572,0.1520795
0,35573,0.1519296
0,35574,0.1517799
0,35575,0.1516304
0,35576,0.1514811
0,35577,0.1513321
0,35578,0.1511832
0,35579,0.1510346
0,35580,0.1508862
0,35581,0.150738
0,35582,0.15059
0,35583,0.1504423
0,35584,0.1502947
0,35585,0.1501474
0,35586,0.1500003
0,35587,0.1498533
0,35588,0.1497066
0,35589,0.1495602
0,35590,0.1494139
0,35591,0.1492678
0,35592,0.1491219
0,35593,0.1489763
0,35594,0.1488309
0,35595,0.1486856
0,35596,0.1485406
0,35597,0.1483958
0,35598,0.1482512
0,35599,0.1481068
0,35600,0.1479626
0,35601,0.1478186
0,35602,0.1476749
0,35603,0.1475313
0,35604,0.1473879
0,35605,0.1472447
0,35606,0.1471018
0,35607,0.146959
0,35608,0.1468165
0,35609,0.1466741
0,35610,0.146532
0,35611,0.14639
0,35612,0.1462483
0,35613,0.1461067
0,35614,0.1459654
0,35615,0.1458243
0,35616,0.1456833
0,35617,0.1455426
0,35618,0.1454021
0,35619,0.1452617
0,35620,0.1451216
0,35621,0.1449817
0,35622,0.144842
0,35623,0.1447024
0,35624,0.1445631
0,35625,0.1444239
0,35626,0.144285
0,35627,0.1441462
0,35628,0.1440077
0,35629,0.1438694
0,35630,0.1437312
0,35631,0.1435933
0,35632,0.1434555
0,35633,0.1433179
0,35634,0.1431805
0,35635,0.1430434
0,35636,0.1429064
0,35637,0.1427696
0,35638,0.142633
0,35639,0.1424966
0,35640,0.1423604
0,35641,0.1422244
0,35642,0.1420885
0,35643,0.1419529
0,35644,0.1418175
0,35645,0.1416822
0,35646,0.1415472
0,35647,0.1414123
0,35648,0.1412776
0,35649,0.1411431
0,35650,0.1410088
0,35651,0.1408747
0,35652,0.1407408
0,35653,0.140607
0,35654,0.1404735
0,35655,0.1403401
0,35656,0.1402069
0,35657,0.140074
0,35658,0.1399412
0,35659,0.1398085
0,35660,0.1396761
0,35661,0.1395438
0,35662,0.1394118
0,35663,0.1392799
0,35664,0.1391482
0,35665,0.1390167
0,35666,0.1388854
0,35667,0.1387542
0,35668,0.1386233
0,35669,0.1384925
0,35670,0.1383619
0,35671,0.1382315
0,35672,0.1381013
0,35673,0.1379712
0,35674,0.1378414
0,35675,0.1377117
0,35676,0.1375822
0,35677,0.1374529
0,35678,0.1373237
0,35679,0.1371948
0,35680,0.137066
0,35681,0.1369374
0,35682,0.1368089
0,35683,0.1366807
0,35684,0.1365526
0,35685,0.1364247
0,35686,0.136297
0,35687,0.1361695
0,35688,0.1360421
0,35689,0.1359149
0,35690,0.1357879
0,35691,0.1356611
0,35692,0.1355345
0,35693,0.135408
0,35694,0.1352817
0,35695,0.1351555
0,35696,0.1350296
0,35697,0.1349038
0,35698,0.1347782
0,35699,0.1346527
0,35700,0.1345275
0,35701,0.1344024
0,35702,0.1342774
0,35703,0.1341527
0,35704,0.1340281
0,35705,0.1339037
0,35706,0.1337795
0,35707,0.1336554
0,35708,0.1335315
0,35709,0.1334078
0,35710,0.1332843
0,35711,0.1331609
0,35712,0.1330377
0,35713,0.1329146
0,35714,0.1327917
0,35715,0.132669
0,35716,0.1325465
0,35717,0.1324241
0,35718,0.1323019
0,35719,0.1321799
0,35720,0.132058
0,35721,0.1319363
0,35722,0.1318148
0,35723,0.1316934
0,35724,0.1315722
0,35725,0.1314511
0,35726,0.1313303
0,35727,0.1312096
0,35728,0.131089
0,35729,0.1309686
0,35730,0.1308484
0,35731,0.1307284
0,35732,0.1306085
0,35733,0.1304887
0,35734,0.1303692
0,35735,0.1302498
0,35736,0.1301305
0,35737,0.1300115
0,35738,0.1298925
0,35739,0.1297738
0,35740,0.1296552
0,35741,0.1295368
0,35742,0.1294185
0,35743,0.1293004
0,35744,0.1291824
0,35745,0.1290646
0,35746,0.128947
0,35747,0.1288295
0,35748,0.1287122
0,35749,0.1285951
0,35750,0.1284781
0,35751,0.1283612
0,35752,0.1282445
0,35753,0.128128
0,35754,0.1280116
0,35755,0.1278954
0,35756,0.1277794
0,35757,0.1276635
0,35758,0.1275477
0,35759,0.1274321
0,35760,0.1273167
0,35761,0.1272014
0,35762,0.1270863
0,35763,0.1269713
0,35764,0.1268565
0,35765,0.1267419
0,35766,0.1266274
0,35767,0.126513
0,35768,0.1263988
0,35769,0.1262848
0,35770,0.1261709
0,35771,0.1260572
0,35772,0.1259436
0,35773,0.1258301
0,35774,0.1257169
0,35775,0.1256037
0,35776,0.1254907
0,35777,0.1253779
0,35778,0.1252652
0,35779,0.1251527
0,35780,0.1250403
0,35781,0.1249281
0,35782,0.124816
0,35783,0.1247041
0,35784,0.1245923
0,35785,0.1244807
0,35786,0.1243692
0,35787,0.1242579
0,35788,0.1241467
0,35789,0.1240357
0,35790,0.1239248
0,35791,0.123814
0,35792,0.1237034
0,35793,0.123593
0,35794,0.1234827
0,35795,0.1233725
0,35796,0.1232625
0,35797,0.1231527
0,35798,0.1230429
0,35799,0.1229334
0,35800,0.1228239
0,35801,0.1227147
0,35802,0.1226055
0,35803,0.1224965
0,35804,0.1223877
0,35805,0.122279
0,35806,0.1221704
0,35807,0.122062
0,35808,0.1219537
0,35809,0.1218456
0,35810,0.1217376
0,35811,0.1216297
0,35812,0.121522
0,35813,0.1214144
0,35814,0.121307
0,35815,0.1211997
0,35816,0.1210926
0,35817,0.1209856
0,35818,0.1208787
0,35819,0.120772
0,35820,0.1206654
0,35821,0.120559
0,35822,0.1204527
0,35823,0.1203465
0,35824,0.1202405
0,35825,0.1201346
0,35826,0.1200289
0,35827,0.1199233
0,35828,0.1198178
0,35829,0.1197125
0,35830,0.1196073
0,35831,0.1195022
0,35832,0.1193973
0,35833,0.1192925
0,35834,0.1191879
0,35835,0.1190834
0,35836,0.118979
0,35837,0.1188748
0,35838,0.1187707
0,35839,0.1186667
0,35840,0.1185629
0,35841,0.1184592
0,35842,0.1183556
0,35843,0.1182522
0,35844,0.1181489
0,35845,0.1180457
0,35846,0.1179427
0,35847,0.1178398
0,35848,0.1177371
0,35849,0.1176345
0,35850,0.117532
0,35851,0.1174296
0,35852,0.1173274
0,35853,0.1172253
0,35854,0.1171234
0,35855,0.1170215
0,35856,0.1169198
0,35857,0.1168183
0,35858,0.1167168
0,35859,0.1166155
0,35860,0.1165144
0,35861,0.1164133
0,35862,0.1163124
0,35863,0.1162116
0,35864,0.116111
0,35865,0.1160105
0,35866,0.1159101
0,35867,0.1158098
0,35868,0.1157097
0,35869,0.1156097
0,35870,0.1155098
0,35871,0.1154101
0,35872,0.1153104
0,35873,0.1152109
0,35874,0.1151116
0,35875,0.1150123
0,35876,0.1149132
0,35877,0.1148143
0,35878,0.1147154
0,35879,0.1146167
0,35880,0.1145181
0,35881,0.1144196
0,35882,0.1143212
0,35883,0.114223
0,35884,0.1141249
0,35885,0.1140269
0,35886,0.1139291
0,35887,0.1138314
0,35888,0.1137338
0,35889,0.1136363
0,35890,0.1135389
0,35891,0.1134417
0,35892,0.1133446
0,35893,0.1132476
0,35894,0.1131508
0,35895,0.113054
0,35896,0.1129574
0,35897,0.1128609
0,35898,0.1127646
0,35899,0.1126683
0,35900,0.1125722
0,35901,0.1124762
0,35902,0.1123803
0,35903,0.1122846
0,35904,0.1121889
0,35905,0.1120934
0,35906,0.111998
0,35907,0.1119028
0,35908,0.1118076
0,35909,0.1117126
0,35910,0.1116177
0,35911,0.1115229
0,35912,0.1114282
0,35913,0.1113337
0,35914,0.1112392
0,35915,0.1111449
0,35916,0.1110507
0,35917,0.1109567
0,35918,0.1108627
0,35919,0.1107689
0,35920,0.1106751
0,35921,0.1105815
0,35922,0.1104881
0,35923,0.1103947
0,35924,0.1103014
0,35925,0.1102083
0,35926,0.1101153
0,35927,0.1100224
0,35928,0.1099296
0,35929,0.1098369
0,35930,0.1097444
0,35931,0.1096519
0,35932,0.1095596
0,35933,0.1094674
0,35934,0.1093753
0,35935,0.1092833
0,35936,0.1091915
0,35937,0.1090997
0,35938,0.1090081
0,35939,0.1089166
0,35940,0.1088252
0,35941,0.1087339
0,35942,0.1086427
0,35943,0.1085516
0,35944,0.1084607
0,35945,0.1083699
0,35946,0.1082791
0,35947,0.1081885
0,35948,0.108098
0,35949,0.1080076
0,35950,0.1079174
0,35951,0.1078272
0,35952,0.1077372
0,35953,0.1076472
0,35954,0.1075574
0,35955,0.1074677
0,35956,0.1073781
0,35957,0.1072886
0,35958,0.1071992
0,35959,0.1071099
0,35960,0.1070208
0,35961,0.1069317
0,35962,0.1068428
0,35963,0.1067539
0,35964,0.1066652
0,35965,0.1065766
0,35966,0.1064881
0,35967,0.1063997
0,35968,0.1063114
0,35969,0.1062232
0,35970,0.1061352
0,35971,0.1060472
0,35972,0.1059594
0,35973,0.1058716
0,35974,0.105784
0,35975,0.1056965
0,35976,0.105609
0,35977,0.1055217
0,35978,0.1054345
0,35979,0.1053474
0,35980,0.1052604
0,35981,0.1051735
0,35982,0.1050868
0,35983,0.1050001
0,35984,0.1049135
0,35985,0.104827
0,35986,0.1047407
0,35987,0.1046544
0,35988,0.1045683
0,35989,0.1044822
0,35990,0.1043963
0,35991,0.1043105
0,35992,0.1042247
0,35993,0.1041391
0,35994,0.1040536
0,35995,0.1039682
0,35996,0.1038829
0,35997,0.1037977
0,35998,0.1037126
0,35999,0.1036276
0,36000,0.1035427
0,36001,0.1034588
0,36002,0.1034615
0,36003,0.1041112
0,36004,0.1065453
0,36005,0.1121134
0,36006,0.1220656
0,36007,0.1373883
0,36008,0.1587354
0,36009,0.186423
0,36010,0.2204596
0,36011,0.2606026
0,36012,0.3064255
0,36013,0.3573802
0,36014,0.4128528
0,36015,0.4722051
0,36016,0.5348057
0,36017,0.600051
0,36018,0.6673766
0,36019,0.7362657
0,36020,0.8062509
0,36021,0.8769151
0,36022,0.9478895
0,36023,1.018851
0,36024,1.089521
0,36025,1.159657
0,36026,1.229054
0,36027,1.29754
0,36028,1.364971
0,36029,1.431229
0,36030,1.496217
0,36031,1.559861
0,36032,1.622102
0,36033,1.682899
0,36034,1.742221
0,36035,1.80005
0,36036,1.856379
0,36037,1.911211
0,36038,1.964551
0,36039,2.016416
0,36040,2.066824
0,36041,2.115798
0,36042,2.163366
0,36043,2.209555
0,36044,2.254399
0,36045,2.29793
0,36046,2.340183
0,36047,2.381193
0,36048,2.420997
0,36049,2.459629
0,36050,2.497128
0,36051,2.533527
0,36052,2.568863
0,36053,2.603171
0,36054,2.636485
0,36055,2.668839
0,36056,2.700266
0,36057,2.730798
0,36058,2.760465
0,36059,2.789298
0,36060,2.817326
0,36061,2.844578
0,36062,2.87108
0,36063,2.89686
0,36064,2.921943
0,36065,2.946353
0,36066,2.970114
0,36067,2.993247
0,36068,3.015776
0,36069,3.03772
0,36070,3.059101
0,36071,3.079937
0,36072,3.100247
0,36073,3.120048
0,36074,3.139357
0,36075,3.158191
0,36076,3.176564
0,36077,3.194494
0,36078,3.211993
0,36079,3.229076
0,36080,3.245756
0,36081,3.262044
0,36082,3.277955
0,36083,3.293497
0,36084,3.308683
0,36085,3.323524
0,36086,3.338029
0,36087,3.35221
0,36088,3.366076
0,36089,3.379635
0,36090,3.392897
0,36091,3.40587
0,36092,3.418561
0,36093,3.430979
0,36094,3.443131
0,36095,3.455024
0,36096,3.466664
0,36097,3.47806
0,36098,3.489217
0,36099,3.500142
0,36100,3.510841
0,36101,3.521319
0,36102,3.531583
0,36103,3.541636
0,36104,3.551484
0,36105,3.56113
0,36106,3.570576
0,36107,3.579796
0,36108,3.588641
0,36109,3.596818
0,36110,3.603992
0,36111,3.609864
0,36112,3.614207
0,36113,3.616857
0,36114,3.617711
0,36115,3.616708
0,36116,3.613838
0,36117,3.609103
0,36118,3.602534
0,36119,3.59417
0,36120,3.584048
0,36121,3.572224
0,36122,3.558745
0,36123,3.543664
0,36124,3.527038
0,36125,3.50892
0,36126,3.489367
0,36127,3.46843
0,36128,3.446165
0,36129,3.422622
0,36130,3.397848
0,36131,3.371895
0,36132,3.344803
0,36133,3.316617
0,36134,3.28738
0,36135,3.257126
0,36136,3.225895
0,36137,3.193721
0,36138,3.160638
0,36139,3.126678
0,36140,3.091874
0,36141,3.056253
0,36142,3.019846
0,36143,2.982679
0,36144,2.944777
0,36145,2.906168
0,36146,2.866873
0,36147,2.826917
0,36148,2.786319
0,36149,2.745103
0,36150,2.703288
0,36151,2.660892
0,36152,2.617934
0,36153,2.574431
0,36154,2.530401
0,36155,2.485861
0,36156,2.440825
0,36157,2.395309
0,36158,2.349327
0,36159,2.3029
0,36160,2.256125
0,36161,2.209277
0,36162,2.162734
0,36163,2.116862
0,36164,2.071954
0,36165,2.028222
0,36166,1.985806
0,36167,1.944786
0,36168,1.905197
0,36169,1.867041
0,36170,1.830297
0,36171,1.794927
0,36172,1.760885
0,36173,1.728116
0,36174,1.696564
0,36175,1.666169
0,36176,1.636873
0,36177,1.608619
0,36178,1.581353
0,36179,1.55502
0,36180,1.529571
0,36181,1.504959
0,36182,1.481138
0,36183,1.458066
0,36184,1.435703
0,36185,1.414013
0,36186,1.392962
0,36187,1.372517
0,36188,1.352647
0,36189,1.333326
0,36190,1.314524
0,36191,1.296215
0,36192,1.278373
0,36193,1.260973
0,36194,1.243993
0,36195,1.227414
0,36196,1.211218
0,36197,1.195389
0,36198,1.179913
0,36199,1.164775
0,36200,1.149963
0,36201,1.135466
0,36202,1.121274
0,36203,1.107375
0,36204,1.093761
0,36205,1.080423
0,36206,1.067353
0,36207,1.054543
0,36208,1.041985
0,36209,1.029672
0,36210,1.017597
0,36211,1.005755
0,36212,0.9941393
0,36213,0.9827434
0,36214,0.9715622
0,36215,0.9605901
0,36216,0.949822
0,36217,0.9392529
0,36218,0.9288781
0,36219,0.9186929
0,36220,0.9086932
0,36221,0.8988745
0,36222,0.8892328
0,36223,0.879764
0,36224,0.8704644
0,36225,0.8613302
0,36226,0.8523578
0,36227,0.8435438
0,36228,0.8348846
0,36229,0.8263771
0,36230,0.818018
0,36231,0.8098043
0,36232,0.801733
0,36233,0.7938011
0,36234,0.7860059
0,36235,0.7783444
0,36236,0.770814
0,36237,0.7634122
0,36238,0.7561363
0,36239,0.7489838
0,36240,0.7419524
0,36241,0.7350395
0,36242,0.7282431
0,36243,0.7215607
0,36244,0.7149901
0,36245,0.7085293
0,36246,0.7021761
0,36247,0.6959285
0,36248,0.6897843
0,36249,0.6837419
0,36250,0.677799
0,36251,0.671954
0,36252,0.666205
0,36253,0.6605502
0,36254,0.6549878
0,36255,0.6495162
0,36256,0.6441335
0,36257,0.6388383
0,36258,0.6336288
0,36259,0.6285037
0,36260,0.6234611
0,36261,0.6184998
0,36262,0.6136181
0,36263,0.6088146
0,36264,0.604088
0,36265,0.5994368
0,36266,0.5948597
0,36267,0.5903553
0,36268,0.5859224
0,36269,0.5815596
0,36270,0.5772657
0,36271,0.5730394
0,36272,0.5688796
0,36273,0.5647851
0,36274,0.5607546
0,36275,0.5567871
0,36276,0.5528815
0,36277,0.5490366
0,36278,0.5452514
0,36279,0.5415248
0,36280,0.5378558
0,36281,0.5342433
0,36282,0.5306865
0,36283,0.5271842
0,36284,0.5237356
0,36285,0.5203397
0,36286,0.5169955
0,36287,0.5137023
0,36288,0.510459
0,36289,0.5072648
0,36290,0.5041189
0,36291,0.5010203
0,36292,0.4979684
0,36293,0.4949622
0,36294,0.492001
0,36295,0.489084
0,36296,0.4862104
0,36297,0.4833795
0,36298,0.4805906
0,36299,0.4778429
0,36300,0.4751356
0,36301,0.4724682
0,36302,0.4698398
0,36303,0.4672499
0,36304,0.4646978
0,36305,0.4621828
0,36306,0.4597043
0,36307,0.4572617
0,36308,0.4548542
0,36309,0.4524814
0,36310,0.4501427
0,36311,0.4478374
0,36312,0.445565
0,36313,0.4433249
0,36314,0.4411166
0,36315,0.4389395
0,36316,0.4367931
0,36317,0.4346768
0,36318,0.4325902
0,36319,0.4305328
0,36320,0.428504
0,36321,0.4265033
0,36322,0.4245303
0,36323,0.4225845
0,36324,0.4206655
0,36325,0.4187728
0,36326,0.4169059
0,36327,0.4150643
0,36328,0.4132478
0,36329,0.4114558
0,36330,0.409688
0,36331,0.4079438
0,36332,0.406223
0,36333,0.4045251
0,36334,0.4028498
0,36335,0.4011966
0,36336,0.3995652
0,36337,0.3979551
0,36338,0.3963662
0,36339,0.394798
0,36340,0.39325
0,36341,0.3917221
0,36342,0.3902139
0,36343,0.388725
0,36344,0.3872552
0,36345,0.385804
0,36346,0.3843712
0,36347,0.3829564
0,36348,0.3815595
0,36349,0.38018
0,36350,0.3788176
0,36351,0.3774722
0,36352,0.3761434
0,36353,0.3748309
0,36354,0.3735345
0,36355,0.3722539
0,36356,0.3709887
0,36357,0.3697389
0,36358,0.368504
0,36359,0.367284
0,36360,0.3660784
0,36361,0.3648871
0,36362,0.3637099
0,36363,0.3625465
0,36364,0.3613966
0,36365,0.3602601
0,36366,0.3591368
0,36367,0.3580263
0,36368,0.3569286
0,36369,0.3558433
0,36370,0.3547703
0,36371,0.3537094
0,36372,0.3526604
0,36373,0.3516231
0,36374,0.3505973
0,36375,0.3495828
0,36376,0.3485794
0,36377,0.3475869
0,36378,0.3466052
0,36379,0.3456341
0,36380,0.3446734
0,36381,0.3437229
0,36382,0.3427826
0,36383,0.3418521
0,36384,0.3409314
0,36385,0.3400202
0,36386,0.3391185
0,36387,0.3382261
0,36388,0.3373428
0,36389,0.3364685
0,36390,0.335603
0,36391,0.3347462
0,36392,0.333898
0,36393,0.3330581
0,36394,0.3322266
0,36395,0.3314032
0,36396,0.3305879
0,36397,0.3297804
0,36398,0.3289806
0,36399,0.3281885
0,36400,0.327404
0,36401,0.3266268
0,36402,0.3258569
0,36403,0.3250941
0,36404,0.3243384
0,36405,0.3235897
0,36406,0.3228477
0,36407,0.3221125
0,36408,0.3213839
0,36409,0.3206618
0,36410,0.3199461
0,36411,0.3192366
0,36412,0.3185334
0,36413,0.3178363
0,36414,0.3171452
0,36415,0.31646
0,36416,0.3157807
0,36417,0.3151071
0,36418,0.3144391
0,36419,0.3137767
0,36420,0.3131197
0,36421,0.3124681
0,36422,0.3118218
0,36423,0.3111808
0,36424,0.3105449
0,36425,0.309914
0,36426,0.3092881
0,36427,0.3086672
0,36428,0.308051
0,36429,0.3074396
0,36430,0.3068329
0,36431,0.3062308
0,36432,0.3056332
0,36433,0.3050401
0,36434,0.3044514
0,36435,0.3038671
0,36436,0.303287
0,36437,0.3027111
0,36438,0.3021394
0,36439,0.3015718
0,36440,0.3010081
0,36441,0.3004484
0,36442,0.2998927
0,36443,0.2993408
0,36444,0.2987927
0,36445,0.2982483
0,36446,0.2977075
0,36447,0.2971704
0,36448,0.2966369
0,36449,0.2961069
0,36450,0.2955803
0,36451,0.2950572
0,36452,0.2945374
0,36453,0.294021
0,36454,0.2935078
0,36455,0.2929978
0,36456,0.292491
0,36457,0.2919873
0,36458,0.2914867
0,36459,0.2909892
0,36460,0.2904946
0,36461,0.290003
0,36462,0.2895143
0,36463,0.2890285
0,36464,0.2885455
0,36465,0.2880653
0,36466,0.2875879
0,36467,0.2871131
0,36468,0.2866411
0,36469,0.2861716
0,36470,0.2857048
0,36471,0.2852406
0,36472,0.2847788
0,36473,0.2843196
0,36474,0.2838629
0,36475,0.2834085
0,36476,0.2829566
0,36477,0.282507
0,36478,0.2820597
0,36479,0.2816148
0,36480,0.2811721
0,36481,0.2807316
0,36482,0.2802934
0,36483,0.2798573
0,36484,0.2794234
0,36485,0.2789916
0,36486,0.2785619
0,36487,0.2781343
0,36488,0.2777087
0,36489,0.2772851
0,36490,0.2768635
0,36491,0.2764439
0,36492,0.2760262
0,36493,0.2756104
0,36494,0.2751965
0,36495,0.2747845
0,36496,0.2743743
0,36497,0.2739659
0,36498,0.2735593
0,36499,0.2731545
0,36500,0.2727514
0,36501,0.2723501
0,36502,0.2719505
0,36503,0.2715525
0,36504,0.2711563
0,36505,0.2707616
0,36506,0.2703686
0,36507,0.2699772
0,36508,0.2695874
0,36509,0.2691991
0,36510,0.2688124
0,36511,0.2684273
0,36512,0.2680436
0,36513,0.2676614
0,36514,0.2672808
0,36515,0.2669015
0,36516,0.2665237
0,36517,0.2661474
0,36518,0.2657725
0,36519,0.2653989
0,36520,0.2650267
0,36521,0.2646559
0,36522,0.2642865
0,36523,0.2639184
0,36524,0.2635516
0,36525,0.2631861
0,36526,0.2628219
0,36527,0.262459
0,36528,0.2620973
0,36529,0.2617369
0,36530,0.2613777
0,36531,0.2610197
0,36532,0.2606629
0,36533,0.2603074
0,36534,0.2599531
0,36535,0.2595999
0,36536,0.2592478
0,36537,0.2588969
0,36538,0.2585472
0,36539,0.2581986
0,36540,0.2578511
0,36541,0.2575047
0,36542,0.2571594
0,36543,0.2568151
0,36544,0.2564719
0,36545,0.2561298
0,36546,0.2557887
0,36547,0.2554487
0,36548,0.2551096
0,36549,0.2547716
0,36550,0.2544347
0,36551,0.2540987
0,36552,0.2537637
0,36553,0.2534297
0,36554,0.2530966
0,36555,0.2527645
0,36556,0.2524334
0,36557,0.2521031
0,36558,0.2517739
0,36559,0.2514456
0,36560,0.2511181
0,36561,0.2507916
0,36562,0.250466
0,36563,0.2501413
0,36564,0.2498174
0,36565,0.2494945
0,36566,0.2491724
0,36567,0.2488512
0,36568,0.2485308
0,36569,0.2482113
0,36570,0.2478927
0,36571,0.2475749
0,36572,0.2472578
0,36573,0.2469417
0,36574,0.2466263
0,36575,0.2463118
0,36576,0.245998
0,36577,0.2456851
0,36578,0.2453729
0,36579,0.2450615
0,36580,0.2447509
0,36581,0.2444411
0,36582,0.2441321
0,36583,0.2438238
0,36584,0.2435162
0,36585,0.2432095
0,36586,0.2429034
0,36587,0.2425981
0,36588,0.2422935
0,36589,0.2419897
0,36590,0.2416866
0,36591,0.2413842
0,36592,0.2410825
0,36593,0.2407815
0,36594,0.2404812
0,36595,0.2401817
0,36596,0.2398828
0,36597,0.2395846
0,36598,0.2392871
0,36599,0.2389902
0,36600,0.2386941
0,36601,0.2383986
0,36602,0.2381038
0,36603,0.2378096
0,36604,0.2375161
0,36605,0.2372233
0,36606,0.2369311
0,36607,0.2366396
0,36608,0.2363487
0,36609,0.2360584
0,36610,0.2357688
0,36611,0.2354798
0,36612,0.2351914
0,36613,0.2349036
0,36614,0.2346165
0,36615,0.2343299
0,36616,0.234044
0,36617,0.2337587
0,36618,0.2334739
0,36619,0.2331898
0,36620,0.2329063
0,36621,0.2326234
0,36622,0.2323411
0,36623,0.2320594
0,36624,0.2317782
0,36625,0.2314976
0,36626,0.2312177
0,36627,0.2309382
0,36628,0.2306594
0,36629,0.2303811
0,36630,0.2301034
0,36631,0.2298262
0,36632,0.2295496
0,36633,0.2292736
0,36634,0.2289981
0,36635,0.2287231
0,36636,0.2284487
0,36637,0.2281748
0,36638,0.2279015
0,36639,0.2276287
0,36640,0.2273565
0,36641,0.2270848
0,36642,0.2268136
0,36643,0.2265429
0,36644,0.2262728
0,36645,0.2260032
0,36646,0.2257342
0,36647,0.2254656
0,36648,0.2251976
0,36649,0.2249301
0,36650,0.224663
0,36651,0.2243965
0,36652,0.2241305
0,36653,0.223865
0,36654,0.2236
0,36655,0.2233355
0,36656,0.2230715
0,36657,0.222808
0,36658,0.222545
0,36659,0.2222825
0,36660,0.2220204
0,36661,0.2217589
0,36662,0.2214978
0,36663,0.2212373
0,36664,0.2209772
0,36665,0.2207176
0,36666,0.2204584
0,36667,0.2201998
0,36668,0.2199416
0,36669,0.2196839
0,36670,0.2194267
0,36671,0.2191699
0,36672,0.2189136
0,36673,0.2186578
0,36674,0.2184024
0,36675,0.2181475
0,36676,0.217893
0,36677,0.217639
0,36678,0.2173855
0,36679,0.2171324
0,36680,0.2168798
0,36681,0.2166276
0,36682,0.2163759
0,36683,0.2161246
0,36684,0.2158738
0,36685,0.2156234
0,36686,0.2153734
0,36687,0.2151239
0,36688,0.2148749
0,36689,0.2146263
0,36690,0.2143781
0,36691,0.2141304
0,36692,0.213883
0,36693,0.2136362
0,36694,0.2133897
0,36695,0.2131437
0,36696,0.2128982
0,36697,0.212653
0,36698,0.2124083
0,36699,0.212164
0,36700,0.2119201
0,36701,0.2116767
0,36702,0.2114336
0,36703,0.211191
0,36704,0.2109489
0,36705,0.2107071
0,36706,0.2104657
0,36707,0.2102248
0,36708,0.2099843
0,36709,0.2097442
0,36710,0.2095045
0,36711,0.2092652
0,36712,0.2090263
0,36713,0.2087878
0,36714,0.2085497
0,36715,0.2083121
0,36716,0.2080748
0,36717,0.207838
0,36718,0.2076015
0,36719,0.2073655
0,36720,0.2071298
0,36721,0.2068946
0,36722,0.2066597
0,36723,0.2064253
0,36724,0.2061912
0,36725,0.2059575
0,36726,0.2057243
0,36727,0.2054914
0,36728,0.2052589
0,36729,0.2050268
0,36730,0.2047951
0,36731,0.2045638
0,36732,0.2043328
0,36733,0.2041023
0,36734,0.2038721
0,36735,0.2036424
0,36736,0.203413
0,36737,0.2031839
0,36738,0.2029553
0,36739,0.202727
0,36740,0.2024991
0,36741,0.2022716
0,36742,0.2020445
0,36743,0.2018177
0,36744,0.2015913
0,36745,0.2013653
0,36746,0.2011396
0,36747,0.2009144
0,36748,0.2006895
0,36749,0.2004649
0,36750,0.2002408
0,36751,0.200017
0,36752,0.1997936
0,36753,0.1995706
0,36754,0.1993479
0,36755,0.1991256
0,36756,0.1989036
0,36757,0.198682
0,36758,0.1984608
0,36759,0.1982399
0,36760,0.1980194
0,36761,0.1977993
0,36762,0.1975795
0,36763,0.1973601
0,36764,0.197141
0,36765,0.1969222
0,36766,0.1967039
0,36767,0.1964858
0,36768,0.1962682
0,36769,0.1960508
0,36770,0.1958339
0,36771,0.1956172
0,36772,0.1954009
0,36773,0.195185
0,36774,0.1949694
0,36775,0.1947542
0,36776,0.1945392
0,36777,0.1943247
0,36778,0.1941104
0,36779,0.1938966
0,36780,0.1936831
0,36781,0.1934699
0,36782,0.1932571
0,36783,0.1930446
0,36784,0.1928325
0,36785,0.1926207
0,36786,0.1924092
0,36787,0.1921981
0,36788,0.1919873
0,36789,0.1917768
0,36790,0.1915667
0,36791,0.1913569
0,36792,0.1911474
0,36793,0.1909383
0,36794,0.1907295
0,36795,0.190521
0,36796,0.1903129
0,36797,0.1901051
0,36798,0.1898976
0,36799,0.1896905
0,36800,0.1894836
0,36801,0.1892771
0,36802,0.189071
0,36803,0.1888651
0,36804,0.1886596
0,36805,0.1884544
0,36806,0.1882495
0,36807,0.1880449
0,36808,0.1878407
0,36809,0.1876367
0,36810,0.1874331
0,36811,0.1872299
0,36812,0.1870269
0,36813,0.1868243
0,36814,0.186622
0,36815,0.18642
0,36816,0.1862183
0,36817,0.1860169
0,36818,0.1858159
0,36819,0.1856151
0,36820,0.1854147
0,36821,0.1852146
0,36822,0.1850148
0,36823,0.1848153
0,36824,0.1846161
0,36825,0.1844173
0,36826,0.1842187
0,36827,0.1840205
0,36828,0.1838226
0,36829,0.1836249
0,36830,0.1834276
0,36831,0.1832306
0,36832,0.1830339
0,36833,0.1828375
0,36834,0.1826414
0,36835,0.1824456
0,36836,0.1822501
0,36837,0.1820549
0,36838,0.18186
0,36839,0.1816655
0,36840,0.1814712
0,36841,0.1812772
0,36842,0.1810835
0,36843,0.1808902
0,36844,0.1806971
0,36845,0.1805043
0,36846,0.1803118
0,36847,0.1801196
0,36848,0.1799278
0,36849,0.1797362
0,36850,0.1795449
0,36851,0.1793539
0,36852,0.1791632
0,36853,0.1789728
0,36854,0.1787826
0,36855,0.1785928
0,36856,0.1784033
0,36857,0.178214
0,36858,0.1780251
0,36859,0.1778364
0,36860,0.1776481
0,36861,0.17746
0,36862,0.1772722
0,36863,0.1770847
0,36864,0.1768975
0,36865,0.1767106
0,36866,0.1765239
0,36867,0.1763376
0,36868,0.1761515
0,36869,0.1759658
0,36870,0.1757803
0,36871,0.175595
0,36872,0.1754101
0,36873,0.1752255
0,36874,0.1750411
0,36875,0.174857
0,36876,0.1746732
0,36877,0.1744897
0,36878,0.1743065
0,36879,0.1741235
0,36880,0.1739409
0,36881,0.1737584
0,36882,0.1735763
0,36883,0.1733945
0,36884,0.1732129
0,36885,0.1730316
0,36886,0.1728506
0,36887,0.1726699
0,36888,0.1724894
0,36889,0.1723092
0,36890,0.1721293
0,36891,0.1719497
0,36892,0.1717703
0,36893,0.1715912
0,36894,0.1714124
0,36895,0.1712338
0,36896,0.1710555
0,36897,0.1708775
0,36898,0.1706997
0,36899,0.1705223
0,36900,0.1703451
0,36901,0.1701681
0,36902,0.1699914
0,36903,0.169815
0,36904,0.1696389
0,36905,0.169463
0,36906,0.1692874
0,36907,0.1691121
0,36908,0.168937
0,36909,0.1687622
0,36910,0.1685877
0,36911,0.1684134
0,36912,0.1682393
0,36913,0.1680656
0,36914,0.1678921
0,36915,0.1677188
0,36916,0.1675459
0,36917,0.1673731
0,36918,0.1672007
0,36919,0.1670285
0,36920,0.1668565
0,36921,0.1666849
0,36922,0.1665134
0,36923,0.1663422
0,36924,0.1661713
0,36925,0.1660007
0,36926,0.1658303
0,36927,0.1656601
0,36928,0.1654902
0,36929,0.1653206
0,36930,0.1651512
0,36931,0.164982
0,36932,0.1648131
0,36933,0.1646445
0,36934,0.1644761
0,36935,0.164308
0,36936,0.1641401
0,36937,0.1639725
0,36938,0.1638051
0,36939,0.163638
0,36940,0.1634711
0,36941,0.1633045
0,36942,0.1631381
0,36943,0.162972
0,36944,0.1628061
0,36945,0.1626405
0,36946,0.162475
0,36947,0.1623099
0,36948,0.162145
0,36949,0.1619803
0,36950,0.1618159
0,36951,0.1616517
0,36952,0.1614878
0,36953,0.1613241
0,36954,0.1611607
0,36955,0.1609975
0,36956,0.1608345
0,36957,0.1606718
0,36958,0.1605093
0,36959,0.1603471
0,36960,0.1601851
0,36961,0.1600233
0,36962,0.1598618
0,36963,0.1597005
0,36964,0.1595394
0,36965,0.1593786
0,36966,0.159218
0,36967,0.1590577
0,36968,0.1588976
0,36969,0.1587377
0,36970,0.1585781
0,36971,0.1584187
0,36972,0.1582595
0,36973,0.1581006
0,36974,0.1579419
0,36975,0.1577834
0,36976,0.1576252
0,36977,0.1574672
0,36978,0.1573095
0,36979,0.1571519
0,36980,0.1569946
0,36981,0.1568376
0,36982,0.1566807
0,36983,0.1565241
0,36984,0.1563677
0,36985,0.1562116
0,36986,0.1560556
0,36987,0.1558999
0,36988,0.1557445
0,36989,0.1555892
0,36990,0.1554342
0,36991,0.1552794
0,36992,0.1551249
0,36993,0.1549705
0,36994,0.1548164
0,36995,0.1546625
0,36996,0.1545089
0,36997,0.1543554
0,36998,0.1542022
0,36999,0.1540492
0,37000,0.1538964
0,37001,0.1537439
0,37002,0.1535915
0,37003,0.1534394
0,37004,0.1532875
0,37005,0.1531359
0,37006,0.1529844
0,37007,0.1528332
0,37008,0.1526822
0,37009,0.1525314
0,37010,0.1523808
0,37011,0.1522305
0,37012,0.1520803
0,37013,0.1519304
0,37014,0.1517807
0,37015,0.1516312
0,37016,0.151482
0,37017,0.1513329
0,37018,0.1511841
0,37019,0.1510354
0,37020,0.150887
0,37021,0.1507389
0,37022,0.1505909
0,37023,0.1504431
0,37024,0.1502956
0,37025,0.1501482
0,37026,0.1500011
0,37027,0.1498542
0,37028,0.1497075
0,37029,0.149561
0,37030,0.1494147
0,37031,0.1492686
0,37032,0.1491228
0,37033,0.1489771
0,37034,0.1488317
0,37035,0.1486865
0,37036,0.1485415
0,37037,0.1483966
0,37038,0.148252
0,37039,0.1481076
0,37040,0.1479635
0,37041,0.1478195
0,37042,0.1476757
0,37043,0.1475321
0,37044,0.1473887
0,37045,0.1472456
0,37046,0.1471026
0,37047,0.1469599
0,37048,0.1468173
0,37049,0.146675
0,37050,0.1465328
0,37051,0.1463909
0,37052,0.1462491
0,37053,0.1461076
0,37054,0.1459662
0,37055,0.1458251
0,37056,0.1456842
0,37057,0.1455435
0,37058,0.1454029
0,37059,0.1452626
0,37060,0.1451225
0,37061,0.1449825
0,37062,0.1448428
0,37063,0.1447033
0,37064,0.1445639
0,37065,0.1444248
0,37066,0.1442858
0,37067,0.1441471
0,37068,0.1440085
0,37069,0.1438702
0,37070,0.143732
0,37071,0.1435941
0,37072,0.1434563
0,37073,0.1433188
0,37074,0.1431814
0,37075,0.1430442
0,37076,0.1429072
0,37077,0.1427704
0,37078,0.1426338
0,37079,0.1424974
0,37080,0.1423612
0,37081,0.1422252
0,37082,0.1420894
0,37083,0.1419538
0,37084,0.1418183
0,37085,0.1416831
0,37086,0.141548
0,37087,0.1414131
0,37088,0.1412785
0,37089,0.141144
0,37090,0.1410097
0,37091,0.1408755
0,37092,0.1407416
0,37093,0.1406079
0,37094,0.1404743
0,37095,0.140341
0,37096,0.1402078
0,37097,0.1400748
0,37098,0.139942
0,37099,0.1398094
0,37100,0.1396769
0,37101,0.1395447
0,37102,0.1394126
0,37103,0.1392808
0,37104,0.1391491
0,37105,0.1390176
0,37106,0.1388862
0,37107,0.1387551
0,37108,0.1386241
0,37109,0.1384933
0,37110,0.1383628
0,37111,0.1382324
0,37112,0.1381021
0,37113,0.1379721
0,37114,0.1378422
0,37115,0.1377125
0,37116,0.137583
0,37117,0.1374537
0,37118,0.1373246
0,37119,0.1371956
0,37120,0.1370668
0,37121,0.1369382
0,37122,0.1368098
0,37123,0.1366815
0,37124,0.1365535
0,37125,0.1364256
0,37126,0.1362979
0,37127,0.1361703
0,37128,0.136043
0,37129,0.1359158
0,37130,0.1357888
0,37131,0.1356619
0,37132,0.1355353
0,37133,0.1354088
0,37134,0.1352825
0,37135,0.1351564
0,37136,0.1350304
0,37137,0.1349046
0,37138,0.134779
0,37139,0.1346536
0,37140,0.1345283
0,37141,0.1344032
0,37142,0.1342783
0,37143,0.1341535
0,37144,0.134029
0,37145,0.1339045
0,37146,0.1337803
0,37147,0.1336562
0,37148,0.1335324
0,37149,0.1334086
0,37150,0.1332851
0,37151,0.1331617
0,37152,0.1330385
0,37153,0.1329154
0,37154,0.1327926
0,37155,0.1326699
0,37156,0.1325473
0,37157,0.1324249
0,37158,0.1323027
0,37159,0.1321807
0,37160,0.1320588
0,37161,0.1319371
0,37162,0.1318156
0,37163,0.1316942
0,37164,0.131573
0,37165,0.131452
0,37166,0.1313311
0,37167,0.1312104
0,37168,0.1310898
0,37169,0.1309694
0,37170,0.1308492
0,37171,0.1307292
0,37172,0.1306093
0,37173,0.1304896
0,37174,0.13037
0,37175,0.1302506
0,37176,0.1301314
0,37177,0.1300123
0,37178,0.1298934
0,37179,0.1297746
0,37180,0.129656
0,37181,0.1295376
0,37182,0.1294193
0,37183,0.1293012
0,37184,0.1291832
0,37185,0.1290655
0,37186,0.1289478
0,37187,0.1288304
0,37188,0.128713
0,37189,0.1285959
0,37190,0.1284789
0,37191,0.128362
0,37192,0.1282454
0,37193,0.1281288
0,37194,0.1280125
0,37195,0.1278962
0,37196,0.1277802
0,37197,0.1276643
0,37198,0.1275486
0,37199,0.127433
0,37200,0.1273175
0,37201,0.1272023
0,37202,0.1270871
0,37203,0.1269722
0,37204,0.1268574
0,37205,0.1267427
0,37206,0.1266282
0,37207,0.1265139
0,37208,0.1263997
0,37209,0.1262856
0,37210,0.1261717
0,37211,0.126058
0,37212,0.1259444
0,37213,0.125831
0,37214,0.1257177
0,37215,0.1256045
0,37216,0.1254916
0,37217,0.1253787
0,37218,0.1252661
0,37219,0.1251535
0,37220,0.1250412
0,37221,0.1249289
0,37222,0.1248168
0,37223,0.1247049
0,37224,0.1245931
0,37225,0.1244815
0,37226,0.12437
0,37227,0.1242587
0,37228,0.1241475
0,37229,0.1240365
0,37230,0.1239256
0,37231,0.1238148
0,37232,0.1237042
0,37233,0.1235938
0,37234,0.1234835
0,37235,0.1233733
0,37236,0.1232633
0,37237,0.1231535
0,37238,0.1230438
0,37239,0.1229342
0,37240,0.1228248
0,37241,0.1227155
0,37242,0.1226063
0,37243,0.1224973
0,37244,0.1223885
0,37245,0.1222798
0,37246,0.1221712
0,37247,0.1220628
0,37248,0.1219545
0,37249,0.1218464
0,37250,0.1217384
0,37251,0.1216305
0,37252,0.1215228
0,37253,0.1214153
0,37254,0.1213078
0,37255,0.1212006
0,37256,0.1210934
0,37257,0.1209864
0,37258,0.1208795
0,37259,0.1207728
0,37260,0.1206662
0,37261,0.1205598
0,37262,0.1204535
0,37263,0.1203473
0,37264,0.1202413
0,37265,0.1201354
0,37266,0.1200297
0,37267,0.1199241
0,37268,0.1198186
0,37269,0.1197133
0,37270,0.1196081
0,37271,0.119503
0,37272,0.1193981
0,37273,0.1192933
0,37274,0.1191887
0,37275,0.1190842
0,37276,0.1189798
0,37277,0.1188756
0,37278,0.1187715
0,37279,0.1186675
0,37280,0.1185637
0,37281,0.11846
0,37282,0.1183564
0,37283,0.118253
0,37284,0.1181497
0,37285,0.1180466
0,37286,0.1179435
0,37287,0.1178406
0,37288,0.1177379
0,37289,0.1176353
0,37290,0.1175328
0,37291,0.1174304
0,37292,0.1173282
0,37293,0.1172261
0,37294,0.1171242
0,37295,0.1170223
0,37296,0.1169206
0,37297,0.1168191
0,37298,0.1167177
0,37299,0.1166164
0,37300,0.1165152
0,37301,0.1164141
0,37302,0.1163132
0,37303,0.1162125
0,37304,0.1161118
0,37305,0.1160113
0,37306,0.1159109
0,37307,0.1158106
0,37308,0.1157105
0,37309,0.1156105
0,37310,0.1155106
0,37311,0.1154109
0,37312,0.1153112
0,37313,0.1152118
0,37314,0.1151124
0,37315,0.1150132
0,37316,0.114914
0,37317,0.1148151
0,37318,0.1147162
0,37319,0.1146175
0,37320,0.1145189
0,37321,0.1144204
0,37322,0.114322
0,37323,0.1142238
0,37324,0.1141257
0,37325,0.1140277
0,37326,0.1139299
0,37327,0.1138322
0,37328,0.1137346
0,37329,0.1136371
0,37330,0.1135397
0,37331,0.1134425
0,37332,0.1133454
0,37333,0.1132484
0,37334,0.1131516
0,37335,0.1130548
0,37336,0.1129582
0,37337,0.1128617
0,37338,0.1127654
0,37339,0.1126691
0,37340,0.112573
0,37341,0.112477
0,37342,0.1123811
0,37343,0.1122854
0,37344,0.1121897
0,37345,0.1120942
0,37346,0.1119988
0,37347,0.1119036
0,37348,0.1118084
0,37349,0.1117134
0,37350,0.1116185
0,37351,0.1115237
0,37352,0.111429
0,37353,0.1113345
0,37354,0.11124
0,37355,0.1111457
0,37356,0.1110515
0,37357,0.1109575
0,37358,0.1108635
0,37359,0.1107697
0,37360,0.1106759
0,37361,0.1105823
0,37362,0.1104889
0,37363,0.1103955
0,37364,0.1103022
0,37365,0.1102091
0,37366,0.1101161
0,37367,0.1100232
0,37368,0.1099304
0,37369,0.1098377
0,37370,0.1097452
0,37371,0.1096527
0,37372,0.1095604
0,37373,0.1094682
0,37374,0.1093761
0,37375,0.1092841
0,37376,0.1091923
0,37377,0.1091005
0,37378,0.1090089
0,37379,0.1089174
0,37380,0.108826
0,37381,0.1087347
0,37382,0.1086435
0,37383,0.1085524
0,37384,0.1084615
0,37385,0.1083707
0,37386,0.1082799
0,37387,0.1081893
0,37388,0.1080988
0,37389,0.1080084
0,37390,0.1079182
0,37391,0.107828
0,37392,0.107738
0,37393,0.107648
0,37394,0.1075582
0,37395,0.1074685
0,37396,0.1073789
0,37397,0.1072894
0,37398,0.1072
0,37399,0.1071107
0,37400,0.1070216
0,37401,0.1069325
0,37402,0.1068436
0,37403,0.1067547
0,37404,0.106666
0,37405,0.1065774
0,37406,0.1064889
0,37407,0.1064005
0,37408,0.1063122
0,37409,0.106224
0,37410,0.106136
0,37411,0.106048
0,37412,0.1059602
0,37413,0.1058724
0,37414,0.1057848
0,37415,0.1056973
0,37416,0.1056098
0,37417,0.1055225
0,37418,0.1054353
0,37419,0.1053482
0,37420,0.1052612
0,37421,0.1051743
0,37422,0.1050876
0,37423,0.1050009
0,37424,0.1049143
0,37425,0.1048279
0,37426,0.1047415
0,37427,0.1046552
0,37428,0.1045691
0,37429,0.104483
0,37430,0.1043971
0,37431,0.1043113
0,37432,0.1042255
0,37433,0.1041399
0,37434,0.1040544
0,37435,0.103969
0,37436,0.1038837
0,37437,0.1037985
0,37438,0.1037134
0,37439,0.1036284
0,37440,0.1035435
0,37441,0.1034596
0,37442,0.1034623
0,37443,0.104112
0,37444,0.1065461
0,37445,0.1121142
0,37446,0.1220664
0,37447,0.137389
0,37448,0.1587362
0,37449,0.1864239
0,37450,0.2204604
0,37451,0.2606034
0,37452,0.3064263
0,37453,0.357381
0,37454,0.4128536
0,37455,0.4722059
0,37456,0.5348065
0,37457,0.6000518
0,37458,0.6673774
0,37459,0.7362665
0,37460,0.8062518
0,37461,0.8769159
0,37462,0.9478903
0,37463,1.018852
0,37464,1.089522
0,37465,1.159657
0,37466,1.229055
0,37467,1.297541
0,37468,1.364972
0,37469,1.43123
0,37470,1.496218
0,37471,1.559862
0,37472,1.622103
0,37473,1.682899
0,37474,1.742221
0,37475,1.800051
0,37476,1.85638
0,37477,1.911211
0,37478,1.964552
0,37479,2.016417
0,37480,2.066825
0,37481,2.115799
0,37482,2.163366
0,37483,2.209556
0,37484,2.2544
0,37485,2.297931
0,37486,2.340184
0,37487,2.381194
0,37488,2.420998
0,37489,2.45963
0,37490,2.497128
0,37491,2.533528
0,37492,2.568864
0,37493,2.603172
0,37494,2.636486
0,37495,2.66884
0,37496,2.700267
0,37497,2.730798
0,37498,2.760466
0,37499,2.789299
0,37500,2.817327
0,37501,2.844579
0,37502,2.871081
0,37503,2.896861
0,37504,2.921944
0,37505,2.946354
0,37506,2.970114
0,37507,2.993248
0,37508,3.015777
0,37509,3.037721
0,37510,3.059102
0,37511,3.079938
0,37512,3.100248
0,37513,3.120049
0,37514,3.139358
0,37515,3.158192
0,37516,3.176565
0,37517,3.194495
0,37518,3.211994
0,37519,3.229077
0,37520,3.245757
0,37521,3.262045
0,37522,3.277955
0,37523,3.293498
0,37524,3.308684
0,37525,3.323524
0,37526,3.33803
0,37527,3.352211
0,37528,3.366076
0,37529,3.379636
0,37530,3.392898
0,37531,3.405871
0,37532,3.418562
0,37533,3.43098
0,37534,3.443132
0,37535,3.455024
0,37536,3.466665
0,37537,3.47806
0,37538,3.489218
0,37539,3.500143
0,37540,3.510841
0,37541,3.52132
0,37542,3.531583
0,37543,3.541637
0,37544,3.551485
0,37545,3.561131
0,37546,3.570576
0,37547,3.579797
0,37548,3.588642
0,37549,3.596819
0,37550,3.603992
0,37551,3.609865
0,37552,3.614208
0,37553,3.616858
0,37554,3.617712
0,37555,3.616709
0,37556,3.613839
0,37557,3.609104
0,37558,3.602535
0,37559,3.594171
0,37560,3.584049
0,37561,3.572225
0,37562,3.558745
0,37563,3.543665
0,37564,3.527039
0,37565,3.508921
0,37566,3.489368
0,37567,3.468431
0,37568,3.446166
0,37569,3.422623
0,37570,3.397849
0,37571,3.371896
0,37572,3.344804
0,37573,3.316618
0,37574,3.28738
0,37575,3.257127
0,37576,3.225895
0,37577,3.193721
0,37578,3.160639
0,37579,3.126679
0,37580,3.091875
0,37581,3.056254
0,37582,3.019847
0,37583,2.982679
0,37584,2.944778
0,37585,2.906168
0,37586,2.866874
0,37587,2.826917
0,37588,2.78632
0,37589,2.745104
0,37590,2.703288
0,37591,2.660893
0,37592,2.617934
0,37593,2.574431
0,37594,2.530402
0,37595,2.485862
0,37596,2.440826
0,37597,2.395309
0,37598,2.349328
0,37599,2.302901
0,37600,2.256125
0,37601,2.209277
0,37602,2.162735
0,37603,2.116863
0,37604,2.071954
0,37605,2.028223
0,37606,1.985807
0,37607,1.944787
0,37608,1.905198
0,37609,1.867042
0,37610,1.830297
0,37611,1.794928
0,37612,1.760886
0,37613,1.728117
0,37614,1.696564
0,37615,1.666169
0,37616,1.636874
0,37617,1.60862
0,37618,1.581353
0,37619,1.555021
0,37620,1.529572
0,37621,1.50496
0,37622,1.481138
0,37623,1.458066
0,37624,1.435704
0,37625,1.414014
0,37626,1.392963
0,37627,1.372517
0,37628,1.352648
0,37629,1.333326
0,37630,1.314525
0,37631,1.296216
0,37632,1.278374
0,37633,1.260974
0,37634,1.243994
0,37635,1.227415
0,37636,1.211219
0,37637,1.19539
0,37638,1.179913
0,37639,1.164775
0,37640,1.149964
0,37641,1.135467
0,37642,1.121274
0,37643,1.107376
0,37644,1.093762
0,37645,1.080424
0,37646,1.067354
0,37647,1.054544
0,37648,1.041985
0,37649,1.029672
0,37650,1.017598
0,37651,1.005756
0,37652,0.99414
0,37653,0.9827442
0,37654,0.971563
0,37655,0.9605909
0,37656,0.9498228
0,37657,0.9392537
0,37658,0.9288788
0,37659,0.9186937
0,37660,0.908694
0,37661,0.8988753
0,37662,0.8892335
0,37663,0.8797648
0,37664,0.8704652
0,37665,0.861331
0,37666,0.8523586
0,37667,0.8435445
0,37668,0.8348854
0,37669,0.8263779
0,37670,0.8180188
0,37671,0.8098051
0,37672,0.8017338
0,37673,0.7938019
0,37674,0.7860066
0,37675,0.7783452
0,37676,0.7708148
0,37677,0.763413
0,37678,0.7561371
0,37679,0.7489846
0,37680,0.7419531
0,37681,0.7350403
0,37682,0.7282438
0,37683,0.7215614
0,37684,0.7149909
0,37685,0.7085301
0,37686,0.7021769
0,37687,0.6959292
0,37688,0.6897851
0,37689,0.6837426
0,37690,0.6777998
0,37691,0.6719548
0,37692,0.6662058
0,37693,0.660551
0,37694,0.6549886
0,37695,0.6495169
0,37696,0.6441343
0,37697,0.6388391
0,37698,0.6336296
0,37699,0.6285045
0,37700,0.6234619
0,37701,0.6185005
0,37702,0.6136189
0,37703,0.6088154
0,37704,0.6040888
0,37705,0.5994376
0,37706,0.5948605
0,37707,0.5903561
0,37708,0.5859231
0,37709,0.5815603
0,37710,0.5772665
0,37711,0.5730402
0,37712,0.5688804
0,37713,0.5647858
0,37714,0.5607554
0,37715,0.5567879
0,37716,0.5528823
0,37717,0.5490374
0,37718,0.5452521
0,37719,0.5415255
0,37720,0.5378566
0,37721,0.5342441
0,37722,0.5306873
0,37723,0.527185
0,37724,0.5237364
0,37725,0.5203405
0,37726,0.5169963
0,37727,0.513703
0,37728,0.5104598
0,37729,0.5072656
0,37730,0.5041196
0,37731,0.5010211
0,37732,0.4979692
0,37733,0.494963
0,37734,0.4920018
0,37735,0.4890848
0,37736,0.4862112
0,37737,0.4833803
0,37738,0.4805914
0,37739,0.4778436
0,37740,0.4751364
0,37741,0.4724689
0,37742,0.4698406
0,37743,0.4672507
0,37744,0.4646986
0,37745,0.4621836
0,37746,0.4597051
0,37747,0.4572624
0,37748,0.454855
0,37749,0.4524822
0,37750,0.4501435
0,37751,0.4478382
0,37752,0.4455658
0,37753,0.4433257
0,37754,0.4411173
0,37755,0.4389403
0,37756,0.4367938
0,37757,0.4346776
0,37758,0.432591
0,37759,0.4305335
0,37760,0.4285047
0,37761,0.4265041
0,37762,0.4245311
0,37763,0.4225853
0,37764,0.4206663
0,37765,0.4187735
0,37766,0.4169066
0,37767,0.4150651
0,37768,0.4132486
0,37769,0.4114566
0,37770,0.4096887
0,37771,0.4079446
0,37772,0.4062238
0,37773,0.4045259
0,37774,0.4028505
0,37775,0.4011973
0,37776,0.3995659
0,37777,0.3979559
0,37778,0.396367
0,37779,0.3947987
0,37780,0.3932508
0,37781,0.3917229
0,37782,0.3902147
0,37783,0.3887258
0,37784,0.3872559
0,37785,0.3858047
0,37786,0.3843719
0,37787,0.3829572
0,37788,0.3815602
0,37789,0.3801807
0,37790,0.3788184
0,37791,0.377473
0,37792,0.3761442
0,37793,0.3748317
0,37794,0.3735352
0,37795,0.3722546
0,37796,0.3709895
0,37797,0.3697397
0,37798,0.3685048
0,37799,0.3672847
0,37800,0.3660792
0,37801,0.3648879
0,37802,0.3637107
0,37803,0.3625472
0,37804,0.3613974
0,37805,0.3602609
0,37806,0.3591375
0,37807,0.3580271
0,37808,0.3569293
0,37809,0.3558441
0,37810,0.3547711
0,37811,0.3537102
0,37812,0.3526612
0,37813,0.3516239
0,37814,0.350598
0,37815,0.3495835
0,37816,0.3485801
0,37817,0.3475877
0,37818,0.346606
0,37819,0.3456349
0,37820,0.3446742
0,37821,0.3437237
0,37822,0.3427833
0,37823,0.3418528
0,37824,0.3409321
0,37825,0.340021
0,37826,0.3391193
0,37827,0.3382268
0,37828,0.3373435
0,37829,0.3364692
0,37830,0.3356037
0,37831,0.334747
0,37832,0.3338987
0,37833,0.3330589
0,37834,0.3322274
0,37835,0.331404
0,37836,0.3305886
0,37837,0.3297811
0,37838,0.3289814
0,37839,0.3281893
0,37840,0.3274047
0,37841,0.3266276
0,37842,0.3258576
0,37843,0.3250949
0,37844,0.3243392
0,37845,0.3235904
0,37846,0.3228485
0,37847,0.3221132
0,37848,0.3213846
0,37849,0.3206625
0,37850,0.3199468
0,37851,0.3192374
0,37852,0.3185342
0,37853,0.3178371
0,37854,0.317146
0,37855,0.3164608
0,37856,0.3157814
0,37857,0.3151078
0,37858,0.3144399
0,37859,0.3137774
0,37860,0.3131205
0,37861,0.3124689
0,37862,0.3118226
0,37863,0.3111815
0,37864,0.3105456
0,37865,0.3099148
0,37866,0.3092889
0,37867,0.3086679
0,37868,0.3080517
0,37869,0.3074403
0,37870,0.3068336
0,37871,0.3062315
0,37872,0.305634
0,37873,0.3050409
0,37874,0.3044522
0,37875,0.3038678
0,37876,0.3032877
0,37877,0.3027119
0,37878,0.3021401
0,37879,0.3015725
0,37880,0.3010089
0,37881,0.3004492
0,37882,0.2998935
0,37883,0.2993415
0,37884,0.2987934
0,37885,0.298249
0,37886,0.2977083
0,37887,0.2971712
0,37888,0.2966377
0,37889,0.2961076
0,37890,0.2955811
0,37891,0.2950579
0,37892,0.2945381
0,37893,0.2940217
0,37894,0.2935085
0,37895,0.2929985
0,37896,0.2924917
0,37897,0.291988
0,37898,0.2914875
0,37899,0.2909899
0,37900,0.2904954
0,37901,0.2900038
0,37902,0.2895151
0,37903,0.2890292
0,37904,0.2885463
0,37905,0.2880661
0,37906,0.2875886
0,37907,0.2871139
0,37908,0.2866418
0,37909,0.2861724
0,37910,0.2857056
0,37911,0.2852413
0,37912,0.2847796
0,37913,0.2843204
0,37914,0.2838636
0,37915,0.2834093
0,37916,0.2829573
0,37917,0.2825077
0,37918,0.2820605
0,37919,0.2816155
0,37920,0.2811728
0,37921,0.2807324
0,37922,0.2802941
0,37923,0.2798581
0,37924,0.2794242
0,37925,0.2789924
0,37926,0.2785627
0,37927,0.278135
0,37928,0.2777094
0,37929,0.2772858
0,37930,0.2768643
0,37931,0.2764446
0,37932,0.2760269
0,37933,0.2756111
0,37934,0.2751972
0,37935,0.2747852
0,37936,0.274375
0,37937,0.2739666
0,37938,0.27356
0,37939,0.2731552
0,37940,0.2727522
0,37941,0.2723508
0,37942,0.2719512
0,37943,0.2715533
0,37944,0.271157
0,37945,0.2707624
0,37946,0.2703694
0,37947,0.2699779
0,37948,0.2695881
0,37949,0.2691999
0,37950,0.2688132
0,37951,0.268428
0,37952,0.2680444
0,37953,0.2676622
0,37954,0.2672815
0,37955,0.2669023
0,37956,0.2665245
0,37957,0.2661481
0,37958,0.2657732
0,37959,0.2653997
0,37960,0.2650275
0,37961,0.2646567
0,37962,0.2642873
0,37963,0.2639191
0,37964,0.2635523
0,37965,0.2631868
0,37966,0.2628226
0,37967,0.2624597
0,37968,0.262098
0,37969,0.2617376
0,37970,0.2613784
0,37971,0.2610205
0,37972,0.2606637
0,37973,0.2603081
0,37974,0.2599538
0,37975,0.2596006
0,37976,0.2592486
0,37977,0.2588977
0,37978,0.258548
0,37979,0.2581993
0,37980,0.2578518
0,37981,0.2575054
0,37982,0.2571601
0,37983,0.2568159
0,37984,0.2564727
0,37985,0.2561305
0,37986,0.2557895
0,37987,0.2554494
0,37988,0.2551104
0,37989,0.2547724
0,37990,0.2544354
0,37991,0.2540994
0,37992,0.2537644
0,37993,0.2534304
0,37994,0.2530974
0,37995,0.2527652
0,37996,0.2524341
0,37997,0.2521039
0,37998,0.2517746
0,37999,0.2514463
0,38000,0.2511189
0,38001,0.2507924
0,38002,0.2504667
0,38003,0.250142
0,38004,0.2498182
0,38005,0.2494952
0,38006,0.2491732
0,38007,0.248852
0,38008,0.2485316
0,38009,0.2482121
0,38010,0.2478934
0,38011,0.2475756
0,38012,0.2472586
0,38013,0.2469424
0,38014,0.2466271
0,38015,0.2463125
0,38016,0.2459988
0,38017,0.2456858
0,38018,0.2453737
0,38019,0.2450623
0,38020,0.2447517
0,38021,0.2444419
0,38022,0.2441328
0,38023,0.2438245
0,38024,0.243517
0,38025,0.2432102
0,38026,0.2429042
0,38027,0.2425988
0,38028,0.2422943
0,38029,0.2419904
0,38030,0.2416873
0,38031,0.2413849
0,38032,0.2410832
0,38033,0.2407823
0,38034,0.240482
0,38035,0.2401824
0,38036,0.2398835
0,38037,0.2395853
0,38038,0.2392878
0,38039,0.238991
0,38040,0.2386948
0,38041,0.2383993
0,38042,0.2381045
0,38043,0.2378104
0,38044,0.2375169
0,38045,0.237224
0,38046,0.2369318
0,38047,0.2366403
0,38048,0.2363494
0,38049,0.2360591
0,38050,0.2357695
0,38051,0.2354805
0,38052,0.2351921
0,38053,0.2349043
0,38054,0.2346172
0,38055,0.2343307
0,38056,0.2340447
0,38057,0.2337594
0,38058,0.2334747
0,38059,0.2331906
0,38060,0.2329071
0,38061,0.2326241
0,38062,0.2323418
0,38063,0.2320601
0,38064,0.2317789
0,38065,0.2314984
0,38066,0.2312184
0,38067,0.230939
0,38068,0.2306601
0,38069,0.2303818
0,38070,0.2301041
0,38071,0.229827
0,38072,0.2295504
0,38073,0.2292743
0,38074,0.2289988
0,38075,0.2287238
0,38076,0.2284494
0,38077,0.2281755
0,38078,0.2279022
0,38079,0.2276294
0,38080,0.2273572
0,38081,0.2270855
0,38082,0.2268143
0,38083,0.2265437
0,38084,0.2262736
0,38085,0.226004
0,38086,0.2257349
0,38087,0.2254664
0,38088,0.2251983
0,38089,0.2249308
0,38090,0.2246638
0,38091,0.2243973
0,38092,0.2241313
0,38093,0.2238658
0,38094,0.2236008
0,38095,0.2233363
0,38096,0.2230722
0,38097,0.2228087
0,38098,0.2225457
0,38099,0.2222832
0,38100,0.2220212
0,38101,0.2217596
0,38102,0.2214986
0,38103,0.221238
0,38104,0.2209779
0,38105,0.2207183
0,38106,0.2204592
0,38107,0.2202005
0,38108,0.2199423
0,38109,0.2196846
0,38110,0.2194274
0,38111,0.2191706
0,38112,0.2189143
0,38113,0.2186585
0,38114,0.2184031
0,38115,0.2181482
0,38116,0.2178937
0,38117,0.2176398
0,38118,0.2173862
0,38119,0.2171331
0,38120,0.2168805
0,38121,0.2166283
0,38122,0.2163766
0,38123,0.2161253
0,38124,0.2158745
0,38125,0.2156241
0,38126,0.2153742
0,38127,0.2151247
0,38128,0.2148756
0,38129,0.214627
0,38130,0.2143788
0,38131,0.2141311
0,38132,0.2138838
0,38133,0.2136369
0,38134,0.2133905
0,38135,0.2131445
0,38136,0.2128989
0,38137,0.2126537
0,38138,0.212409
0,38139,0.2121647
0,38140,0.2119208
0,38141,0.2116774
0,38142,0.2114344
0,38143,0.2111918
0,38144,0.2109496
0,38145,0.2107078
0,38146,0.2104665
0,38147,0.2102255
0,38148,0.209985
0,38149,0.2097449
0,38150,0.2095052
0,38151,0.2092659
0,38152,0.209027
0,38153,0.2087885
0,38154,0.2085505
0,38155,0.2083128
0,38156,0.2080755
0,38157,0.2078387
0,38158,0.2076022
0,38159,0.2073662
0,38160,0.2071305
0,38161,0.2068953
0,38162,0.2066604
0,38163,0.206426
0,38164,0.2061919
0,38165,0.2059583
0,38166,0.205725
0,38167,0.2054921
0,38168,0.2052596
0,38169,0.2050275
0,38170,0.2047958
0,38171,0.2045645
0,38172,0.2043336
0,38173,0.204103
0,38174,0.2038729
0,38175,0.2036431
0,38176,0.2034137
0,38177,0.2031847
0,38178,0.202956
0,38179,0.2027277
0,38180,0.2024999
0,38181,0.2022724
0,38182,0.2020452
0,38183,0.2018185
0,38184,0.201592
0,38185,0.201366
0,38186,0.2011404
0,38187,0.2009151
0,38188,0.2006902
0,38189,0.2004657
0,38190,0.2002415
0,38191,0.2000178
0,38192,0.1997943
0,38193,0.1995713
0,38194,0.1993486
0,38195,0.1991263
0,38196,0.1989044
0,38197,0.1986828
0,38198,0.1984615
0,38199,0.1982407
0,38200,0.1980202
0,38201,0.1978
0,38202,0.1975802
0,38203,0.1973608
0,38204,0.1971417
0,38205,0.196923
0,38206,0.1967046
0,38207,0.1964866
0,38208,0.1962689
0,38209,0.1960516
0,38210,0.1958346
0,38211,0.195618
0,38212,0.1954017
0,38213,0.1951857
0,38214,0.1949701
0,38215,0.1947549
0,38216,0.19454
0,38217,0.1943254
0,38218,0.1941112
0,38219,0.1938973
0,38220,0.1936838
0,38221,0.1934706
0,38222,0.1932578
0,38223,0.1930453
0,38224,0.1928332
0,38225,0.1926214
0,38226,0.1924099
0,38227,0.1921988
0,38228,0.191988
0,38229,0.1917775
0,38230,0.1915674
0,38231,0.1913576
0,38232,0.1911482
0,38233,0.190939
0,38234,0.1907302
0,38235,0.1905218
0,38236,0.1903136
0,38237,0.1901058
0,38238,0.1898984
0,38239,0.1896912
0,38240,0.1894844
0,38241,0.1892779
0,38242,0.1890717
0,38243,0.1888658
0,38244,0.1886603
0,38245,0.1884551
0,38246,0.1882502
0,38247,0.1880456
0,38248,0.1878414
0,38249,0.1876375
0,38250,0.1874339
0,38251,0.1872306
0,38252,0.1870276
0,38253,0.186825
0,38254,0.1866227
0,38255,0.1864207
0,38256,0.186219
0,38257,0.1860176
0,38258,0.1858166
0,38259,0.1856159
0,38260,0.1854154
0,38261,0.1852153
0,38262,0.1850155
0,38263,0.184816
0,38264,0.1846169
0,38265,0.184418
0,38266,0.1842194
0,38267,0.1840212
0,38268,0.1838233
0,38269,0.1836257
0,38270,0.1834283
0,38271,0.1832313
0,38272,0.1830346
0,38273,0.1828382
0,38274,0.1826421
0,38275,0.1824463
0,38276,0.1822508
0,38277,0.1820556
0,38278,0.1818608
0,38279,0.1816662
0,38280,0.1814719
0,38281,0.1812779
0,38282,0.1810842
0,38283,0.1808909
0,38284,0.1806978
0,38285,0.180505
0,38286,0.1803125
0,38287,0.1801203
0,38288,0.1799285
0,38289,0.1797369
0,38290,0.1795456
0,38291,0.1793546
0,38292,0.1791639
0,38293,0.1789735
0,38294,0.1787834
0,38295,0.1785935
0,38296,0.178404
0,38297,0.1782148
0,38298,0.1780258
0,38299,0.1778371
0,38300,0.1776488
0,38301,0.1774607
0,38302,0.1772729
0,38303,0.1770854
0,38304,0.1768982
0,38305,0.1767113
0,38306,0.1765247
0,38307,0.1763383
0,38308,0.1761522
0,38309,0.1759665
0,38310,0.175781
0,38311,0.1755958
0,38312,0.1754108
0,38313,0.1752262
0,38314,0.1750418
0,38315,0.1748578
0,38316,0.174674
0,38317,0.1744904
0,38318,0.1743072
0,38319,0.1741242
0,38320,0.1739416
0,38321,0.1737592
0,38322,0.173577
0,38323,0.1733952
0,38324,0.1732136
0,38325,0.1730323
0,38326,0.1728513
0,38327,0.1726706
0,38328,0.1724901
0,38329,0.1723099
0,38330,0.17213
0,38331,0.1719504
0,38332,0.171771
0,38333,0.1715919
0,38334,0.1714131
0,38335,0.1712345
0,38336,0.1710562
0,38337,0.1708782
0,38338,0.1707005
0,38339,0.170523
0,38340,0.1703458
0,38341,0.1701688
0,38342,0.1699922
0,38343,0.1698158
0,38344,0.1696396
0,38345,0.1694638
0,38346,0.1692881
0,38347,0.1691128
0,38348,0.1689377
0,38349,0.1687629
0,38350,0.1685884
0,38351,0.1684141
0,38352,0.1682401
0,38353,0.1680663
0,38354,0.1678928
0,38355,0.1677196
0,38356,0.1675466
0,38357,0.1673739
0,38358,0.1672014
0,38359,0.1670292
0,38360,0.1668572
0,38361,0.1666856
0,38362,0.1665141
0,38363,0.166343
0,38364,0.166172
0,38365,0.1660014
0,38366,0.165831
0,38367,0.1656608
0,38368,0.1654909
0,38369,0.1653213
0,38370,0.1651519
0,38371,0.1649828
0,38372,0.1648139
0,38373,0.1646452
0,38374,0.1644769
0,38375,0.1643087
0,38376,0.1641409
0,38377,0.1639732
0,38378,0.1638058
0,38379,0.1636387
0,38380,0.1634718
0,38381,0.1633052
0,38382,0.1631388
0,38383,0.1629727
0,38384,0.1628068
0,38385,0.1626412
0,38386,0.1624758
0,38387,0.1623106
0,38388,0.1621457
0,38389,0.161981
0,38390,0.1618166
0,38391,0.1616524
0,38392,0.1614885
0,38393,0.1613248
0,38394,0.1611614
0,38395,0.1609982
0,38396,0.1608352
0,38397,0.1606725
0,38398,0.16051
0,38399,0.1603478
0,38400,0.1601858
0,38401,0.160024
0,38402,0.1598625
0,38403,0.1597012
0,38404,0.1595401
0,38405,0.1593793
0,38406,0.1592187
0,38407,0.1590584
0,38408,0.1588983
0,38409,0.1587384
0,38410,0.1585788
0,38411,0.1584194
0,38412,0.1582602
0,38413,0.1581013
0,38414,0.1579426
0,38415,0.1577842
0,38416,0.1576259
0,38417,0.1574679
0,38418,0.1573102
0,38419,0.1571526
0,38420,0.1569953
0,38421,0.1568383
0,38422,0.1566814
0,38423,0.1565248
0,38424,0.1563684
0,38425,0.1562123
0,38426,0.1560563
0,38427,0.1559006
0,38428,0.1557452
0,38429,0.1555899
0,38430,0.1554349
0,38431,0.1552801
0,38432,0.1551256
0,38433,0.1549712
0,38434,0.1548171
0,38435,0.1546632
0,38436,0.1545096
0,38437,0.1543561
0,38438,0.1542029
0,38439,0.1540499
0,38440,0.1538971
0,38441,0.1537446
0,38442,0.1535922
0,38443,0.1534401
0,38444,0.1532882
0,38445,0.1531366
0,38446,0.1529851
0,38447,0.1528339
0,38448,0.1526829
0,38449,0.1525321
0,38450,0.1523815
0,38451,0.1522312
0,38452,0.152081
0,38453,0.1519311
0,38454,0.1517814
0,38455,0.1516319
0,38456,0.1514827
0,38457,0.1513336
0,38458,0.1511848
0,38459,0.1510361
0,38460,0.1508877
0,38461,0.1507396
0,38462,0.1505916
0,38463,0.1504438
0,38464,0.1502963
0,38465,0.1501489
0,38466,0.1500018
0,38467,0.1498549
0,38468,0.1497082
0,38469,0.1495617
0,38470,0.1494154
0,38471,0.1492693
0,38472,0.1491235
0,38473,0.1489778
0,38474,0.1488324
0,38475,0.1486872
0,38476,0.1485422
0,38477,0.1483973
0,38478,0.1482527
0,38479,0.1481083
0,38480,0.1479642
0,38481,0.1478202
0,38482,0.1476764
0,38483,0.1475328
0,38484,0.1473894
0,38485,0.1472463
0,38486,0.1471033
0,38487,0.1469606
0,38488,0.146818
0,38489,0.1466757
0,38490,0.1465335
0,38491,0.1463916
0,38492,0.1462498
0,38493,0.1461083
0,38494,0.1459669
0,38495,0.1458258
0,38496,0.1456849
0,38497,0.1455442
0,38498,0.1454036
0,38499,0.1452633
0,38500,0.1451232
0,38501,0.1449832
0,38502,0.1448435
0,38503,0.144704
0,38504,0.1445646
0,38505,0.1444255
0,38506,0.1442865
0,38507,0.1441478
0,38508,0.1440092
0,38509,0.1438709
0,38510,0.1437327
0,38511,0.1435948
0,38512,0.143457
0,38513,0.1433194
0,38514,0.1431821
0,38515,0.1430449
0,38516,0.1429079
0,38517,0.1427711
0,38518,0.1426345
0,38519,0.1424981
0,38520,0.1423619
0,38521,0.1422259
0,38522,0.1420901
0,38523,0.1419545
0,38524,0.141819
0,38525,0.1416838
0,38526,0.1415487
0,38527,0.1414138
0,38528,0.1412791
0,38529,0.1411447
0,38530,0.1410104
0,38531,0.1408762
0,38532,0.1407423
0,38533,0.1406086
0,38534,0.140475
0,38535,0.1403417
0,38536,0.1402085
0,38537,0.1400755
0,38538,0.1399427
0,38539,0.1398101
0,38540,0.1396776
0,38541,0.1395454
0,38542,0.1394133
0,38543,0.1392814
0,38544,0.1391498
0,38545,0.1390182
0,38546,0.1388869
0,38547,0.1387558
0,38548,0.1386248
0,38549,0.138494
0,38550,0.1383635
0,38551,0.138233
0,38552,0.1381028
0,38553,0.1379728
0,38554,0.1378429
0,38555,0.1377132
0,38556,0.1375837
0,38557,0.1374544
0,38558,0.1373252
0,38559,0.1371963
0,38560,0.1370675
0,38561,0.1369389
0,38562,0.1368105
0,38563,0.1366822
0,38564,0.1365542
0,38565,0.1364263
0,38566,0.1362985
0,38567,0.136171
0,38568,0.1360437
0,38569,0.1359165
0,38570,0.1357895
0,38571,0.1356626
0,38572,0.135536
0,38573,0.1354095
0,38574,0.1352832
0,38575,0.135157
0,38576,0.1350311
0,38577,0.1349053
0,38578,0.1347797
0,38579,0.1346543
0,38580,0.134529
0,38581,0.1344039
0,38582,0.134279
0,38583,0.1341542
0,38584,0.1340296
0,38585,0.1339052
0,38586,0.133781
0,38587,0.1336569
0,38588,0.133533
0,38589,0.1334093
0,38590,0.1332858
0,38591,0.1331624
0,38592,0.1330392
0,38593,0.1329161
0,38594,0.1327932
0,38595,0.1326705
0,38596,0.132548
0,38597,0.1324256
0,38598,0.1323034
0,38599,0.1321814
0,38600,0.1320595
0,38601,0.1319378
0,38602,0.1318163
0,38603,0.1316949
0,38604,0.1315737
0,38605,0.1314527
0,38606,0.1313318
0,38607,0.1312111
0,38608,0.1310905
0,38609,0.1309702
0,38610,0.1308499
0,38611,0.1307299
0,38612,0.13061
0,38613,0.1304903
0,38614,0.1303707
0,38615,0.1302513
0,38616,0.130132
0,38617,0.130013
0,38618,0.1298941
0,38619,0.1297753
0,38620,0.1296567
0,38621,0.1295383
0,38622,0.12942
0,38623,0.1293019
0,38624,0.1291839
0,38625,0.1290662
0,38626,0.1289485
0,38627,0.128831
0,38628,0.1287137
0,38629,0.1285966
0,38630,0.1284796
0,38631,0.1283627
0,38632,0.128246
0,38633,0.1281295
0,38634,0.1280131
0,38635,0.1278969
0,38636,0.1277809
0,38637,0.127665
0,38638,0.1275492
0,38639,0.1274337
0,38640,0.1273182
0,38641,0.1272029
0,38642,0.1270878
0,38643,0.1269729
0,38644,0.126858
0,38645,0.1267434
0,38646,0.1266289
0,38647,0.1265145
0,38648,0.1264003
0,38649,0.1262863
0,38650,0.1261724
0,38651,0.1260587
0,38652,0.1259451
0,38653,0.1258316
0,38654,0.1257184
0,38655,0.1256052
0,38656,0.1254922
0,38657,0.1253794
0,38658,0.1252667
0,38659,0.1251542
0,38660,0.1250418
0,38661,0.1249296
0,38662,0.1248175
0,38663,0.1247056
0,38664,0.1245938
0,38665,0.1244822
0,38666,0.1243707
0,38667,0.1242594
0,38668,0.1241482
0,38669,0.1240372
0,38670,0.1239263
0,38671,0.1238155
0,38672,0.1237049
0,38673,0.1235945
0,38674,0.1234842
0,38675,0.123374
0,38676,0.123264
0,38677,0.1231542
0,38678,0.1230444
0,38679,0.1229349
0,38680,0.1228254
0,38681,0.1227162
0,38682,0.122607
0,38683,0.122498
0,38684,0.1223892
0,38685,0.1222805
0,38686,0.1221719
0,38687,0.1220635
0,38688,0.1219552
0,38689,0.1218471
0,38690,0.1217391
0,38691,0.1216312
0,38692,0.1215235
0,38693,0.1214159
0,38694,0.1213085
0,38695,0.1212012
0,38696,0.1210941
0,38697,0.1209871
0,38698,0.1208802
0,38699,0.1207735
0,38700,0.1206669
0,38701,0.1205605
0,38702,0.1204542
0,38703,0.120348
0,38704,0.120242
0,38705,0.1201361
0,38706,0.1200304
0,38707,0.1199248
0,38708,0.1198193
0,38709,0.119714
0,38710,0.1196088
0,38711,0.1195037
0,38712,0.1193988
0,38713,0.119294
0,38714,0.1191894
0,38715,0.1190849
0,38716,0.1189805
0,38717,0.1188762
0,38718,0.1187721
0,38719,0.1186682
0,38720,0.1185644
0,38721,0.1184607
0,38722,0.1183571
0,38723,0.1182537
0,38724,0.1181504
0,38725,0.1180472
0,38726,0.1179442
0,38727,0.1178413
0,38728,0.1177386
0,38729,0.117636
0,38730,0.1175335
0,38731,0.1174311
0,38732,0.1173289
0,38733,0.1172268
0,38734,0.1171248
0,38735,0.117023
0,38736,0.1169213
0,38737,0.1168198
0,38738,0.1167183
0,38739,0.116617
0,38740,0.1165159
0,38741,0.1164148
0,38742,0.1163139
0,38743,0.1162131
0,38744,0.1161125
0,38745,0.116012
0,38746,0.1159116
0,38747,0.1158113
0,38748,0.1157112
0,38749,0.1156112
0,38750,0.1155113
0,38751,0.1154115
0,38752,0.1153119
0,38753,0.1152124
0,38754,0.1151131
0,38755,0.1150138
0,38756,0.1149147
0,38757,0.1148157
0,38758,0.1147169
0,38759,0.1146181
0,38760,0.1145195
0,38761,0.1144211
0,38762,0.1143227
0,38763,0.1142245
0,38764,0.1141264
0,38765,0.1140284
0,38766,0.1139306
0,38767,0.1138328
0,38768,0.1137352
0,38769,0.1136378
0,38770,0.1135404
0,38771,0.1134432
0,38772,0.1133461
0,38773,0.1132491
0,38774,0.1131522
0,38775,0.1130555
0,38776,0.1129589
0,38777,0.1128624
0,38778,0.112766
0,38779,0.1126698
0,38780,0.1125737
0,38781,0.1124777
0,38782,0.1123818
0,38783,0.1122861
0,38784,0.1121904
0,38785,0.1120949
0,38786,0.1119995
0,38787,0.1119042
0,38788,0.1118091
0,38789,0.1117141
0,38790,0.1116192
0,38791,0.1115244
0,38792,0.1114297
0,38793,0.1113351
0,38794,0.1112407
0,38795,0.1111464
0,38796,0.1110522
0,38797,0.1109581
0,38798,0.1108642
0,38799,0.1107703
0,38800,0.1106766
0,38801,0.110583
0,38802,0.1104895
0,38803,0.1103962
0,38804,0.1103029
0,38805,0.1102098
0,38806,0.1101168
0,38807,0.1100239
0,38808,0.1099311
0,38809,0.1098384
0,38810,0.1097458
0,38811,0.1096534
0,38812,0.1095611
0,38813,0.1094689
0,38814,0.1093768
0,38815,0.1092848
0,38816,0.109193
0,38817,0.1091012
0,38818,0.1090096
0,38819,0.1089181
0,38820,0.1088267
0,38821,0.1087354
0,38822,0.1086442
0,38823,0.1085531
0,38824,0.1084622
0,38825,0.1083713
0,38826,0.1082806
0,38827,0.10819
0,38828,0.1080995
0,38829,0.1080091
0,38830,0.1079188
0,38831,0.1078287
0,38832,0.1077386
0,38833,0.1076487
0,38834,0.1075589
0,38835,0.1074691
0,38836,0.1073795
0,38837,0.1072901
0,38838,0.1072007
0,38839,0.1071114
0,38840,0.1070222
0,38841,0.1069332
0,38842,0.1068442
0,38843,0.1067554
0,38844,0.1066667
0,38845,0.1065781
0,38846,0.1064896
0,38847,0.1064012
0,38848,0.1063129
0,38849,0.1062247
0,38850,0.1061366
0,38851,0.1060487
0,38852,0.1059608
0,38853,0.1058731
0,38854,0.1057855
0,38855,0.1056979
0,38856,0.1056105
0,38857,0.1055232
0,38858,0.105436
0,38859,0.1053489
0,38860,0.1052619
0,38861,0.105175
0,38862,0.1050882
0,38863,0.1050016
0,38864,0.104915
0,38865,0.1048285
0,38866,0.1047422
0,38867,0.1046559
0,38868,0.1045698
0,38869,0.1044837
0,38870,0.1043978
0,38871,0.1043119
0,38872,0.1042262
0,38873,0.1041406
0,38874,0.1040551
0,38875,0.1039696
0,38876,0.1038843
0,38877,0.1037991
0,38878,0.103714
0,38879,0.103629
0,38880,0.1035441
0,38881,0.1034603
0,38882,0.103463
0,38883,0.1041127
0,38884,0.1065468
0,38885,0.1121149
0,38886,0.1220671
0,38887,0.1373897
0,38888,0.1587368
0,38889,0.1864245
0,38890,0.220461
0,38891,0.2606041
0,38892,0.306427
0,38893,0.3573817
0,38894,0.4128542
0,38895,0.4722065
0,38896,0.5348072
0,38897,0.6000524
0,38898,0.6673781
0,38899,0.7362671
0,38900,0.8062524
0,38901,0.8769165
0,38902,0.947891
0,38903,1.018853
0,38904,1.089522
0,38905,1.159658
0,38906,1.229056
0,38907,1.297542
0,38908,1.364973
0,38909,1.43123
0,38910,1.496219
0,38911,1.559862
0,38912,1.622104
0,38913,1.6829
0,38914,1.742222
0,38915,1.800052
0,38916,1.856381
0,38917,1.911212
0,38918,1.964553
0,38919,2.016417
0,38920,2.066825
0,38921,2.115799
0,38922,2.163367
0,38923,2.209557
0,38924,2.2544
0,38925,2.297932
0,38926,2.340184
0,38927,2.381195
0,38928,2.420998
0,38929,2.459631
0,38930,2.497129
0,38931,2.533528
0,38932,2.568865
0,38933,2.603173
0,38934,2.636487
0,38935,2.668841
0,38936,2.700268
0,38937,2.730799
0,38938,2.760466
0,38939,2.7893
0,38940,2.817328
0,38941,2.844579
0,38942,2.871082
0,38943,2.896862
0,38944,2.921944
0,38945,2.946354
0,38946,2.970115
0,38947,2.993249
0,38948,3.015777
0,38949,3.037722
0,38950,3.059103
0,38951,3.079939
0,38952,3.100248
0,38953,3.120049
0,38954,3.139359
0,38955,3.158192
0,38956,3.176566
0,38957,3.194495
0,38958,3.211995
0,38959,3.229078
0,38960,3.245757
0,38961,3.262046
0,38962,3.277956
0,38963,3.293498
0,38964,3.308684
0,38965,3.323525
0,38966,3.338031
0,38967,3.352211
0,38968,3.366077
0,38969,3.379637
0,38970,3.392899
0,38971,3.405871
0,38972,3.418563
0,38973,3.430981
0,38974,3.443132
0,38975,3.455025
0,38976,3.466666
0,38977,3.478061
0,38978,3.489218
0,38979,3.500143
0,38980,3.510842
0,38981,3.521321
0,38982,3.531584
0,38983,3.541637
0,38984,3.551485
0,38985,3.561131
0,38986,3.570577
0,38987,3.579798
0,38988,3.588642
0,38989,3.59682
0,38990,3.603993
0,38991,3.609865
0,38992,3.614209
0,38993,3.616859
0,38994,3.617712
0,38995,3.616709
0,38996,3.61384
0,38997,3.609104
0,38998,3.602536
0,38999,3.594172
0,39000,3.584049
0,39001,3.572226
0,39002,3.558746
0,39003,3.543666
0,39004,3.52704
0,39005,3.508922
0,39006,3.489369
0,39007,3.468432
0,39008,3.446167
0,39009,3.422624
0,39010,3.397849
0,39011,3.371897
0,39012,3.344805
0,39013,3.316619
0,39014,3.287381
0,39015,3.257128
0,39016,3.225896
0,39017,3.193722
0,39018,3.16064
0,39019,3.12668
0,39020,3.091875
0,39021,3.056255
0,39022,3.019847
0,39023,2.98268
0,39024,2.944779
0,39025,2.906169
0,39026,2.866875
0,39027,2.826918
0,39028,2.786321
0,39029,2.745104
0,39030,2.703289
0,39031,2.660893
0,39032,2.617935
0,39033,2.574432
0,39034,2.530403
0,39035,2.485862
0,39036,2.440826
0,39037,2.39531
0,39038,2.349329
0,39039,2.302902
0,39040,2.256126
0,39041,2.209278
0,39042,2.162736
0,39043,2.116863
0,39044,2.071955
0,39045,2.028223
0,39046,1.985808
0,39047,1.944788
0,39048,1.905198
0,39049,1.867042
0,39050,1.830298
0,39051,1.794929
0,39052,1.760887
0,39053,1.728118
0,39054,1.696565
0,39055,1.66617
0,39056,1.636874
0,39057,1.608621
0,39058,1.581354
0,39059,1.555022
0,39060,1.529573
0,39061,1.50496
0,39062,1.481139
0,39063,1.458067
0,39064,1.435704
0,39065,1.414015
0,39066,1.392963
0,39067,1.372518
0,39068,1.352649
0,39069,1.333327
0,39070,1.314525
0,39071,1.296217
0,39072,1.278375
0,39073,1.260975
0,39074,1.243995
0,39075,1.227416
0,39076,1.21122
0,39077,1.195391
0,39078,1.179914
0,39079,1.164776
0,39080,1.149964
0,39081,1.135468
0,39082,1.121275
0,39083,1.107376
0,39084,1.093763
0,39085,1.080425
0,39086,1.067355
0,39087,1.054544
0,39088,1.041986
0,39089,1.029673
0,39090,1.017599
0,39091,1.005757
0,39092,0.9941406
0,39093,0.9827449
0,39094,0.9715636
0,39095,0.9605916
0,39096,0.9498234
0,39097,0.9392543
0,39098,0.9288795
0,39099,0.9186944
0,39100,0.9086946
0,39101,0.8988759
0,39102,0.8892342
0,39103,0.8797655
0,39104,0.8704659
0,39105,0.8613316
0,39106,0.8523592
0,39107,0.8435451
0,39108,0.834886
0,39109,0.8263785
0,39110,0.8180194
0,39111,0.8098058
0,39112,0.8017344
0,39113,0.7938026
0,39114,0.7860073
0,39115,0.7783458
0,39116,0.7708154
0,39117,0.7634136
0,39118,0.7561377
0,39119,0.7489852
0,39120,0.7419538
0,39121,0.735041
0,39122,0.7282445
0,39123,0.7215621
0,39124,0.7149916
0,39125,0.7085307
0,39126,0.7021775
0,39127,0.6959299
0,39128,0.6897858
0,39129,0.6837433
0,39130,0.6778005
0,39131,0.6719555
0,39132,0.6662065
0,39133,0.6605516
0,39134,0.6549892
0,39135,0.6495176
0,39136,0.6441349
0,39137,0.6388397
0,39138,0.6336303
0,39139,0.6285051
0,39140,0.6234626
0,39141,0.6185012
0,39142,0.6136195
0,39143,0.608816
0,39144,0.6040894
0,39145,0.5994383
0,39146,0.5948611
0,39147,0.5903568
0,39148,0.5859238
0,39149,0.581561
0,39150,0.5772671
0,39151,0.5730408
0,39152,0.568881
0,39153,0.5647864
0,39154,0.560756
0,39155,0.5567885
0,39156,0.5528829
0,39157,0.549038
0,39158,0.5452528
0,39159,0.5415262
0,39160,0.5378572
0,39161,0.5342448
0,39162,0.5306879
0,39163,0.5271857
0,39164,0.523737
0,39165,0.5203411
0,39166,0.516997
0,39167,0.5137037
0,39168,0.5104604
0,39169,0.5072662
0,39170,0.5041203
0,39171,0.5010217
0,39172,0.4979698
0,39173,0.4949636
0,39174,0.4920024
0,39175,0.4890854
0,39176,0.4862119
0,39177,0.483381
0,39178,0.480592
0,39179,0.4778443
0,39180,0.475137
0,39181,0.4724696
0,39182,0.4698412
0,39183,0.4672513
0,39184,0.4646992
0,39185,0.4621842
0,39186,0.4597057
0,39187,0.4572631
0,39188,0.4548556
0,39189,0.4524828
0,39190,0.4501441
0,39191,0.4478388
0,39192,0.4455664
0,39193,0.4433263
0,39194,0.441118
0,39195,0.4389409
0,39196,0.4367945
0,39197,0.4346782
0,39198,0.4325916
0,39199,0.4305342
0,39200,0.4285054
0,39201,0.4265047
0,39202,0.4245317
0,39203,0.4225859
0,39204,0.4206669
0,39205,0.4187742
0,39206,0.4169073
0,39207,0.4150658
0,39208,0.4132492
0,39209,0.4114572
0,39210,0.4096894
0,39211,0.4079452
0,39212,0.4062244
0,39213,0.4045265
0,39214,0.4028512
0,39215,0.401198
0,39216,0.3995666
0,39217,0.3979566
0,39218,0.3963676
0,39219,0.3947994
0,39220,0.3932514
0,39221,0.3917235
0,39222,0.3902153
0,39223,0.3887264
0,39224,0.3872566
0,39225,0.3858054
0,39226,0.3843726
0,39227,0.3829578
0,39228,0.3815609
0,39229,0.3801814
0,39230,0.378819
0,39231,0.3774736
0,39232,0.3761448
0,39233,0.3748323
0,39234,0.3735359
0,39235,0.3722553
0,39236,0.3709901
0,39237,0.3697403
0,39238,0.3685054
0,39239,0.3672854
0,39240,0.3660798
0,39241,0.3648885
0,39242,0.3637113
0,39243,0.3625479
0,39244,0.361398
0,39245,0.3602615
0,39246,0.3591382
0,39247,0.3580277
0,39248,0.35693
0,39249,0.3558447
0,39250,0.3547717
0,39251,0.3537108
0,39252,0.3526618
0,39253,0.3516245
0,39254,0.3505987
0,39255,0.3495842
0,39256,0.3485808
0,39257,0.3475883
0,39258,0.3466066
0,39259,0.3456355
0,39260,0.3446748
0,39261,0.3437243
0,39262,0.342784
0,39263,0.3418535
0,39264,0.3409328
0,39265,0.3400216
0,39266,0.3391199
0,39267,0.3382275
0,39268,0.3373442
0,39269,0.3364699
0,39270,0.3356044
0,39271,0.3347476
0,39272,0.3338993
0,39273,0.3330595
0,39274,0.332228
0,39275,0.3314046
0,39276,0.3305892
0,39277,0.3297818
0,39278,0.328982
0,39279,0.3281899
0,39280,0.3274054
0,39281,0.3266282
0,39282,0.3258583
0,39283,0.3250955
0,39284,0.3243398
0,39285,0.3235911
0,39286,0.3228491
0,39287,0.3221139
0,39288,0.3213853
0,39289,0.3206632
0,39290,0.3199474
0,39291,0.319238
0,39292,0.3185348
0,39293,0.3178377
0,39294,0.3171466
0,39295,0.3164614
0,39296,0.3157821
0,39297,0.3151085
0,39298,0.3144405
0,39299,0.313778
0,39300,0.3131211
0,39301,0.3124695
0,39302,0.3118232
0,39303,0.3111822
0,39304,0.3105462
0,39305,0.3099154
0,39306,0.3092895
0,39307,0.3086685
0,39308,0.3080524
0,39309,0.307441
0,39310,0.3068343
0,39311,0.3062322
0,39312,0.3056346
0,39313,0.3050415
0,39314,0.3044528
0,39315,0.3038685
0,39316,0.3032884
0,39317,0.3027125
0,39318,0.3021408
0,39319,0.3015731
0,39320,0.3010095
0,39321,0.3004498
0,39322,0.2998941
0,39323,0.2993422
0,39324,0.298794
0,39325,0.2982496
0,39326,0.2977089
0,39327,0.2971718
0,39328,0.2966383
0,39329,0.2961082
0,39330,0.2955817
0,39331,0.2950585
0,39332,0.2945388
0,39333,0.2940223
0,39334,0.2935091
0,39335,0.2929991
0,39336,0.2924924
0,39337,0.2919887
0,39338,0.2914881
0,39339,0.2909905
0,39340,0.290496
0,39341,0.2900044
0,39342,0.2895157
0,39343,0.2890299
0,39344,0.2885469
0,39345,0.2880667
0,39346,0.2875893
0,39347,0.2871145
0,39348,0.2866425
0,39349,0.286173
0,39350,0.2857062
0,39351,0.285242
0,39352,0.2847802
0,39353,0.284321
0,39354,0.2838642
0,39355,0.2834099
0,39356,0.2829579
0,39357,0.2825083
0,39358,0.2820611
0,39359,0.2816162
0,39360,0.2811734
0,39361,0.280733
0,39362,0.2802947
0,39363,0.2798587
0,39364,0.2794248
0,39365,0.278993
0,39366,0.2785633
0,39367,0.2781357
0,39368,0.2777101
0,39369,0.2772865
0,39370,0.2768649
0,39371,0.2764452
0,39372,0.2760276
0,39373,0.2756118
0,39374,0.2751979
0,39375,0.2747858
0,39376,0.2743756
0,39377,0.2739673
0,39378,0.2735607
0,39379,0.2731559
0,39380,0.2727528
0,39381,0.2723515
0,39382,0.2719518
0,39383,0.2715539
0,39384,0.2711576
0,39385,0.270763
0,39386,0.27037
0,39387,0.2699786
0,39388,0.2695887
0,39389,0.2692005
0,39390,0.2688138
0,39391,0.2684286
0,39392,0.268045
0,39393,0.2676628
0,39394,0.2672821
0,39395,0.2669029
0,39396,0.2665251
0,39397,0.2661488
0,39398,0.2657738
0,39399,0.2654003
0,39400,0.2650281
0,39401,0.2646573
0,39402,0.2642879
0,39403,0.2639198
0,39404,0.263553
0,39405,0.2631875
0,39406,0.2628233
0,39407,0.2624603
0,39408,0.2620986
0,39409,0.2617382
0,39410,0.261379
0,39411,0.2610211
0,39412,0.2606643
0,39413,0.2603088
0,39414,0.2599544
0,39415,0.2596012
0,39416,0.2592492
0,39417,0.2588983
0,39418,0.2585486
0,39419,0.2582
0,39420,0.2578524
0,39421,0.257506
0,39422,0.2571607
0,39423,0.2568165
0,39424,0.2564733
0,39425,0.2561312
0,39426,0.2557901
0,39427,0.25545
0,39428,0.255111
0,39429,0.254773
0,39430,0.254436
0,39431,0.2541001
0,39432,0.253765
0,39433,0.253431
0,39434,0.253098
0,39435,0.2527659
0,39436,0.2524347
0,39437,0.2521045
0,39438,0.2517753
0,39439,0.2514469
0,39440,0.2511195
0,39441,0.250793
0,39442,0.2504674
0,39443,0.2501426
0,39444,0.2498188
0,39445,0.2494959
0,39446,0.2491738
0,39447,0.2488526
0,39448,0.2485322
0,39449,0.2482127
0,39450,0.247894
0,39451,0.2475762
0,39452,0.2472592
0,39453,0.246943
0,39454,0.2466277
0,39455,0.2463131
0,39456,0.2459994
0,39457,0.2456864
0,39458,0.2453743
0,39459,0.2450629
0,39460,0.2447523
0,39461,0.2444425
0,39462,0.2441334
0,39463,0.2438251
0,39464,0.2435176
0,39465,0.2432108
0,39466,0.2429048
0,39467,0.2425995
0,39468,0.2422949
0,39469,0.2419911
0,39470,0.2416879
0,39471,0.2413855
0,39472,0.2410839
0,39473,0.2407829
0,39474,0.2404826
0,39475,0.240183
0,39476,0.2398841
0,39477,0.2395859
0,39478,0.2392884
0,39479,0.2389916
0,39480,0.2386954
0,39481,0.2384
0,39482,0.2381051
0,39483,0.237811
0,39484,0.2375175
0,39485,0.2372247
0,39486,0.2369325
0,39487,0.2366409
0,39488,0.23635
0,39489,0.2360598
0,39490,0.2357701
0,39491,0.2354811
0,39492,0.2351927
0,39493,0.234905
0,39494,0.2346178
0,39495,0.2343313
0,39496,0.2340453
0,39497,0.23376
0,39498,0.2334753
0,39499,0.2331912
0,39500,0.2329077
0,39501,0.2326248
0,39502,0.2323425
0,39503,0.2320607
0,39504,0.2317796
0,39505,0.231499
0,39506,0.231219
0,39507,0.2309396
0,39508,0.2306607
0,39509,0.2303825
0,39510,0.2301047
0,39511,0.2298276
0,39512,0.229551
0,39513,0.2292749
0,39514,0.2289994
0,39515,0.2287244
0,39516,0.22845
0,39517,0.2281762
0,39518,0.2279028
0,39519,0.22763
0,39520,0.2273578
0,39521,0.2270861
0,39522,0.2268149
0,39523,0.2265443
0,39524,0.2262742
0,39525,0.2260046
0,39526,0.2257355
0,39527,0.225467
0,39528,0.2251989
0,39529,0.2249314
0,39530,0.2246644
0,39531,0.2243979
0,39532,0.2241319
0,39533,0.2238664
0,39534,0.2236014
0,39535,0.2233369
0,39536,0.2230729
0,39537,0.2228093
0,39538,0.2225463
0,39539,0.2222838
0,39540,0.2220218
0,39541,0.2217602
0,39542,0.2214992
0,39543,0.2212386
0,39544,0.2209785
0,39545,0.2207189
0,39546,0.2204598
0,39547,0.2202011
0,39548,0.219943
0,39549,0.2196853
0,39550,0.219428
0,39551,0.2191712
0,39552,0.2189149
0,39553,0.2186591
0,39554,0.2184037
0,39555,0.2181488
0,39556,0.2178944
0,39557,0.2176404
0,39558,0.2173868
0,39559,0.2171337
0,39560,0.2168811
0,39561,0.2166289
0,39562,0.2163772
0,39563,0.2161259
0,39564,0.2158751
0,39565,0.2156247
0,39566,0.2153748
0,39567,0.2151253
0,39568,0.2148762
0,39569,0.2146276
0,39570,0.2143794
0,39571,0.2141317
0,39572,0.2138844
0,39573,0.2136375
0,39574,0.2133911
0,39575,0.2131451
0,39576,0.2128995
0,39577,0.2126544
0,39578,0.2124096
0,39579,0.2121653
0,39580,0.2119215
0,39581,0.211678
0,39582,0.211435
0,39583,0.2111924
0,39584,0.2109502
0,39585,0.2107084
0,39586,0.2104671
0,39587,0.2102261
0,39588,0.2099856
0,39589,0.2097455
0,39590,0.2095058
0,39591,0.2092665
0,39592,0.2090276
0,39593,0.2087891
0,39594,0.2085511
0,39595,0.2083134
0,39596,0.2080761
0,39597,0.2078393
0,39598,0.2076028
0,39599,0.2073668
0,39600,0.2071311
0,39601,0.2068959
0,39602,0.206661
0,39603,0.2064266
0,39604,0.2061925
0,39605,0.2059589
0,39606,0.2057256
0,39607,0.2054927
0,39608,0.2052602
0,39609,0.2050281
0,39610,0.2047964
0,39611,0.2045651
0,39612,0.2043342
0,39613,0.2041036
0,39614,0.2038735
0,39615,0.2036437
0,39616,0.2034143
0,39617,0.2031853
0,39618,0.2029566
0,39619,0.2027284
0,39620,0.2025005
0,39621,0.202273
0,39622,0.2020458
0,39623,0.201819
0,39624,0.2015927
0,39625,0.2013666
0,39626,0.201141
0,39627,0.2009157
0,39628,0.2006908
0,39629,0.2004663
0,39630,0.2002421
0,39631,0.2000184
0,39632,0.1997949
0,39633,0.1995719
0,39634,0.1993492
0,39635,0.1991269
0,39636,0.198905
0,39637,0.1986834
0,39638,0.1984621
0,39639,0.1982413
0,39640,0.1980208
0,39641,0.1978006
0,39642,0.1975808
0,39643,0.1973614
0,39644,0.1971423
0,39645,0.1969236
0,39646,0.1967052
0,39647,0.1964872
0,39648,0.1962695
0,39649,0.1960522
0,39650,0.1958352
0,39651,0.1956186
0,39652,0.1954023
0,39653,0.1951863
0,39654,0.1949707
0,39655,0.1947555
0,39656,0.1945406
0,39657,0.194326
0,39658,0.1941118
0,39659,0.1938979
0,39660,0.1936844
0,39661,0.1934713
0,39662,0.1932584
0,39663,0.1930459
0,39664,0.1928338
0,39665,0.192622
0,39666,0.1924105
0,39667,0.1921994
0,39668,0.1919886
0,39669,0.1917781
0,39670,0.191568
0,39671,0.1913582
0,39672,0.1911488
0,39673,0.1909396
0,39674,0.1907308
0,39675,0.1905224
0,39676,0.1903142
0,39677,0.1901064
0,39678,0.189899
0,39679,0.1896918
0,39680,0.189485
0,39681,0.1892785
0,39682,0.1890723
0,39683,0.1888664
0,39684,0.1886609
0,39685,0.1884557
0,39686,0.1882508
0,39687,0.1880462
0,39688,0.187842
0,39689,0.1876381
0,39690,0.1874345
0,39691,0.1872312
0,39692,0.1870282
0,39693,0.1868256
0,39694,0.1866233
0,39695,0.1864213
0,39696,0.1862196
0,39697,0.1860182
0,39698,0.1858172
0,39699,0.1856165
0,39700,0.185416
0,39701,0.1852159
0,39702,0.1850161
0,39703,0.1848166
0,39704,0.1846175
0,39705,0.1844186
0,39706,0.1842201
0,39707,0.1840218
0,39708,0.1838239
0,39709,0.1836262
0,39710,0.1834289
0,39711,0.1832319
0,39712,0.1830352
0,39713,0.1828388
0,39714,0.1826427
0,39715,0.1824469
0,39716,0.1822514
0,39717,0.1820562
0,39718,0.1818614
0,39719,0.1816668
0,39720,0.1814725
0,39721,0.1812785
0,39722,0.1810849
0,39723,0.1808915
0,39724,0.1806984
0,39725,0.1805056
0,39726,0.1803131
0,39727,0.1801209
0,39728,0.1799291
0,39729,0.1797375
0,39730,0.1795462
0,39731,0.1793552
0,39732,0.1791645
0,39733,0.1789741
0,39734,0.178784
0,39735,0.1785941
0,39736,0.1784046
0,39737,0.1782154
0,39738,0.1780264
0,39739,0.1778378
0,39740,0.1776494
0,39741,0.1774613
0,39742,0.1772735
0,39743,0.177086
0,39744,0.1768988
0,39745,0.1767119
0,39746,0.1765253
0,39747,0.1763389
0,39748,0.1761528
0,39749,0.1759671
0,39750,0.1757816
0,39751,0.1755964
0,39752,0.1754114
0,39753,0.1752268
0,39754,0.1750424
0,39755,0.1748583
0,39756,0.1746746
0,39757,0.174491
0,39758,0.1743078
0,39759,0.1741248
0,39760,0.1739422
0,39761,0.1737598
0,39762,0.1735776
0,39763,0.1733958
0,39764,0.1732142
0,39765,0.1730329
0,39766,0.1728519
0,39767,0.1726712
0,39768,0.1724907
0,39769,0.1723105
0,39770,0.1721306
0,39771,0.171951
0,39772,0.1717716
0,39773,0.1715925
0,39774,0.1714137
0,39775,0.1712351
0,39776,0.1710568
0,39777,0.1708788
0,39778,0.1707011
0,39779,0.1705236
0,39780,0.1703464
0,39781,0.1701694
0,39782,0.1699928
0,39783,0.1698164
0,39784,0.1696402
0,39785,0.1694643
0,39786,0.1692887
0,39787,0.1691134
0,39788,0.1689383
0,39789,0.1687635
0,39790,0.168589
0,39791,0.1684147
0,39792,0.1682407
0,39793,0.1680669
0,39794,0.1678934
0,39795,0.1677201
0,39796,0.1675472
0,39797,0.1673744
0,39798,0.167202
0,39799,0.1670298
0,39800,0.1668578
0,39801,0.1666861
0,39802,0.1665147
0,39803,0.1663436
0,39804,0.1661726
0,39805,0.166002
0,39806,0.1658316
0,39807,0.1656614
0,39808,0.1654915
0,39809,0.1653219
0,39810,0.1651525
0,39811,0.1649833
0,39812,0.1648145
0,39813,0.1646458
0,39814,0.1644775
0,39815,0.1643093
0,39816,0.1641414
0,39817,0.1639738
0,39818,0.1638064
0,39819,0.1636393
0,39820,0.1634724
0,39821,0.1633058
0,39822,0.1631394
0,39823,0.1629733
0,39824,0.1628074
0,39825,0.1626417
0,39826,0.1624763
0,39827,0.1623112
0,39828,0.1621463
0,39829,0.1619816
0,39830,0.1618172
0,39831,0.161653
0,39832,0.1614891
0,39833,0.1613254
0,39834,0.161162
0,39835,0.1609988
0,39836,0.1608358
0,39837,0.1606731
0,39838,0.1605106
0,39839,0.1603484
0,39840,0.1601864
0,39841,0.1600246
0,39842,0.1598631
0,39843,0.1597018
0,39844,0.1595407
0,39845,0.1593799
0,39846,0.1592193
0,39847,0.159059
0,39848,0.1588989
0,39849,0.158739
0,39850,0.1585794
0,39851,0.15842
0,39852,0.1582608
0,39853,0.1581019
0,39854,0.1579432
0,39855,0.1577847
0,39856,0.1576265
0,39857,0.1574685
0,39858,0.1573108
0,39859,0.1571532
0,39860,0.1569959
0,39861,0.1568388
0,39862,0.156682
0,39863,0.1565254
0,39864,0.156369
0,39865,0.1562129
0,39866,0.1560569
0,39867,0.1559012
0,39868,0.1557458
0,39869,0.1555905
0,39870,0.1554355
0,39871,0.1552807
0,39872,0.1551262
0,39873,0.1549718
0,39874,0.1548177
0,39875,0.1546638
0,39876,0.1545101
0,39877,0.1543567
0,39878,0.1542035
0,39879,0.1540505
0,39880,0.1538977
0,39881,0.1537452
0,39882,0.1535928
0,39883,0.1534407
0,39884,0.1532888
0,39885,0.1531372
0,39886,0.1529857
0,39887,0.1528345
0,39888,0.1526835
0,39889,0.1525327
0,39890,0.1523821
0,39891,0.1522318
0,39892,0.1520816
0,39893,0.1519317
0,39894,0.151782
0,39895,0.1516325
0,39896,0.1514833
0,39897,0.1513342
0,39898,0.1511854
0,39899,0.1510367
0,39900,0.1508883
0,39901,0.1507401
0,39902,0.1505922
0,39903,0.1504444
0,39904,0.1502968
0,39905,0.1501495
0,39906,0.1500024
0,39907,0.1498555
0,39908,0.1497088
0,39909,0.1495623
0,39910,0.149416
0,39911,0.1492699
0,39912,0.1491241
0,39913,0.1489784
0,39914,0.148833
0,39915,0.1486878
0,39916,0.1485427
0,39917,0.1483979
0,39918,0.1482533
0,39919,0.1481089
0,39920,0.1479647
0,39921,0.1478208
0,39922,0.147677
0,39923,0.1475334
0,39924,0.14739
0,39925,0.1472469
0,39926,0.1471039
0,39927,0.1469611
0,39928,0.1468186
0,39929,0.1466762
0,39930,0.1465341
0,39931,0.1463922
0,39932,0.1462504
0,39933,0.1461089
0,39934,0.1459675
0,39935,0.1458264
0,39936,0.1456855
0,39937,0.1455447
0,39938,0.1454042
0,39939,0.1452639
0,39940,0.1451237
0,39941,0.1449838
0,39942,0.1448441
0,39943,0.1447045
0,39944,0.1445652
0,39945,0.1444261
0,39946,0.1442871
0,39947,0.1441484
0,39948,0.1440098
0,39949,0.1438715
0,39950,0.1437333
0,39951,0.1435954
0,39952,0.1434576
0,39953,0.14332
0,39954,0.1431827
0,39955,0.1430455
0,39956,0.1429085
0,39957,0.1427717
0,39958,0.1426351
0,39959,0.1424987
0,39960,0.1423625
0,39961,0.1422265
0,39962,0.1420907
0,39963,0.141955
0,39964,0.1418196
0,39965,0.1416843
0,39966,0.1415493
0,39967,0.1414144
0,39968,0.1412797
0,39969,0.1411452
0,39970,0.1410109
0,39971,0.1408768
0,39972,0.1407429
0,39973,0.1406091
0,39974,0.1404756
0,39975,0.1403422
0,39976,0.140209
0,39977,0.1400761
0,39978,0.1399433
0,39979,0.1398106
0,39980,0.1396782
0,39981,0.139546
0,39982,0.1394139
0,39983,0.139282
0,39984,0.1391503
0,39985,0.1390188
0,39986,0.1388875
0,39987,0.1387563
0,39988,0.1386254
0,39989,0.1384946
0,39990,0.138364
0,39991,0.1382336
0,39992,0.1381034
0,39993,0.1379733
0,39994,0.1378435
0,39995,0.1377138
0,39996,0.1375843
0,39997,0.137455
0,39998,0.1373258
0,39999,0.1371969
0,40000,0.1370681
0,40001,0.1369395
0,40002,0.136811
0,40003,0.1366828
0,40004,0.1365547
0,40005,0.1364268
0,40006,0.1362991
0,40007,0.1361716
0,40008,0.1360442
0,40009,0.135917
0,40010,0.13579
0,40011,0.1356632
0,40012,0.1355366
0,40013,0.1354101
0,40014,0.1352838
0,40015,0.1351576
0,40016,0.1350317
0,40017,0.1349059
0,40018,0.1347803
0,40019,0.1346548
0,40020,0.1345296
0,40021,0.1344045
0,40022,0.1342795
0,40023,0.1341548
0,40024,0.1340302
0,40025,0.1339058
0,40026,0.1337816
0,40027,0.1336575
0,40028,0.1335336
0,40029,0.1334099
0,40030,0.1332863
0,40031,0.133163
0,40032,0.1330398
0,40033,0.1329167
0,40034,0.1327938
0,40035,0.1326711
0,40036,0.1325486
0,40037,0.1324262
0,40038,0.132304
0,40039,0.132182
0,40040,0.1320601
0,40041,0.1319384
0,40042,0.1318168
0,40043,0.1316955
0,40044,0.1315743
0,40045,0.1314532
0,40046,0.1313324
0,40047,0.1312117
0,40048,0.1310911
0,40049,0.1309707
0,40050,0.1308505
0,40051,0.1307305
0,40052,0.1306106
0,40053,0.1304908
0,40054,0.1303713
0,40055,0.1302519
0,40056,0.1301326
0,40057,0.1300136
0,40058,0.1298946
0,40059,0.1297759
0,40060,0.1296573
0,40061,0.1295388
0,40062,0.1294206
0,40063,0.1293025
0,40064,0.1291845
0,40065,0.1290667
0,40066,0.1289491
0,40067,0.1288316
0,40068,0.1287143
0,40069,0.1285971
0,40070,0.1284801
0,40071,0.1283633
0,40072,0.1282466
0,40073,0.1281301
0,40074,0.1280137
0,40075,0.1278975
0,40076,0.1277815
0,40077,0.1276655
0,40078,0.1275498
0,40079,0.1274342
0,40080,0.1273188
0,40081,0.1272035
0,40082,0.1270884
0,40083,0.1269734
0,40084,0.1268586
0,40085,0.126744
0,40086,0.1266295
0,40087,0.1265151
0,40088,0.1264009
0,40089,0.1262869
0,40090,0.126173
0,40091,0.1260592
0,40092,0.1259456
0,40093,0.1258322
0,40094,0.1257189
0,40095,0.1256058
0,40096,0.1254928
0,40097,0.12538
0,40098,0.1252673
0,40099,0.1251548
0,40100,0.1250424
0,40101,0.1249302
0,40102,0.1248181
0,40103,0.1247062
0,40104,0.1245944
0,40105,0.1244828
0,40106,0.1243713
0,40107,0.1242599
0,40108,0.1241488
0,40109,0.1240377
0,40110,0.1239268
0,40111,0.1238161
0,40112,0.1237055
0,40113,0.1235951
0,40114,0.1234848
0,40115,0.1233746
0,40116,0.1232646
0,40117,0.1231547
0,40118,0.123045
0,40119,0.1229354
0,40120,0.122826
0,40121,0.1227167
0,40122,0.1226076
0,40123,0.1224986
0,40124,0.1223897
0,40125,0.122281
0,40126,0.1221725
0,40127,0.122064
0,40128,0.1219558
0,40129,0.1218476
0,40130,0.1217396
0,40131,0.1216318
0,40132,0.1215241
0,40133,0.1214165
0,40134,0.1213091
0,40135,0.1212018
0,40136,0.1210947
0,40137,0.1209877
0,40138,0.1208808
0,40139,0.1207741
0,40140,0.1206675
0,40141,0.1205611
0,40142,0.1204548
0,40143,0.1203486
0,40144,0.1202426
0,40145,0.1201367
0,40146,0.1200309
0,40147,0.1199253
0,40148,0.1198199
0,40149,0.1197145
0,40150,0.1196093
0,40151,0.1195043
0,40152,0.1193994
0,40153,0.1192946
0,40154,0.1191899
0,40155,0.1190854
0,40156,0.118981
0,40157,0.1188768
0,40158,0.1187727
0,40159,0.1186687
0,40160,0.1185649
0,40161,0.1184612
0,40162,0.1183577
0,40163,0.1182542
0,40164,0.118151
0,40165,0.1180478
0,40166,0.1179448
0,40167,0.1178419
0,40168,0.1177391
0,40169,0.1176365
0,40170,0.117534
0,40171,0.1174317
0,40172,0.1173295
0,40173,0.1172274
0,40174,0.1171254
0,40175,0.1170236
0,40176,0.1169219
0,40177,0.1168203
0,40178,0.1167189
0,40179,0.1166176
0,40180,0.1165164
0,40181,0.1164154
0,40182,0.1163145
0,40183,0.1162137
0,40184,0.1161131
0,40185,0.1160125
0,40186,0.1159121
0,40187,0.1158119
0,40188,0.1157117
0,40189,0.1156117
0,40190,0.1155119
0,40191,0.1154121
0,40192,0.1153125
0,40193,0.115213
0,40194,0.1151136
0,40195,0.1150144
0,40196,0.1149153
0,40197,0.1148163
0,40198,0.1147174
0,40199,0.1146187
0,40200,0.1145201
0,40201,0.1144216
0,40202,0.1143233
0,40203,0.1142251
0,40204,0.114127
0,40205,0.114029
0,40206,0.1139311
0,40207,0.1138334
0,40208,0.1137358
0,40209,0.1136383
0,40210,0.113541
0,40211,0.1134437
0,40212,0.1133466
0,40213,0.1132497
0,40214,0.1131528
0,40215,0.1130561
0,40216,0.1129595
0,40217,0.112863
0,40218,0.1127666
0,40219,0.1126704
0,40220,0.1125742
0,40221,0.1124782
0,40222,0.1123824
0,40223,0.1122866
0,40224,0.112191
0,40225,0.1120955
0,40226,0.1120001
0,40227,0.1119048
0,40228,0.1118097
0,40229,0.1117146
0,40230,0.1116197
0,40231,0.1115249
0,40232,0.1114303
0,40233,0.1113357
0,40234,0.1112413
0,40235,0.111147
0,40236,0.1110528
0,40237,0.1109587
0,40238,0.1108647
0,40239,0.1107709
0,40240,0.1106772
0,40241,0.1105836
0,40242,0.1104901
0,40243,0.1103967
0,40244,0.1103035
0,40245,0.1102103
0,40246,0.1101173
0,40247,0.1100244
0,40248,0.1099316
0,40249,0.109839
0,40250,0.1097464
0,40251,0.109654
0,40252,0.1095616
0,40253,0.1094694
0,40254,0.1093773
0,40255,0.1092854
0,40256,0.1091935
0,40257,0.1091018
0,40258,0.1090101
0,40259,0.1089186
0,40260,0.1088272
0,40261,0.1087359
0,40262,0.1086447
0,40263,0.1085537
0,40264,0.1084627
0,40265,0.1083719
0,40266,0.1082812
0,40267,0.1081906
0,40268,0.1081001
0,40269,0.1080097
0,40270,0.1079194
0,40271,0.1078292
0,40272,0.1077392
0,40273,0.1076493
0,40274,0.1075594
0,40275,0.1074697
0,40276,0.1073801
0,40277,0.1072906
0,40278,0.1072012
0,40279,0.107112
0,40280,0.1070228
0,40281,0.1069337
0,40282,0.1068448
0,40283,0.106756
0,40284,0.1066673
0,40285,0.1065786
0,40286,0.1064901
0,40287,0.1064017
0,40288,0.1063135
0,40289,0.1062253
0,40290,0.1061372
0,40291,0.1060492
0,40292,0.1059614
0,40293,0.1058737
0,40294,0.105786
0,40295,0.1056985
0,40296,0.1056111
0,40297,0.1055238
0,40298,0.1054365
0,40299,0.1053494
0,40300,0.1052625
0,40301,0.1051756
0,40302,0.1050888
0,40303,0.1050021
0,40304,0.1049155
0,40305,0.1048291
0,40306,0.1047427
0,40307,0.1046565
0,40308,0.1045703
0,40309,0.1044843
0,40310,0.1043983
0,40311,0.1043125
0,40312,0.1042268
0,40313,0.1041411
0,40314,0.1040556
0,40315,0.1039702
0,40316,0.1038849
0,40317,0.1037997
0,40318,0.1037146
0,40319,0.1036296
0,40320,0.1035447
0,40321,0.1034608
0,40322,0.1034635
0,40323,0.1041133
0,40324,0.1065473
0,40325,0.1121155
0,40326,0.1220677
0,40327,0.1373903
0,40328,0.1587374
0,40329,0.1864251
0,40330,0.2204616
0,40331,0.2606046
0,40332,0.3064275
0,40333,0.3573822
0,40334,0.4128548
0,40335,0.4722071
0,40336,0.5348077
0,40337,0.600053
0,40338,0.6673787
0,40339,0.7362677
0,40340,0.806253
0,40341,0.8769171
0,40342,0.9478915
0,40343,1.018853
0,40344,1.089523
0,40345,1.159659
0,40346,1.229056
0,40347,1.297542
0,40348,1.364973
0,40349,1.431231
0,40350,1.496219
0,40351,1.559863
0,40352,1.622104
0,40353,1.682901
0,40354,1.742223
0,40355,1.800052
0,40356,1.856381
0,40357,1.911213
0,40358,1.964553
0,40359,2.016418
0,40360,2.066826
0,40361,2.1158
0,40362,2.163368
0,40363,2.209557
0,40364,2.254401
0,40365,2.297932
0,40366,2.340185
0,40367,2.381195
0,40368,2.420999
0,40369,2.459631
0,40370,2.497129
0,40371,2.533529
0,40372,2.568865
0,40373,2.603173
0,40374,2.636487
0,40375,2.668841
0,40376,2.700268
0,40377,2.7308
0,40378,2.760467
0,40379,2.7893
0,40380,2.817328
0,40381,2.84458
0,40382,2.871082
0,40383,2.896862
0,40384,2.921945
0,40385,2.946355
0,40386,2.970116
0,40387,2.993249
0,40388,3.015778
0,40389,3.037722
0,40390,3.059103
0,40391,3.079939
0,40392,3.100249
0,40393,3.12005
0,40394,3.139359
0,40395,3.158193
0,40396,3.176567
0,40397,3.194496
0,40398,3.211995
0,40399,3.229078
0,40400,3.245758
0,40401,3.262047
0,40402,3.277956
0,40403,3.293499
0,40404,3.308685
0,40405,3.323526
0,40406,3.338031
0,40407,3.352212
0,40408,3.366078
0,40409,3.379637
0,40410,3.392899
0,40411,3.405872
0,40412,3.418564
0,40413,3.430981
0,40414,3.443133
0,40415,3.455026
0,40416,3.466666
0,40417,3.478062
0,40418,3.489219
0,40419,3.500144
0,40420,3.510843
0,40421,3.521321
0,40422,3.531585
0,40423,3.541638
0,40424,3.551486
0,40425,3.561132
0,40426,3.570578
0,40427,3.579798
0,40428,3.588643
0,40429,3.59682
0,40430,3.603994
0,40431,3.609866
0,40432,3.614209
0,40433,3.616859
0,40434,3.617713
0,40435,3.61671
0,40436,3.613841
0,40437,3.609105
0,40438,3.602536
0,40439,3.594172
0,40440,3.58405
0,40441,3.572226
0,40442,3.558747
0,40443,3.543666
0,40444,3.52704
0,40445,3.508923
0,40446,3.48937
0,40447,3.468432
0,40448,3.446167
0,40449,3.422624
0,40450,3.39785
0,40451,3.371897
0,40452,3.344805
0,40453,3.31662
0,40454,3.287381
0,40455,3.257128
0,40456,3.225897
0,40457,3.193722
0,40458,3.16064
0,40459,3.12668
0,40460,3.091876
0,40461,3.056256
0,40462,3.019848
0,40463,2.982681
0,40464,2.944779
0,40465,2.90617
0,40466,2.866875
0,40467,2.826919
0,40468,2.786321
0,40469,2.745105
0,40470,2.70329
0,40471,2.660894
0,40472,2.617936
0,40473,2.574433
0,40474,2.530403
0,40475,2.485863
0,40476,2.440827
0,40477,2.395311
0,40478,2.349329
0,40479,2.302902
0,40480,2.256127
0,40481,2.209279
0,40482,2.162736
0,40483,2.116864
0,40484,2.071955
0,40485,2.028224
0,40486,1.985808
0,40487,1.944788
0,40488,1.905199
0,40489,1.867043
0,40490,1.830299
0,40491,1.794929
0,40492,1.760887
0,40493,1.728118
0,40494,1.696566
0,40495,1.666171
0,40496,1.636875
0,40497,1.608621
0,40498,1.581355
0,40499,1.555022
0,40500,1.529573
0,40501,1.504961
0,40502,1.481139
0,40503,1.458067
0,40504,1.435705
0,40505,1.414015
0,40506,1.392964
0,40507,1.372518
0,40508,1.352649
0,40509,1.333327
0,40510,1.314526
0,40511,1.296217
0,40512,1.278375
0,40513,1.260975
0,40514,1.243995
0,40515,1.227416
0,40516,1.21122
0,40517,1.195391
0,40518,1.179915
0,40519,1.164777
0,40520,1.149965
0,40521,1.135468
0,40522,1.121276
0,40523,1.107377
0,40524,1.093763
0,40525,1.080425
0,40526,1.067355
0,40527,1.054545
0,40528,1.041986
0,40529,1.029674
0,40530,1.017599
0,40531,1.005757
0,40532,0.9941412
0,40533,0.9827454
0,40534,0.9715642
0,40535,0.9605921
0,40536,0.949824
0,40537,0.9392549
0,40538,0.92888
0,40539,0.9186949
0,40540,0.9086952
0,40541,0.8988765
0,40542,0.8892347
0,40543,0.879766
0,40544,0.8704664
0,40545,0.8613322
0,40546,0.8523598
0,40547,0.8435457
0,40548,0.8348866
0,40549,0.826379
0,40550,0.81802
0,40551,0.8098063
0,40552,0.801735
0,40553,0.7938031
0,40554,0.7860078
0,40555,0.7783464
0,40556,0.770816
0,40557,0.7634141
0,40558,0.7561382
0,40559,0.7489858
0,40560,0.7419543
0,40561,0.7350415
0,40562,0.728245
0,40563,0.7215626
0,40564,0.7149921
0,40565,0.7085313
0,40566,0.7021781
0,40567,0.6959304
0,40568,0.6897863
0,40569,0.6837438
0,40570,0.677801
0,40571,0.671956
0,40572,0.666207
0,40573,0.6605521
0,40574,0.6549898
0,40575,0.6495181
0,40576,0.6441355
0,40577,0.6388403
0,40578,0.6336308
0,40579,0.6285056
0,40580,0.6234631
0,40581,0.6185017
0,40582,0.61362
0,40583,0.6088166
0,40584,0.60409
0,40585,0.5994388
0,40586,0.5948617
0,40587,0.5903573
0,40588,0.5859243
0,40589,0.5815615
0,40590,0.5772676
0,40591,0.5730413
0,40592,0.5688815
0,40593,0.564787
0,40594,0.5607566
0,40595,0.556789
0,40596,0.5528834
0,40597,0.5490385
0,40598,0.5452533
0,40599,0.5415267
0,40600,0.5378578
0,40601,0.5342453
0,40602,0.5306885
0,40603,0.5271862
0,40604,0.5237375
0,40605,0.5203416
0,40606,0.5169975
0,40607,0.5137042
0,40608,0.5104609
0,40609,0.5072668
0,40610,0.5041208
0,40611,0.5010223
0,40612,0.4979703
0,40613,0.4949642
0,40614,0.492003
0,40615,0.489086
0,40616,0.4862124
0,40617,0.4833815
0,40618,0.4805925
0,40619,0.4778448
0,40620,0.4751376
0,40621,0.4724701
0,40622,0.4698418
0,40623,0.4672519
0,40624,0.4646997
0,40625,0.4621848
0,40626,0.4597062
0,40627,0.4572636
0,40628,0.4548562
0,40629,0.4524834
0,40630,0.4501446
0,40631,0.4478393
0,40632,0.445567
0,40633,0.4433269
0,40634,0.4411185
0,40635,0.4389414
0,40636,0.436795
0,40637,0.4346788
0,40638,0.4325922
0,40639,0.4305347
0,40640,0.4285059
0,40641,0.4265052
0,40642,0.4245323
0,40643,0.4225865
0,40644,0.4206674
0,40645,0.4187747
0,40646,0.4169078
0,40647,0.4150663
0,40648,0.4132498
0,40649,0.4114578
0,40650,0.4096899
0,40651,0.4079458
0,40652,0.406225
0,40653,0.4045271
0,40654,0.4028517
0,40655,0.4011985
0,40656,0.3995671
0,40657,0.3979571
0,40658,0.3963681
0,40659,0.3947999
0,40660,0.393252
0,40661,0.3917241
0,40662,0.3902159
0,40663,0.388727
0,40664,0.3872571
0,40665,0.3858059
0,40666,0.3843731
0,40667,0.3829584
0,40668,0.3815614
0,40669,0.3801819
0,40670,0.3788196
0,40671,0.3774742
0,40672,0.3761454
0,40673,0.3748329
0,40674,0.3735364
0,40675,0.3722558
0,40676,0.3709907
0,40677,0.3697408
0,40678,0.368506
0,40679,0.3672859
0,40680,0.3660804
0,40681,0.3648891
0,40682,0.3637119
0,40683,0.3625484
0,40684,0.3613986
0,40685,0.3602621
0,40686,0.3591387
0,40687,0.3580283
0,40688,0.3569305
0,40689,0.3558452
0,40690,0.3547723
0,40691,0.3537114
0,40692,0.3526624
0,40693,0.351625
0,40694,0.3505992
0,40695,0.3495847
0,40696,0.3485813
0,40697,0.3475888
0,40698,0.3466071
0,40699,0.345636
0,40700,0.3446753
0,40701,0.3437249
0,40702,0.3427845
0,40703,0.341854
0,40704,0.3409333
0,40705,0.3400221
0,40706,0.3391204
0,40707,0.338228
0,40708,0.3373447
0,40709,0.3364704
0,40710,0.3356049
0,40711,0.3347481
0,40712,0.3338999
0,40713,0.3330601
0,40714,0.3322285
0,40715,0.3314052
0,40716,0.3305898
0,40717,0.3297823
0,40718,0.3289826
0,40719,0.3281905
0,40720,0.3274059
0,40721,0.3266287
0,40722,0.3258588
0,40723,0.325096
0,40724,0.3243403
0,40725,0.3235916
0,40726,0.3228496
0,40727,0.3221144
0,40728,0.3213858
0,40729,0.3206637
0,40730,0.319948
0,40731,0.3192385
0,40732,0.3185354
0,40733,0.3178383
0,40734,0.3171472
0,40735,0.316462
0,40736,0.3157826
0,40737,0.315109
0,40738,0.314441
0,40739,0.3137786
0,40740,0.3131216
0,40741,0.31247
0,40742,0.3118238
0,40743,0.3111827
0,40744,0.3105468
0,40745,0.3099159
0,40746,0.30929
0,40747,0.3086691
0,40748,0.3080529
0,40749,0.3074415
0,40750,0.3068348
0,40751,0.3062327
0,40752,0.3056351
0,40753,0.305042
0,40754,0.3044533
0,40755,0.303869
0,40756,0.3032889
0,40757,0.302713
0,40758,0.3021413
0,40759,0.3015737
0,40760,0.30101
0,40761,0.3004504
0,40762,0.2998946
0,40763,0.2993427
0,40764,0.2987946
0,40765,0.2982502
0,40766,0.2977094
0,40767,0.2971723
0,40768,0.2966388
0,40769,0.2961088
0,40770,0.2955822
0,40771,0.2950591
0,40772,0.2945393
0,40773,0.2940229
0,40774,0.2935097
0,40775,0.2929997
0,40776,0.2924929
0,40777,0.2919892
0,40778,0.2914886
0,40779,0.2909911
0,40780,0.2904965
0,40781,0.2900049
0,40782,0.2895162
0,40783,0.2890304
0,40784,0.2885474
0,40785,0.2880672
0,40786,0.2875898
0,40787,0.287115
0,40788,0.286643
0,40789,0.2861736
0,40790,0.2857067
0,40791,0.2852425
0,40792,0.2847807
0,40793,0.2843215
0,40794,0.2838648
0,40795,0.2834104
0,40796,0.2829585
0,40797,0.2825089
0,40798,0.2820616
0,40799,0.2816167
0,40800,0.281174
0,40801,0.2807335
0,40802,0.2802953
0,40803,0.2798592
0,40804,0.2794253
0,40805,0.2789935
0,40806,0.2785638
0,40807,0.2781362
0,40808,0.2777106
0,40809,0.277287
0,40810,0.2768654
0,40811,0.2764458
0,40812,0.2760281
0,40813,0.2756123
0,40814,0.2751984
0,40815,0.2747864
0,40816,0.2743762
0,40817,0.2739678
0,40818,0.2735612
0,40819,0.2731564
0,40820,0.2727533
0,40821,0.272352
0,40822,0.2719524
0,40823,0.2715544
0,40824,0.2711581
0,40825,0.2707635
0,40826,0.2703705
0,40827,0.2699791
0,40828,0.2695893
0,40829,0.269201
0,40830,0.2688143
0,40831,0.2684292
0,40832,0.2680455
0,40833,0.2676633
0,40834,0.2672826
0,40835,0.2669034
0,40836,0.2665257
0,40837,0.2661493
0,40838,0.2657744
0,40839,0.2654008
0,40840,0.2650287
0,40841,0.2646579
0,40842,0.2642884
0,40843,0.2639203
0,40844,0.2635535
0,40845,0.263188
0,40846,0.2628238
0,40847,0.2624609
0,40848,0.2620992
0,40849,0.2617387
0,40850,0.2613796
0,40851,0.2610216
0,40852,0.2606649
0,40853,0.2603093
0,40854,0.2599549
0,40855,0.2596017
0,40856,0.2592497
0,40857,0.2588988
0,40858,0.2585491
0,40859,0.2582005
0,40860,0.257853
0,40861,0.2575065
0,40862,0.2571612
0,40863,0.256817
0,40864,0.2564738
0,40865,0.2561317
0,40866,0.2557906
0,40867,0.2554505
0,40868,0.2551115
0,40869,0.2547735
0,40870,0.2544366
0,40871,0.2541006
0,40872,0.2537656
0,40873,0.2534315
0,40874,0.2530985
0,40875,0.2527664
0,40876,0.2524352
0,40877,0.2521051
0,40878,0.2517758
0,40879,0.2514474
0,40880,0.25112
0,40881,0.2507935
0,40882,0.2504679
0,40883,0.2501432
0,40884,0.2498193
0,40885,0.2494964
0,40886,0.2491743
0,40887,0.2488531
0,40888,0.2485327
0,40889,0.2482132
0,40890,0.2478946
0,40891,0.2475767
0,40892,0.2472597
0,40893,0.2469436
0,40894,0.2466282
0,40895,0.2463136
0,40896,0.2459999
0,40897,0.2456869
0,40898,0.2453748
0,40899,0.2450634
0,40900,0.2447528
0,40901,0.244443
0,40902,0.2441339
0,40903,0.2438257
0,40904,0.2435181
0,40905,0.2432113
0,40906,0.2429053
0,40907,0.2426
0,40908,0.2422954
0,40909,0.2419916
0,40910,0.2416885
0,40911,0.2413861
0,40912,0.2410844
0,40913,0.2407834
0,40914,0.2404831
0,40915,0.2401835
0,40916,0.2398846
0,40917,0.2395865
0,40918,0.2392889
0,40919,0.2389921
0,40920,0.2386959
0,40921,0.2384005
0,40922,0.2381057
0,40923,0.2378115
0,40924,0.237518
0,40925,0.2372252
0,40926,0.236933
0,40927,0.2366414
0,40928,0.2363505
0,40929,0.2360603
0,40930,0.2357706
0,40931,0.2354816
0,40932,0.2351932
0,40933,0.2349055
0,40934,0.2346183
0,40935,0.2343318
0,40936,0.2340459
0,40937,0.2337605
0,40938,0.2334758
0,40939,0.2331917
0,40940,0.2329082
0,40941,0.2326253
0,40942,0.232343
0,40943,0.2320612
0,40944,0.2317801
0,40945,0.2314995
0,40946,0.2312195
0,40947,0.2309401
0,40948,0.2306613
0,40949,0.230383
0,40950,0.2301053
0,40951,0.2298281
0,40952,0.2295515
0,40953,0.2292754
0,40954,0.2289999
0,40955,0.228725
0,40956,0.2284506
0,40957,0.2281767
0,40958,0.2279033
0,40959,0.2276306
0,40960,0.2273583
0,40961,0.2270866
0,40962,0.2268155
0,40963,0.2265448
0,40964,0.2262747
0,40965,0.2260051
0,40966,0.225736
0,40967,0.2254675
0,40968,0.2251994
0,40969,0.2249319
0,40970,0.2246649
0,40971,0.2243984
0,40972,0.2241324
0,40973,0.2238669
0,40974,0.2236019
0,40975,0.2233374
0,40976,0.2230734
0,40977,0.2228099
0,40978,0.2225468
0,40979,0.2222843
0,40980,0.2220223
0,40981,0.2217608
0,40982,0.2214997
0,40983,0.2212391
0,40984,0.220979
0,40985,0.2207194
0,40986,0.2204603
0,40987,0.2202017
0,40988,0.2199435
0,40989,0.2196858
0,40990,0.2194285
0,40991,0.2191718
0,40992,0.2189155
0,40993,0.2186596
0,40994,0.2184042
0,40995,0.2181493
0,40996,0.2178949
0,40997,0.2176409
0,40998,0.2173873
0,40999,0.2171343
0,41000,0.2168816
0,41001,0.2166294
0,41002,0.2163777
0,41003,0.2161264
0,41004,0.2158756
0,41005,0.2156252
0,41006,0.2153753
0,41007,0.2151258
0,41008,0.2148767
0,41009,0.2146281
0,41010,0.21438
0,41011,0.2141322
0,41012,0.2138849
0,41013,0.213638
0,41014,0.2133916
0,41015,0.2131456
0,41016,0.2129
0,41017,0.2126549
0,41018,0.2124101
0,41019,0.2121658
0,41020,0.211922
0,41021,0.2116785
0,41022,0.2114355
0,41023,0.2111929
0,41024,0.2109507
0,41025,0.2107089
0,41026,0.2104676
0,41027,0.2102266
0,41028,0.2099861
0,41029,0.209746
0,41030,0.2095063
0,41031,0.209267
0,41032,0.2090281
0,41033,0.2087896
0,41034,0.2085516
0,41035,0.2083139
0,41036,0.2080767
0,41037,0.2078398
0,41038,0.2076034
0,41039,0.2073673
0,41040,0.2071317
0,41041,0.2068964
0,41042,0.2066616
0,41043,0.2064271
0,41044,0.206193
0,41045,0.2059594
0,41046,0.2057261
0,41047,0.2054932
0,41048,0.2052608
0,41049,0.2050287
0,41050,0.204797
0,41051,0.2045656
0,41052,0.2043347
0,41053,0.2041041
0,41054,0.203874
0,41055,0.2036442
0,41056,0.2034148
0,41057,0.2031858
0,41058,0.2029571
0,41059,0.2027289
0,41060,0.202501
0,41061,0.2022735
0,41062,0.2020463
0,41063,0.2018196
0,41064,0.2015932
0,41065,0.2013671
0,41066,0.2011415
0,41067,0.2009162
0,41068,0.2006913
0,41069,0.2004668
0,41070,0.2002426
0,41071,0.2000189
0,41072,0.1997955
0,41073,0.1995724
0,41074,0.1993497
0,41075,0.1991274
0,41076,0.1989055
0,41077,0.1986839
0,41078,0.1984627
0,41079,0.1982418
0,41080,0.1980213
0,41081,0.1978011
0,41082,0.1975813
0,41083,0.1973619
0,41084,0.1971428
0,41085,0.1969241
0,41086,0.1967057
0,41087,0.1964877
0,41088,0.19627
0,41089,0.1960527
0,41090,0.1958357
0,41091,0.1956191
0,41092,0.1954028
0,41093,0.1951868
0,41094,0.1949712
0,41095,0.194756
0,41096,0.1945411
0,41097,0.1943265
0,41098,0.1941123
0,41099,0.1938984
0,41100,0.1936849
0,41101,0.1934718
0,41102,0.1932589
0,41103,0.1930465
0,41104,0.1928343
0,41105,0.1926225
0,41106,0.192411
0,41107,0.1921999
0,41108,0.1919891
0,41109,0.1917786
0,41110,0.1915685
0,41111,0.1913587
0,41112,0.1911493
0,41113,0.1909401
0,41114,0.1907313
0,41115,0.1905229
0,41116,0.1903147
0,41117,0.1901069
0,41118,0.1898995
0,41119,0.1896923
0,41120,0.1894855
0,41121,0.189279
0,41122,0.1890728
0,41123,0.1888669
0,41124,0.1886614
0,41125,0.1884562
0,41126,0.1882513
0,41127,0.1880467
0,41128,0.1878425
0,41129,0.1876386
0,41130,0.187435
0,41131,0.1872317
0,41132,0.1870288
0,41133,0.1868261
0,41134,0.1866238
0,41135,0.1864218
0,41136,0.1862201
0,41137,0.1860188
0,41138,0.1858177
0,41139,0.185617
0,41140,0.1854165
0,41141,0.1852164
0,41142,0.1850166
0,41143,0.1848172
0,41144,0.184618
0,41145,0.1844191
0,41146,0.1842206
0,41147,0.1840223
0,41148,0.1838244
0,41149,0.1836268
0,41150,0.1834294
0,41151,0.1832324
0,41152,0.1830357
0,41153,0.1828393
0,41154,0.1826432
0,41155,0.1824474
0,41156,0.1822519
0,41157,0.1820567
0,41158,0.1818619
0,41159,0.1816673
0,41160,0.181473
0,41161,0.181279
0,41162,0.1810853
0,41163,0.180892
0,41164,0.1806989
0,41165,0.1805061
0,41166,0.1803136
0,41167,0.1801215
0,41168,0.1799296
0,41169,0.179738
0,41170,0.1795467
0,41171,0.1793557
0,41172,0.179165
0,41173,0.1789746
0,41174,0.1787844
0,41175,0.1785946
0,41176,0.1784051
0,41177,0.1782159
0,41178,0.1780269
0,41179,0.1778383
0,41180,0.1776499
0,41181,0.1774618
0,41182,0.177274
0,41183,0.1770865
0,41184,0.1768993
0,41185,0.1767124
0,41186,0.1765258
0,41187,0.1763394
0,41188,0.1761533
0,41189,0.1759676
0,41190,0.1757821
0,41191,0.1755969
0,41192,0.1754119
0,41193,0.1752273
0,41194,0.1750429
0,41195,0.1748589
0,41196,0.174675
0,41197,0.1744915
0,41198,0.1743083
0,41199,0.1741253
0,41200,0.1739427
0,41201,0.1737603
0,41202,0.1735781
0,41203,0.1733963
0,41204,0.1732147
0,41205,0.1730334
0,41206,0.1728524
0,41207,0.1726717
0,41208,0.1724912
0,41209,0.172311
0,41210,0.1721311
0,41211,0.1719515
0,41212,0.1717721
0,41213,0.171593
0,41214,0.1714142
0,41215,0.1712356
0,41216,0.1710573
0,41217,0.1708793
0,41218,0.1707016
0,41219,0.1705241
0,41220,0.1703469
0,41221,0.1701699
0,41222,0.1699933
0,41223,0.1698169
0,41224,0.1696407
0,41225,0.1694648
0,41226,0.1692892
0,41227,0.1691139
0,41228,0.1689388
0,41229,0.168764
0,41230,0.1685895
0,41231,0.1684152
0,41232,0.1682411
0,41233,0.1680674
0,41234,0.1678939
0,41235,0.1677206
0,41236,0.1675477
0,41237,0.1673749
0,41238,0.1672025
0,41239,0.1670303
0,41240,0.1668583
0,41241,0.1666867
0,41242,0.1665152
0,41243,0.166344
0,41244,0.1661731
0,41245,0.1660025
0,41246,0.1658321
0,41247,0.1656619
0,41248,0.165492
0,41249,0.1653224
0,41250,0.165153
0,41251,0.1649838
0,41252,0.1648149
0,41253,0.1646463
0,41254,0.1644779
0,41255,0.1643098
0,41256,0.1641419
0,41257,0.1639743
0,41258,0.1638069
0,41259,0.1636398
0,41260,0.1634729
0,41261,0.1633063
0,41262,0.1631399
0,41263,0.1629738
0,41264,0.1628079
0,41265,0.1626422
0,41266,0.1624769
0,41267,0.1623117
0,41268,0.1621468
0,41269,0.1619821
0,41270,0.1618177
0,41271,0.1616535
0,41272,0.1614896
0,41273,0.1613259
0,41274,0.1611625
0,41275,0.1609993
0,41276,0.1608363
0,41277,0.1606736
0,41278,0.1605111
0,41279,0.1603488
0,41280,0.1601868
0,41281,0.1600251
0,41282,0.1598635
0,41283,0.1597023
0,41284,0.1595412
0,41285,0.1593804
0,41286,0.1592198
0,41287,0.1590595
0,41288,0.1588994
0,41289,0.1587395
0,41290,0.1585799
0,41291,0.1584205
0,41292,0.1582613
0,41293,0.1581024
0,41294,0.1579437
0,41295,0.1577852
0,41296,0.157627
0,41297,0.157469
0,41298,0.1573112
0,41299,0.1571537
0,41300,0.1569964
0,41301,0.1568393
0,41302,0.1566825
0,41303,0.1565259
0,41304,0.1563695
0,41305,0.1562133
0,41306,0.1560574
0,41307,0.1559017
0,41308,0.1557463
0,41309,0.155591
0,41310,0.155436
0,41311,0.1552812
0,41312,0.1551266
0,41313,0.1549723
0,41314,0.1548182
0,41315,0.1546643
0,41316,0.1545106
0,41317,0.1543572
0,41318,0.154204
0,41319,0.154051
0,41320,0.1538982
0,41321,0.1537457
0,41322,0.1535933
0,41323,0.1534412
0,41324,0.1532893
0,41325,0.1531377
0,41326,0.1529862
0,41327,0.152835
0,41328,0.152684
0,41329,0.1525332
0,41330,0.1523826
0,41331,0.1522322
0,41332,0.1520821
0,41333,0.1519322
0,41334,0.1517825
0,41335,0.151633
0,41336,0.1514837
0,41337,0.1513347
0,41338,0.1511859
0,41339,0.1510372
0,41340,0.1508888
0,41341,0.1507406
0,41342,0.1505927
0,41343,0.1504449
0,41344,0.1502973
0,41345,0.15015
0,41346,0.1500029
0,41347,0.149856
0,41348,0.1497093
0,41349,0.1495628
0,41350,0.1494165
0,41351,0.1492704
0,41352,0.1491246
0,41353,0.1489789
0,41354,0.1488335
0,41355,0.1486882
0,41356,0.1485432
0,41357,0.1483984
0,41358,0.1482538
0,41359,0.1481094
0,41360,0.1479652
0,41361,0.1478212
0,41362,0.1476775
0,41363,0.1475339
0,41364,0.1473905
0,41365,0.1472473
0,41366,0.1471044
0,41367,0.1469616
0,41368,0.1468191
0,41369,0.1466767
0,41370,0.1465346
0,41371,0.1463926
0,41372,0.1462509
0,41373,0.1461094
0,41374,0.145968
0,41375,0.1458269
0,41376,0.145686
0,41377,0.1455452
0,41378,0.1454047
0,41379,0.1452644
0,41380,0.1451242
0,41381,0.1449843
0,41382,0.1448446
0,41383,0.144705
0,41384,0.1445657
0,41385,0.1444265
0,41386,0.1442876
0,41387,0.1441489
0,41388,0.1440103
0,41389,0.143872
0,41390,0.1437338
0,41391,0.1435958
0,41392,0.1434581
0,41393,0.1433205
0,41394,0.1431831
0,41395,0.143046
0,41396,0.142909
0,41397,0.1427722
0,41398,0.1426356
0,41399,0.1424992
0,41400,0.142363
0,41401,0.142227
0,41402,0.1420912
0,41403,0.1419555
0,41404,0.1418201
0,41405,0.1416848
0,41406,0.1415498
0,41407,0.1414149
0,41408,0.1412802
0,41409,0.1411457
0,41410,0.1410114
0,41411,0.1408773
0,41412,0.1407434
0,41413,0.1406096
0,41414,0.1404761
0,41415,0.1403427
0,41416,0.1402095
0,41417,0.1400765
0,41418,0.1399437
0,41419,0.1398111
0,41420,0.1396787
0,41421,0.1395464
0,41422,0.1394144
0,41423,0.1392825
0,41424,0.1391508
0,41425,0.1390193
0,41426,0.138888
0,41427,0.1387568
0,41428,0.1386259
0,41429,0.1384951
0,41430,0.1383645
0,41431,0.1382341
0,41432,0.1381039
0,41433,0.1379738
0,41434,0.137844
0,41435,0.1377143
0,41436,0.1375848
0,41437,0.1374554
0,41438,0.1373263
0,41439,0.1371973
0,41440,0.1370686
0,41441,0.13694
0,41442,0.1368115
0,41443,0.1366833
0,41444,0.1365552
0,41445,0.1364273
0,41446,0.1362996
0,41447,0.1361721
0,41448,0.1360447
0,41449,0.1359175
0,41450,0.1357905
0,41451,0.1356637
0,41452,0.135537
0,41453,0.1354105
0,41454,0.1352842
0,41455,0.1351581
0,41456,0.1350321
0,41457,0.1349064
0,41458,0.1347807
0,41459,0.1346553
0,41460,0.1345301
0,41461,0.134405
0,41462,0.13428
0,41463,0.1341553
0,41464,0.1340307
0,41465,0.1339063
0,41466,0.1337821
0,41467,0.133658
0,41468,0.1335341
0,41469,0.1334104
0,41470,0.1332868
0,41471,0.1331635
0,41472,0.1330402
0,41473,0.1329172
0,41474,0.1327943
0,41475,0.1326716
0,41476,0.1325491
0,41477,0.1324267
0,41478,0.1323045
0,41479,0.1321824
0,41480,0.1320606
0,41481,0.1319389
0,41482,0.1318173
0,41483,0.131696
0,41484,0.1315747
0,41485,0.1314537
0,41486,0.1313328
0,41487,0.1312121
0,41488,0.1310916
0,41489,0.1309712
0,41490,0.130851
0,41491,0.1307309
0,41492,0.130611
0,41493,0.1304913
0,41494,0.1303717
0,41495,0.1302523
0,41496,0.1301331
0,41497,0.130014
0,41498,0.1298951
0,41499,0.1297764
0,41500,0.1296578
0,41501,0.1295393
0,41502,0.1294211
0,41503,0.1293029
0,41504,0.129185
0,41505,0.1290672
0,41506,0.1289496
0,41507,0.1288321
0,41508,0.1287148
0,41509,0.1285976
0,41510,0.1284806
0,41511,0.1283638
0,41512,0.1282471
0,41513,0.1281306
0,41514,0.1280142
0,41515,0.127898
0,41516,0.1277819
0,41517,0.127666
0,41518,0.1275503
0,41519,0.1274347
0,41520,0.1273193
0,41521,0.127204
0,41522,0.1270889
0,41523,0.1269739
0,41524,0.1268591
0,41525,0.1267444
0,41526,0.1266299
0,41527,0.1265156
0,41528,0.1264014
0,41529,0.1262873
0,41530,0.1261735
0,41531,0.1260597
0,41532,0.1259461
0,41533,0.1258327
0,41534,0.1257194
0,41535,0.1256063
0,41536,0.1254933
0,41537,0.1253805
0,41538,0.1252678
0,41539,0.1251553
0,41540,0.1250429
0,41541,0.1249307
0,41542,0.1248186
0,41543,0.1247067
0,41544,0.1245949
0,41545,0.1244832
0,41546,0.1243718
0,41547,0.1242604
0,41548,0.1241492
0,41549,0.1240382
0,41550,0.1239273
0,41551,0.1238166
0,41552,0.123706
0,41553,0.1235955
0,41554,0.1234852
0,41555,0.1233751
0,41556,0.1232651
0,41557,0.1231552
0,41558,0.1230455
0,41559,0.1229359
0,41560,0.1228265
0,41561,0.1227172
0,41562,0.1226081
0,41563,0.1224991
0,41564,0.1223902
0,41565,0.1222815
0,41566,0.1221729
0,41567,0.1220645
0,41568,0.1219562
0,41569,0.1218481
0,41570,0.1217401
0,41571,0.1216323
0,41572,0.1215246
0,41573,0.121417
0,41574,0.1213096
0,41575,0.1212023
0,41576,0.1210951
0,41577,0.1209881
0,41578,0.1208813
0,41579,0.1207746
0,41580,0.120668
0,41581,0.1205615
0,41582,0.1204552
0,41583,0.1203491
0,41584,0.120243
0,41585,0.1201372
0,41586,0.1200314
0,41587,0.1199258
0,41588,0.1198203
0,41589,0.119715
0,41590,0.1196098
0,41591,0.1195047
0,41592,0.1193998
0,41593,0.1192951
0,41594,0.1191904
0,41595,0.1190859
0,41596,0.1189815
0,41597,0.1188773
0,41598,0.1187732
0,41599,0.1186692
0,41600,0.1185654
0,41601,0.1184617
0,41602,0.1183581
0,41603,0.1182547
0,41604,0.1181514
0,41605,0.1180483
0,41606,0.1179453
0,41607,0.1178424
0,41608,0.1177396
0,41609,0.117637
0,41610,0.1175345
0,41611,0.1174321
0,41612,0.1173299
0,41613,0.1172278
0,41614,0.1171259
0,41615,0.1170241
0,41616,0.1169224
0,41617,0.1168208
0,41618,0.1167194
0,41619,0.1166181
0,41620,0.1165169
0,41621,0.1164159
0,41622,0.116315
0,41623,0.1162142
0,41624,0.1161135
0,41625,0.116013
0,41626,0.1159126
0,41627,0.1158123
0,41628,0.1157122
0,41629,0.1156122
0,41630,0.1155123
0,41631,0.1154126
0,41632,0.115313
0,41633,0.1152135
0,41634,0.1151141
0,41635,0.1150149
0,41636,0.1149158
0,41637,0.1148168
0,41638,0.1147179
0,41639,0.1146192
0,41640,0.1145206
0,41641,0.1144221
0,41642,0.1143238
0,41643,0.1142255
0,41644,0.1141274
0,41645,0.1140295
0,41646,0.1139316
0,41647,0.1138339
0,41648,0.1137363
0,41649,0.1136388
0,41650,0.1135414
0,41651,0.1134442
0,41652,0.1133471
0,41653,0.1132501
0,41654,0.1131533
0,41655,0.1130565
0,41656,0.1129599
0,41657,0.1128634
0,41658,0.1127671
0,41659,0.1126708
0,41660,0.1125747
0,41661,0.1124787
0,41662,0.1123828
0,41663,0.1122871
0,41664,0.1121915
0,41665,0.1120959
0,41666,0.1120005
0,41667,0.1119053
0,41668,0.1118101
0,41669,0.1117151
0,41670,0.1116202
0,41671,0.1115254
0,41672,0.1114307
0,41673,0.1113362
0,41674,0.1112417
0,41675,0.1111474
0,41676,0.1110532
0,41677,0.1109592
0,41678,0.1108652
0,41679,0.1107714
0,41680,0.1106777
0,41681,0.1105841
0,41682,0.1104906
0,41683,0.1103972
0,41684,0.1103039
0,41685,0.1102108
0,41686,0.1101178
0,41687,0.1100249
0,41688,0.1099321
0,41689,0.1098394
0,41690,0.1097469
0,41691,0.1096544
0,41692,0.1095621
0,41693,0.1094699
0,41694,0.1093778
0,41695,0.1092858
0,41696,0.109194
0,41697,0.1091022
0,41698,0.1090106
0,41699,0.1089191
0,41700,0.1088277
0,41701,0.1087364
0,41702,0.1086452
0,41703,0.1085541
0,41704,0.1084632
0,41705,0.1083724
0,41706,0.1082816
0,41707,0.108191
0,41708,0.1081005
0,41709,0.1080101
0,41710,0.1079199
0,41711,0.1078297
0,41712,0.1077397
0,41713,0.1076497
0,41714,0.1075599
0,41715,0.1074702
0,41716,0.1073806
0,41717,0.1072911
0,41718,0.1072017
0,41719,0.1071124
0,41720,0.1070233
0,41721,0.1069342
0,41722,0.1068453
0,41723,0.1067564
0,41724,0.1066677
0,41725,0.1065791
0,41726,0.1064906
0,41727,0.1064022
0,41728,0.1063139
0,41729,0.1062257
0,41730,0.1061377
0,41731,0.1060497
0,41732,0.1059619
0,41733,0.1058741
0,41734,0.1057865
0,41735,0.105699
0,41736,0.1056115
0,41737,0.1055242
0,41738,0.105437
0,41739,0.1053499
0,41740,0.1052629
0,41741,0.105176
0,41742,0.1050892
0,41743,0.1050026
0,41744,0.104916
0,41745,0.1048295
0,41746,0.1047432
0,41747,0.1046569
0,41748,0.1045708
0,41749,0.1044847
0,41750,0.1043988
0,41751,0.104313
0,41752,0.1042272
0,41753,0.1041416
0,41754,0.1040561
0,41755,0.1039707
0,41756,0.1038854
0,41757,0.1038001
0,41758,0.103715
0,41759,0.10363
0,41760,0.1035451
0,41761,0.1034613
0,41762,0.103464
0,41763,0.1041137
0,41764,0.1065478
0,41765,0.1121159
0,41766,0.1220681
0,41767,0.1373907
0,41768,0.1587378
0,41769,0.1864255
0,41770,0.2204621
0,41771,0.2606051
0,41772,0.306428
0,41773,0.3573827
0,41774,0.4128552
0,41775,0.4722075
0,41776,0.5348082
0,41777,0.6000534
0,41778,0.6673791
0,41779,0.7362682
0,41780,0.8062534
0,41781,0.8769176
0,41782,0.947892
0,41783,1.018854
0,41784,1.089523
0,41785,1.159659
0,41786,1.229057
0,41787,1.297543
0,41788,1.364974
0,41789,1.431231
0,41790,1.49622
0,41791,1.559864
0,41792,1.622105
0,41793,1.682901
0,41794,1.742223
0,41795,1.800053
0,41796,1.856382
0,41797,1.911213
0,41798,1.964554
0,41799,2.016418
0,41800,2.066826
0,41801,2.115801
0,41802,2.163368
0,41803,2.209558
0,41804,2.254401
0,41805,2.297933
0,41806,2.340186
0,41807,2.381196
0,41808,2.420999
0,41809,2.459632
0,41810,2.49713
0,41811,2.53353
0,41812,2.568866
0,41813,2.603173
0,41814,2.636488
0,41815,2.668842
0,41816,2.700269
0,41817,2.7308
0,41818,2.760468
0,41819,2.789301
0,41820,2.817329
0,41821,2.84458
0,41822,2.871083
0,41823,2.896863
0,41824,2.921945
0,41825,2.946355
0,41826,2.970116
0,41827,2.99325
0,41828,3.015779
0,41829,3.037723
0,41830,3.059103
0,41831,3.07994
0,41832,3.10025
0,41833,3.12005
0,41834,3.139359
0,41835,3.158193
0,41836,3.176567
0,41837,3.194497
0,41838,3.211996
0,41839,3.229079
0,41840,3.245758
0,41841,3.262047
0,41842,3.277957
0,41843,3.293499
0,41844,3.308686
0,41845,3.323526
0,41846,3.338032
0,41847,3.352212
0,41848,3.366078
0,41849,3.379637
0,41850,3.3929
0,41851,3.405872
0,41852,3.418564
0,41853,3.430982
0,41854,3.443134
0,41855,3.455026
0,41856,3.466667
0,41857,3.478062
0,41858,3.489219
0,41859,3.500144
0,41860,3.510843
0,41861,3.521322
0,41862,3.531585
0,41863,3.541638
0,41864,3.551486
0,41865,3.561132
0,41866,3.570578
0,41867,3.579798
0,41868,3.588644
0,41869,3.596821
0,41870,3.603994
0,41871,3.609866
0,41872,3.61421
0,41873,3.61686
0,41874,3.617713
0,41875,3.61671
0,41876,3.613841
0,41877,3.609105
0,41878,3.602537
0,41879,3.594172
0,41880,3.584051
0,41881,3.572227
0,41882,3.558747
0,41883,3.543667
0,41884,3.52704
0,41885,3.508923
0,41886,3.48937
0,41887,3.468433
0,41888,3.446168
0,41889,3.422625
0,41890,3.39785
0,41891,3.371897
0,41892,3.344806
0,41893,3.31662
0,41894,3.287382
0,41895,3.257128
0,41896,3.225897
0,41897,3.193723
0,41898,3.16064
0,41899,3.126681
0,41900,3.091876
0,41901,3.056256
0,41902,3.019848
0,41903,2.982681
0,41904,2.94478
0,41905,2.90617
0,41906,2.866876
0,41907,2.826919
0,41908,2.786322
0,41909,2.745105
0,41910,2.70329
0,41911,2.660894
0,41912,2.617936
0,41913,2.574433
0,41914,2.530404
0,41915,2.485863
0,41916,2.440827
0,41917,2.395311
0,41918,2.34933
0,41919,2.302902
0,41920,2.256127
0,41921,2.209279
0,41922,2.162737
0,41923,2.116864
0,41924,2.071956
0,41925,2.028224
0,41926,1.985808
0,41927,1.944789
0,41928,1.905199
0,41929,1.867043
0,41930,1.830299
0,41931,1.79493
0,41932,1.760888
0,41933,1.728119
0,41934,1.696566
0,41935,1.666171
0,41936,1.636875
0,41937,1.608622
0,41938,1.581355
0,41939,1.555023
0,41940,1.529574
0,41941,1.504961
0,41942,1.48114
0,41943,1.458068
0,41944,1.435705
0,41945,1.414016
0,41946,1.392964
0,41947,1.372519
0,41948,1.35265
0,41949,1.333328
0,41950,1.314526
0,41951,1.296218
0,41952,1.278376
0,41953,1.260976
0,41954,1.243996
0,41955,1.227417
0,41956,1.211221
0,41957,1.195392
0,41958,1.179915
0,41959,1.164777
0,41960,1.149965
0,41961,1.135469
0,41962,1.121276
0,41963,1.107378
0,41964,1.093764
0,41965,1.080426
0,41966,1.067356
0,41967,1.054545
0,41968,1.041987
0,41969,1.029674
0,41970,1.0176
0,41971,1.005758
0,41972,0.9941416
0,41973,0.9827458
0,41974,0.9715646
0,41975,0.9605925
0,41976,0.9498244
0,41977,0.9392553
0,41978,0.9288805
0,41979,0.9186954
0,41980,0.9086956
0,41981,0.8988769
0,41982,0.8892352
0,41983,0.8797665
0,41984,0.8704668
0,41985,0.8613327
0,41986,0.8523602
0,41987,0.8435462
0,41988,0.834887
0,41989,0.8263795
0,41990,0.8180204
0,41991,0.8098068
0,41992,0.8017354
0,41993,0.7938035
0,41994,0.7860082
0,41995,0.7783468
0,41996,0.7708164
0,41997,0.7634146
0,41998,0.7561387
0,41999,0.7489862
0,42000,0.7419548
0,42001,0.735042
0,42002,0.7282455
0,42003,0.7215631
0,42004,0.7149925
0,42005,0.7085317
0,42006,0.7021785
0,42007,0.6959308
0,42008,0.6897867
0,42009,0.6837443
0,42010,0.6778015
0,42011,0.6719565
0,42012,0.6662074
0,42013,0.6605526
0,42014,0.6549903
0,42015,0.6495185
0,42016,0.644136
0,42017,0.6388407
0,42018,0.6336313
0,42019,0.6285061
0,42020,0.6234635
0,42021,0.6185021
0,42022,0.6136205
0,42023,0.608817
0,42024,0.6040904
0,42025,0.5994392
0,42026,0.5948621
0,42027,0.5903577
0,42028,0.5859248
0,42029,0.581562
0,42030,0.5772681
0,42031,0.5730418
0,42032,0.568882
0,42033,0.5647874
0,42034,0.560757
0,42035,0.5567895
0,42036,0.5528839
0,42037,0.549039
0,42038,0.5452538
0,42039,0.5415272
0,42040,0.5378582
0,42041,0.5342458
0,42042,0.5306889
0,42043,0.5271866
0,42044,0.523738
0,42045,0.5203421
0,42046,0.5169979
0,42047,0.5137047
0,42048,0.5104614
0,42049,0.5072672
0,42050,0.5041212
0,42051,0.5010228
0,42052,0.4979708
0,42053,0.4949646
0,42054,0.4920034
0,42055,0.4890864
0,42056,0.4862128
0,42057,0.483382
0,42058,0.480593
0,42059,0.4778453
0,42060,0.475138
0,42061,0.4724706
0,42062,0.4698422
0,42063,0.4672523
0,42064,0.4647002
0,42065,0.4621852
0,42066,0.4597067
0,42067,0.457264
0,42068,0.4548566
0,42069,0.4524838
0,42070,0.4501451
0,42071,0.4478398
0,42072,0.4455674
0,42073,0.4433273
0,42074,0.441119
0,42075,0.4389419
0,42076,0.4367955
0,42077,0.4346792
0,42078,0.4325926
0,42079,0.4305352
0,42080,0.4285063
0,42081,0.4265057
0,42082,0.4245327
0,42083,0.4225869
0,42084,0.4206679
0,42085,0.4187751
0,42086,0.4169082
0,42087,0.4150667
0,42088,0.4132502
0,42089,0.4114582
0,42090,0.4096904
0,42091,0.4079462
0,42092,0.4062254
0,42093,0.4045275
0,42094,0.4028521
0,42095,0.401199
0,42096,0.3995675
0,42097,0.3979575
0,42098,0.3963686
0,42099,0.3948003
0,42100,0.3932524
0,42101,0.3917245
0,42102,0.3902163
0,42103,0.3887274
0,42104,0.3872575
0,42105,0.3858064
0,42106,0.3843735
0,42107,0.3829588
0,42108,0.3815618
0,42109,0.3801824
0,42110,0.37882
0,42111,0.3774746
0,42112,0.3761458
0,42113,0.3748333
0,42114,0.3735369
0,42115,0.3722562
0,42116,0.3709911
0,42117,0.3697413
0,42118,0.3685064
0,42119,0.3672864
0,42120,0.3660808
0,42121,0.3648895
0,42122,0.3637123
0,42123,0.3625489
0,42124,0.361399
0,42125,0.3602625
0,42126,0.3591391
0,42127,0.3580287
0,42128,0.3569309
0,42129,0.3558457
0,42130,0.3547727
0,42131,0.3537118
0,42132,0.3526628
0,42133,0.3516255
0,42134,0.3505996
0,42135,0.3495851
0,42136,0.3485817
0,42137,0.3475893
0,42138,0.3466076
0,42139,0.3456365
0,42140,0.3446758
0,42141,0.3437253
0,42142,0.3427849
0,42143,0.3418545
0,42144,0.3409337
0,42145,0.3400226
0,42146,0.3391209
0,42147,0.3382284
0,42148,0.3373452
0,42149,0.3364708
0,42150,0.3356054
0,42151,0.3347486
0,42152,0.3339003
0,42153,0.3330605
0,42154,0.332229
0,42155,0.3314056
0,42156,0.3305902
0,42157,0.3297827
0,42158,0.328983
0,42159,0.3281909
0,42160,0.3274063
0,42161,0.3266292
0,42162,0.3258592
0,42163,0.3250965
0,42164,0.3243408
0,42165,0.323592
0,42166,0.3228501
0,42167,0.3221149
0,42168,0.3213862
0,42169,0.3206641
0,42170,0.3199484
0,42171,0.319239
0,42172,0.3185358
0,42173,0.3178387
0,42174,0.3171476
0,42175,0.3164624
0,42176,0.3157831
0,42177,0.3151094
0,42178,0.3144414
0,42179,0.313779
0,42180,0.3131221
0,42181,0.3124705
0,42182,0.3118242
0,42183,0.3111832
0,42184,0.3105472
0,42185,0.3099163
0,42186,0.3092905
0,42187,0.3086695
0,42188,0.3080533
0,42189,0.3074419
0,42190,0.3068352
0,42191,0.3062331
0,42192,0.3056356
0,42193,0.3050425
0,42194,0.3044538
0,42195,0.3038694
0,42196,0.3032894
0,42197,0.3027135
0,42198,0.3021418
0,42199,0.3015741
0,42200,0.3010105
0,42201,0.3004508
0,42202,0.299895
0,42203,0.2993431
0,42204,0.298795
0,42205,0.2982506
0,42206,0.2977099
0,42207,0.2971728
0,42208,0.2966392
0,42209,0.2961092
0,42210,0.2955827
0,42211,0.2950595
0,42212,0.2945397
0,42213,0.2940233
0,42214,0.2935101
0,42215,0.2930001
0,42216,0.2924933
0,42217,0.2919897
0,42218,0.2914891
0,42219,0.2909915
0,42220,0.2904969
0,42221,0.2900054
0,42222,0.2895167
0,42223,0.2890308
0,42224,0.2885479
0,42225,0.2880677
0,42226,0.2875902
0,42227,0.2871155
0,42228,0.2866434
0,42229,0.286174
0,42230,0.2857072
0,42231,0.2852429
0,42232,0.2847812
0,42233,0.284322
0,42234,0.2838652
0,42235,0.2834108
0,42236,0.2829589
0,42237,0.2825093
0,42238,0.2820621
0,42239,0.2816171
0,42240,0.2811744
0,42241,0.280734
0,42242,0.2802957
0,42243,0.2798597
0,42244,0.2794257
0,42245,0.2789939
0,42246,0.2785642
0,42247,0.2781366
0,42248,0.277711
0,42249,0.2772875
0,42250,0.2768658
0,42251,0.2764462
0,42252,0.2760285
0,42253,0.2756127
0,42254,0.2751988
0,42255,0.2747868
0,42256,0.2743766
0,42257,0.2739682
0,42258,0.2735616
0,42259,0.2731568
0,42260,0.2727537
0,42261,0.2723524
0,42262,0.2719528
0,42263,0.2715549
0,42264,0.2711586
0,42265,0.2707639
0,42266,0.2703709
0,42267,0.2699795
0,42268,0.2695897
0,42269,0.2692015
0,42270,0.2688147
0,42271,0.2684296
0,42272,0.2680459
0,42273,0.2676638
0,42274,0.2672831
0,42275,0.2669038
0,42276,0.2665261
0,42277,0.2661497
0,42278,0.2657748
0,42279,0.2654012
0,42280,0.2650291
0,42281,0.2646583
0,42282,0.2642888
0,42283,0.2639207
0,42284,0.2635539
0,42285,0.2631884
0,42286,0.2628242
0,42287,0.2624613
0,42288,0.2620996
0,42289,0.2617392
0,42290,0.26138
0,42291,0.261022
0,42292,0.2606653
0,42293,0.2603097
0,42294,0.2599554
0,42295,0.2596022
0,42296,0.2592502
0,42297,0.2588993
0,42298,0.2585495
0,42299,0.2582009
0,42300,0.2578534
0,42301,0.257507
0,42302,0.2571617
0,42303,0.2568174
0,42304,0.2564743
0,42305,0.2561321
0,42306,0.255791
0,42307,0.255451
0,42308,0.255112
0,42309,0.254774
0,42310,0.254437
0,42311,0.254101
0,42312,0.253766
0,42313,0.253432
0,42314,0.2530989
0,42315,0.2527668
0,42316,0.2524357
0,42317,0.2521055
0,42318,0.2517762
0,42319,0.2514479
0,42320,0.2511204
0,42321,0.2507939
0,42322,0.2504683
0,42323,0.2501436
0,42324,0.2498198
0,42325,0.2494968
0,42326,0.2491747
0,42327,0.2488535
0,42328,0.2485332
0,42329,0.2482136
0,42330,0.247895
0,42331,0.2475772
0,42332,0.2472602
0,42333,0.246944
0,42334,0.2466286
0,42335,0.2463141
0,42336,0.2460003
0,42337,0.2456874
0,42338,0.2453752
0,42339,0.2450639
0,42340,0.2447533
0,42341,0.2444434
0,42342,0.2441344
0,42343,0.2438261
0,42344,0.2435185
0,42345,0.2432118
0,42346,0.2429057
0,42347,0.2426004
0,42348,0.2422958
0,42349,0.241992
0,42350,0.2416889
0,42351,0.2413865
0,42352,0.2410848
0,42353,0.2407838
0,42354,0.2404836
0,42355,0.240184
0,42356,0.2398851
0,42357,0.2395869
0,42358,0.2392894
0,42359,0.2389925
0,42360,0.2386964
0,42361,0.2384009
0,42362,0.2381061
0,42363,0.2378119
0,42364,0.2375184
0,42365,0.2372256
0,42366,0.2369334
0,42367,0.2366419
0,42368,0.236351
0,42369,0.2360607
0,42370,0.2357711
0,42371,0.2354821
0,42372,0.2351937
0,42373,0.2349059
0,42374,0.2346188
0,42375,0.2343322
0,42376,0.2340463
0,42377,0.233761
0,42378,0.2334762
0,42379,0.2331921
0,42380,0.2329086
0,42381,0.2326257
0,42382,0.2323434
0,42383,0.2320617
0,42384,0.2317805
0,42385,0.2314999
0,42386,0.2312199
0,42387,0.2309405
0,42388,0.2306617
0,42389,0.2303834
0,42390,0.2301057
0,42391,0.2298285
0,42392,0.2295519
0,42393,0.2292759
0,42394,0.2290004
0,42395,0.2287254
0,42396,0.228451
0,42397,0.2281771
0,42398,0.2279038
0,42399,0.227631
0,42400,0.2273588
0,42401,0.2270871
0,42402,0.2268159
0,42403,0.2265452
0,42404,0.2262751
0,42405,0.2260055
0,42406,0.2257365
0,42407,0.2254679
0,42408,0.2251999
0,42409,0.2249323
0,42410,0.2246653
0,42411,0.2243988
0,42412,0.2241328
0,42413,0.2238673
0,42414,0.2236023
0,42415,0.2233378
0,42416,0.2230738
0,42417,0.2228103
0,42418,0.2225473
0,42419,0.2222847
0,42420,0.2220227
0,42421,0.2217612
0,42422,0.2215001
0,42423,0.2212396
0,42424,0.2209795
0,42425,0.2207199
0,42426,0.2204607
0,42427,0.2202021
0,42428,0.2199439
0,42429,0.2196862
0,42430,0.219429
0,42431,0.2191722
0,42432,0.2189159
0,42433,0.21866
0,42434,0.2184047
0,42435,0.2181498
0,42436,0.2178953
0,42437,0.2176413
0,42438,0.2173878
0,42439,0.2171347
0,42440,0.2168821
0,42441,0.2166299
0,42442,0.2163782
0,42443,0.2161269
0,42444,0.215876
0,42445,0.2156257
0,42446,0.2153757
0,42447,0.2151262
0,42448,0.2148772
0,42449,0.2146285
0,42450,0.2143804
0,42451,0.2141326
0,42452,0.2138853
0,42453,0.2136385
0,42454,0.213392
0,42455,0.213146
0,42456,0.2129004
0,42457,0.2126553
0,42458,0.2124106
0,42459,0.2121663
0,42460,0.2119224
0,42461,0.211679
0,42462,0.2114359
0,42463,0.2111933
0,42464,0.2109511
0,42465,0.2107093
0,42466,0.210468
0,42467,0.2102271
0,42468,0.2099865
0,42469,0.2097464
0,42470,0.2095067
0,42471,0.2092674
0,42472,0.2090285
0,42473,0.2087901
0,42474,0.208552
0,42475,0.2083143
0,42476,0.2080771
0,42477,0.2078402
0,42478,0.2076038
0,42479,0.2073677
0,42480,0.2071321
0,42481,0.2068968
0,42482,0.206662
0,42483,0.2064275
0,42484,0.2061935
0,42485,0.2059598
0,42486,0.2057265
0,42487,0.2054937
0,42488,0.2052612
0,42489,0.2050291
0,42490,0.2047974
0,42491,0.204566
0,42492,0.2043351
0,42493,0.2041046
0,42494,0.2038744
0,42495,0.2036446
0,42496,0.2034152
0,42497,0.2031862
0,42498,0.2029576
0,42499,0.2027293
0,42500,0.2025014
0,42501,0.2022739
0,42502,0.2020468
0,42503,0.20182
0,42504,0.2015936
0,42505,0.2013676
0,42506,0.2011419
0,42507,0.2009166
0,42508,0.2006917
0,42509,0.2004672
0,42510,0.2002431
0,42511,0.2000193
0,42512,0.1997959
0,42513,0.1995728
0,42514,0.1993501
0,42515,0.1991278
0,42516,0.1989059
0,42517,0.1986843
0,42518,0.1984631
0,42519,0.1982422
0,42520,0.1980217
0,42521,0.1978015
0,42522,0.1975818
0,42523,0.1973623
0,42524,0.1971432
0,42525,0.1969245
0,42526,0.1967061
0,42527,0.1964881
0,42528,0.1962704
0,42529,0.1960531
0,42530,0.1958361
0,42531,0.1956195
0,42532,0.1954032
0,42533,0.1951873
0,42534,0.1949717
0,42535,0.1947564
0,42536,0.1945415
0,42537,0.1943269
0,42538,0.1941127
0,42539,0.1938988
0,42540,0.1936853
0,42541,0.1934722
0,42542,0.1932593
0,42543,0.1930469
0,42544,0.1928347
0,42545,0.1926229
0,42546,0.1924115
0,42547,0.1922003
0,42548,0.1919895
0,42549,0.1917791
0,42550,0.1915689
0,42551,0.1913591
0,42552,0.1911497
0,42553,0.1909406
0,42554,0.1907318
0,42555,0.1905233
0,42556,0.1903152
0,42557,0.1901074
0,42558,0.1898999
0,42559,0.1896927
0,42560,0.1894859
0,42561,0.1892794
0,42562,0.1890732
0,42563,0.1888674
0,42564,0.1886618
0,42565,0.1884566
0,42566,0.1882517
0,42567,0.1880472
0,42568,0.1878429
0,42569,0.187639
0,42570,0.1874354
0,42571,0.1872321
0,42572,0.1870292
0,42573,0.1868265
0,42574,0.1866242
0,42575,0.1864222
0,42576,0.1862205
0,42577,0.1860192
0,42578,0.1858181
0,42579,0.1856174
0,42580,0.185417
0,42581,0.1852168
0,42582,0.185017
0,42583,0.1848176
0,42584,0.1846184
0,42585,0.1844195
0,42586,0.184221
0,42587,0.1840227
0,42588,0.1838248
0,42589,0.1836272
0,42590,0.1834299
0,42591,0.1832328
0,42592,0.1830361
0,42593,0.1828397
0,42594,0.1826436
0,42595,0.1824478
0,42596,0.1822523
0,42597,0.1820572
0,42598,0.1818623
0,42599,0.1816677
0,42600,0.1814734
0,42601,0.1812795
0,42602,0.1810858
0,42603,0.1808924
0,42604,0.1806993
0,42605,0.1805065
0,42606,0.180314
0,42607,0.1801219
0,42608,0.17993
0,42609,0.1797384
0,42610,0.1795471
0,42611,0.1793561
0,42612,0.1791654
0,42613,0.178975
0,42614,0.1787849
0,42615,0.1785951
0,42616,0.1784055
0,42617,0.1782163
0,42618,0.1780273
0,42619,0.1778387
0,42620,0.1776503
0,42621,0.1774622
0,42622,0.1772744
0,42623,0.1770869
0,42624,0.1768997
0,42625,0.1767128
0,42626,0.1765262
0,42627,0.1763398
0,42628,0.1761538
0,42629,0.175968
0,42630,0.1757825
0,42631,0.1755973
0,42632,0.1754124
0,42633,0.1752277
0,42634,0.1750433
0,42635,0.1748593
0,42636,0.1746755
0,42637,0.1744919
0,42638,0.1743087
0,42639,0.1741257
0,42640,0.1739431
0,42641,0.1737607
0,42642,0.1735785
0,42643,0.1733967
0,42644,0.1732151
0,42645,0.1730338
0,42646,0.1728528
0,42647,0.1726721
0,42648,0.1724916
0,42649,0.1723114
0,42650,0.1721315
0,42651,0.1719519
0,42652,0.1717725
0,42653,0.1715934
0,42654,0.1714146
0,42655,0.171236
0,42656,0.1710577
0,42657,0.1708797
0,42658,0.170702
0,42659,0.1705245
0,42660,0.1703473
0,42661,0.1701703
0,42662,0.1699937
0,42663,0.1698173
0,42664,0.1696411
0,42665,0.1694653
0,42666,0.1692896
0,42667,0.1691143
0,42668,0.1689392
0,42669,0.1687644
0,42670,0.1685899
0,42671,0.1684156
0,42672,0.1682416
0,42673,0.1680678
0,42674,0.1678943
0,42675,0.1677211
0,42676,0.1675481
0,42677,0.1673754
0,42678,0.1672029
0,42679,0.1670307
0,42680,0.1668587
0,42681,0.1666871
0,42682,0.1665156
0,42683,0.1663445
0,42684,0.1661735
0,42685,0.1660029
0,42686,0.1658325
0,42687,0.1656623
0,42688,0.1654924
0,42689,0.1653228
0,42690,0.1651534
0,42691,0.1649843
0,42692,0.1648154
0,42693,0.1646467
0,42694,0.1644784
0,42695,0.1643102
0,42696,0.1641424
0,42697,0.1639747
0,42698,0.1638073
0,42699,0.1636402
0,42700,0.1634733
0,42701,0.1633067
0,42702,0.1631403
0,42703,0.1629742
0,42704,0.1628083
0,42705,0.1626427
0,42706,0.1624773
0,42707,0.1623121
0,42708,0.1621472
0,42709,0.1619825
0,42710,0.1618181
0,42711,0.161654
0,42712,0.16149
0,42713,0.1613263
0,42714,0.1611629
0,42715,0.1609997
0,42716,0.1608367
0,42717,0.160674
0,42718,0.1605115
0,42719,0.1603493
0,42720,0.1601873
0,42721,0.1600255
0,42722,0.159864
0,42723,0.1597027
0,42724,0.1595416
0,42725,0.1593808
0,42726,0.1592202
0,42727,0.1590599
0,42728,0.1588998
0,42729,0.1587399
0,42730,0.1585803
0,42731,0.1584209
0,42732,0.1582617
0,42733,0.1581028
0,42734,0.1579441
0,42735,0.1577857
0,42736,0.1576274
0,42737,0.1574694
0,42738,0.1573117
0,42739,0.1571541
0,42740,0.1569968
0,42741,0.1568398
0,42742,0.1566829
0,42743,0.1565263
0,42744,0.1563699
0,42745,0.1562138
0,42746,0.1560578
0,42747,0.1559021
0,42748,0.1557467
0,42749,0.1555914
0,42750,0.1554364
0,42751,0.1552816
0,42752,0.1551271
0,42753,0.1549727
0,42754,0.1548186
0,42755,0.1546647
0,42756,0.154511
0,42757,0.1543576
0,42758,0.1542044
0,42759,0.1540514
0,42760,0.1538986
0,42761,0.1537461
0,42762,0.1535937
0,42763,0.1534416
0,42764,0.1532897
0,42765,0.1531381
0,42766,0.1529866
0,42767,0.1528354
0,42768,0.1526844
0,42769,0.1525336
0,42770,0.152383
0,42771,0.1522327
0,42772,0.1520825
0,42773,0.1519326
0,42774,0.1517829
0,42775,0.1516334
0,42776,0.1514841
0,42777,0.1513351
0,42778,0.1511863
0,42779,0.1510376
0,42780,0.1508892
0,42781,0.150741
0,42782,0.1505931
0,42783,0.1504453
0,42784,0.1502977
0,42785,0.1501504
0,42786,0.1500033
0,42787,0.1498564
0,42788,0.1497097
0,42789,0.1495632
0,42790,0.1494169
0,42791,0.1492708
0,42792,0.149125
0,42793,0.1489793
0,42794,0.1488339
0,42795,0.1486887
0,42796,0.1485436
0,42797,0.1483988
0,42798,0.1482542
0,42799,0.1481098
0,42800,0.1479656
0,42801,0.1478216
0,42802,0.1476779
0,42803,0.1475343
0,42804,0.1473909
0,42805,0.1472478
0,42806,0.1471048
0,42807,0.146962
0,42808,0.1468195
0,42809,0.1466771
0,42810,0.146535
0,42811,0.146393
0,42812,0.1462513
0,42813,0.1461098
0,42814,0.1459684
0,42815,0.1458273
0,42816,0.1456864
0,42817,0.1455456
0,42818,0.1454051
0,42819,0.1452648
0,42820,0.1451246
0,42821,0.1449847
0,42822,0.144845
0,42823,0.1447054
0,42824,0.1445661
0,42825,0.144427
0,42826,0.144288
0,42827,0.1441493
0,42828,0.1440107
0,42829,0.1438724
0,42830,0.1437342
0,42831,0.1435963
0,42832,0.1434585
0,42833,0.1433209
0,42834,0.1431836
0,42835,0.1430464
0,42836,0.1429094
0,42837,0.1427726
0,42838,0.142636
0,42839,0.1424996
0,42840,0.1423634
0,42841,0.1422274
0,42842,0.1420916
0,42843,0.1419559
0,42844,0.1418205
0,42845,0.1416852
0,42846,0.1415502
0,42847,0.1414153
0,42848,0.1412806
0,42849,0.1411461
0,42850,0.1410118
0,42851,0.1408777
0,42852,0.1407438
0,42853,0.14061
0,42854,0.1404765
0,42855,0.1403431
0,42856,0.1402099
0,42857,0.140077
0,42858,0.1399442
0,42859,0.1398115
0,42860,0.1396791
0,42861,0.1395469
0,42862,0.1394148
0,42863,0.1392829
0,42864,0.1391512
0,42865,0.1390197
0,42866,0.1388884
0,42867,0.1387572
0,42868,0.1386263
0,42869,0.1384955
0,42870,0.1383649
0,42871,0.1382345
0,42872,0.1381043
0,42873,0.1379742
0,42874,0.1378444
0,42875,0.1377147
0,42876,0.1375852
0,42877,0.1374559
0,42878,0.1373267
0,42879,0.1371977
0,42880,0.137069
0,42881,0.1369404
0,42882,0.1368119
0,42883,0.1366837
0,42884,0.1365556
0,42885,0.1364277
0,42886,0.1363
0,42887,0.1361725
0,42888,0.1360451
0,42889,0.1359179
0,42890,0.1357909
0,42891,0.1356641
0,42892,0.1355374
0,42893,0.1354109
0,42894,0.1352846
0,42895,0.1351585
0,42896,0.1350325
0,42897,0.1349068
0,42898,0.1347812
0,42899,0.1346557
0,42900,0.1345305
0,42901,0.1344054
0,42902,0.1342804
0,42903,0.1341557
0,42904,0.1340311
0,42905,0.1339067
0,42906,0.1337825
0,42907,0.1336584
0,42908,0.1335345
0,42909,0.1334108
0,42910,0.1332872
0,42911,0.1331639
0,42912,0.1330406
0,42913,0.1329176
0,42914,0.1327947
0,42915,0.132672
0,42916,0.1325495
0,42917,0.1324271
0,42918,0.1323049
0,42919,0.1321829
0,42920,0.132061
0,42921,0.1319393
0,42922,0.1318177
0,42923,0.1316964
0,42924,0.1315752
0,42925,0.1314541
0,42926,0.1313332
0,42927,0.1312125
0,42928,0.131092
0,42929,0.1309716
0,42930,0.1308514
0,42931,0.1307313
0,42932,0.1306114
0,42933,0.1304917
0,42934,0.1303722
0,42935,0.1302527
0,42936,0.1301335
0,42937,0.1300144
0,42938,0.1298955
0,42939,0.1297768
0,42940,0.1296582
0,42941,0.1295397
0,42942,0.1294215
0,42943,0.1293034
0,42944,0.1291854
0,42945,0.1290676
0,42946,0.12895
0,42947,0.1288325
0,42948,0.1287152
0,42949,0.128598
0,42950,0.128481
0,42951,0.1283642
0,42952,0.1282475
0,42953,0.128131
0,42954,0.1280146
0,42955,0.1278984
0,42956,0.1277823
0,42957,0.1276664
0,42958,0.1275507
0,42959,0.1274351
0,42960,0.1273197
0,42961,0.1272044
0,42962,0.1270893
0,42963,0.1269743
0,42964,0.1268595
0,42965,0.1267448
0,42966,0.1266303
0,42967,0.126516
0,42968,0.1264018
0,42969,0.1262877
0,42970,0.1261739
0,42971,0.1260601
0,42972,0.1259465
0,42973,0.1258331
0,42974,0.1257198
0,42975,0.1256067
0,42976,0.1254937
0,42977,0.1253809
0,42978,0.1252682
0,42979,0.1251557
0,42980,0.1250433
0,42981,0.1249311
0,42982,0.124819
0,42983,0.1247071
0,42984,0.1245953
0,42985,0.1244836
0,42986,0.1243722
0,42987,0.1242608
0,42988,0.1241496
0,42989,0.1240386
0,42990,0.1239277
0,42991,0.123817
0,42992,0.1237064
0,42993,0.1235959
0,42994,0.1234856
0,42995,0.1233755
0,42996,0.1232655
0,42997,0.1231556
0,42998,0.1230459
0,42999,0.1229363
0,43000,0.1228269
0,43001,0.1227176
0,43002,0.1226085
0,43003,0.1224995
0,43004,0.1223906
0,43005,0.1222819
0,43006,0.1221733
0,43007,0.1220649
0,43008,0.1219566
0,43009,0.1218485
0,43010,0.1217405
0,43011,0.1216327
0,43012,0.121525
0,43013,0.1214174
0,43014,0.12131
0,43015,0.1212027
0,43016,0.1210955
0,43017,0.1209885
0,43018,0.1208817
0,43019,0.1207749
0,43020,0.1206684
0,43021,0.1205619
0,43022,0.1204556
0,43023,0.1203495
0,43024,0.1202434
0,43025,0.1201375
0,43026,0.1200318
0,43027,0.1199262
0,43028,0.1198207
0,43029,0.1197154
0,43030,0.1196102
0,43031,0.1195052
0,43032,0.1194002
0,43033,0.1192954
0,43034,0.1191908
0,43035,0.1190863
0,43036,0.1189819
0,43037,0.1188777
0,43038,0.1187736
0,43039,0.1186696
0,43040,0.1185658
0,43041,0.1184621
0,43042,0.1183585
0,43043,0.1182551
0,43044,0.1181518
0,43045,0.1180487
0,43046,0.1179456
0,43047,0.1178428
0,43048,0.11774
0,43049,0.1176374
0,43050,0.1175349
0,43051,0.1174325
0,43052,0.1173303
0,43053,0.1172282
0,43054,0.1171263
0,43055,0.1170245
0,43056,0.1169228
0,43057,0.1168212
0,43058,0.1167198
0,43059,0.1166185
0,43060,0.1165173
0,43061,0.1164163
0,43062,0.1163153
0,43063,0.1162146
0,43064,0.1161139
0,43065,0.1160134
0,43066,0.115913
0,43067,0.1158127
0,43068,0.1157126
0,43069,0.1156126
0,43070,0.1155127
0,43071,0.115413
0,43072,0.1153134
0,43073,0.1152139
0,43074,0.1151145
0,43075,0.1150153
0,43076,0.1149161
0,43077,0.1148172
0,43078,0.1147183
0,43079,0.1146196
0,43080,0.114521
0,43081,0.1144225
0,43082,0.1143241
0,43083,0.1142259
0,43084,0.1141278
0,43085,0.1140298
0,43086,0.113932
0,43087,0.1138343
0,43088,0.1137367
0,43089,0.1136392
0,43090,0.1135418
0,43091,0.1134446
0,43092,0.1133475
0,43093,0.1132505
0,43094,0.1131537
0,43095,0.1130569
0,43096,0.1129603
0,43097,0.1128638
0,43098,0.1127675
0,43099,0.1126712
0,43100,0.1125751
0,43101,0.1124791
0,43102,0.1123832
0,43103,0.1122875
0,43104,0.1121918
0,43105,0.1120963
0,43106,0.1120009
0,43107,0.1119057
0,43108,0.1118105
0,43109,0.1117155
0,43110,0.1116206
0,43111,0.1115258
0,43112,0.1114311
0,43113,0.1113366
0,43114,0.1112421
0,43115,0.1111478
0,43116,0.1110536
0,43117,0.1109596
0,43118,0.1108656
0,43119,0.1107718
0,43120,0.110678
0,43121,0.1105844
0,43122,0.110491
0,43123,0.1103976
0,43124,0.1103043
0,43125,0.1102112
0,43126,0.1101182
0,43127,0.1100253
0,43128,0.1099325
0,43129,0.1098398
0,43130,0.1097473
0,43131,0.1096548
0,43132,0.1095625
0,43133,0.1094703
0,43134,0.1093782
0,43135,0.1092862
0,43136,0.1091944
0,43137,0.1091026
0,43138,0.109011
0,43139,0.1089195
0,43140,0.1088281
0,43141,0.1087368
0,43142,0.1086456
0,43143,0.1085545
0,43144,0.1084636
0,43145,0.1083728
0,43146,0.108282
0,43147,0.1081914
0,43148,0.1081009
0,43149,0.1080105
0,43150,0.1079203
0,43151,0.1078301
0,43152,0.1077401
0,43153,0.1076501
0,43154,0.1075603
0,43155,0.1074706
0,43156,0.107381
0,43157,0.1072915
0,43158,0.1072021
0,43159,0.1071128
0,43160,0.1070237
0,43161,0.1069346
0,43162,0.1068457
0,43163,0.1067568
0,43164,0.1066681
0,43165,0.1065795
0,43166,0.106491
0,43167,0.1064026
0,43168,0.1063143
0,43169,0.1062261
0,43170,0.1061381
0,43171,0.1060501
0,43172,0.1059622
0,43173,0.1058745
0,43174,0.1057869
0,43175,0.1056993
0,43176,0.1056119
0,43177,0.1055246
0,43178,0.1054374
0,43179,0.1053503
0,43180,0.1052633
0,43181,0.1051764
0,43182,0.1050896
0,43183,0.105003
0,43184,0.1049164
0,43185,0.1048299
0,43186,0.1047436
0,43187,0.1046573
0,43188,0.1045712
0,43189,0.1044851
0,43190,0.1043992
0,43191,0.1043134
0,43192,0.1042276
0,43193,0.104142
0,43194,0.1040565
0,43195,0.1039711
0,43196,0.1038857
0,43197,0.1038005
0,43198,0.1037154
0,43199,0.1036304
0,43200,0.1035455
